1748128258524 2.386634844868735 500
1748128259000 1.3126491646778042 1000
1748128259462 0.954653937947494 1500
1748128259926 1.0143198090692125 2000
1748128260384 0.9546539379474941 2500
1748128260843 0.8750994431185363 3000
1748128261365 0.818274803954995 3500
1748128261851 0.7756563245823389 4000
1748128262346 0.7425086184036065 4500
1748128262821 0.7637231503579953 5000
1748128263293 0.7376871338685181 5500
1748128263779 0.6961018297533811 6000
1748128264363 0.7710666421883605 6500
1748128264833 0.7330378452096828 7000
1748128265308 0.7159904534606204 7500
1748128265781 0.6861575178997613 8000
1748128266718 0.6364359586316627 9000
1748128267201 0.6280618012812461 9500
1748128267675 0.6443914081145585 10000
1748128268136 0.7500852369587453 10500
1748128268634 0.7268387936645693 11000
1748128269106 0.7886271661305385 11500
1748128269574 0.7856006364359587 12000
1748128270104 0.7637231503579953 12500
1748128270626 0.9087571140077108 13000
1748128271105 0.9016176080615222 13500
1748128271579 1.0654619843163997 14000
1748128272035 1.053411241873097 14500
1748128272522 1.3126491646778045 15000
1748128272986 3.017938255446917 15500
1748128273483 4.4898568019093075 16000
1748128273970 4.418890576408476 16500
1748128274441 5.25761617296083 17000
1748128274937 5.114217524718717 17500
1748128275427 4.9787854680456105 18000
1748128275917 4.850674063084563 18500
1748128276381 4.8172340158271565 19000
1748128276836 4.712073924484424 19500
1748128277303 4.767303102625298 20000
1748128277759 4.6568484777926535 20500
1748128278224 4.5630185248323665 21000
1748128278681 4.479103069323416 21500
1748128279138 4.637665437188109 22000
1748128279604 4.630071599045345 22500
1748128280055 4.576112898204834 23000
1748128280505 4.5498400446859275 23500
1748128280957 4.6539379474940334 24000
1748128281422 4.909648823729969 24500
1748128281877 5.016706443914082 25000
1748128282333 5.044690907389208 25500
1748128282784 5.158803010831651 26000
1748128283241 5.151528797226099 26500
1748128283694 5.338990541854503 27000
1748128284152 5.610761553482317 27500
1748128284615 6.01346743948176 28000
1748128285078 6.217811832684337 28500
1748128285527 6.357501440210683 29000
1748128285981 6.532907244852556 29500
1748128286434 6.7303102625298346 30000
1748128286889 6.749090339997654 30500
1748128287340 6.644083455231351 31000
1748128287795 6.6636360192446125 31500
1748128288249 6.671390214797135 32000
1748128288707 6.774371213512024 32500
1748128289163 6.885079916106169 33000
1748128289615 7.028105296904499 33500
1748128290074 7.089709392110065 34000
1748128290526 7.1218567327314855 34500
1748128290992 7.211046709853392 35000
1748128291450 7.509496117516555 35500
1748128291905 7.8062848050914875 36000
1748128292361 8.045901853728708 36500
1748128292815 8.259691672579502 37000
1748128293296 8.531424025457438 37500
1748128293812 8.927898505212914 38000
1748128294330 9.394662616619657 38500
1748128294810 9.690349427819596 39000
1748128295272 10.180961300262833 39500
1748128295733 10.507159904534607 40000
1748128296193 10.801732520109608 40500
1748128296644 11.164794225507887 41000
1748128297097 11.573741265779107 41500
1748128297551 11.501306966700762 42000
1748128298038 11.44742383827039 42500
1748128298534 11.336515513126491 43000
1748128299003 11.241873096864456 43500
1748128299455 11.116836623996528 44000
1748128299907 10.994609959507656 44500
1748128300368 10.880403076107134 45000
1748128300825 10.784442288022241 45500
1748128301276 10.669814257549032 46000
1748128301730 10.573048990171172 46500
1748128302184 10.744934748387754 47000
1748128302637 10.963446803165434 47500
1748128303160 11.321599045346062 48000
1748128303665 11.709273429618877 48500
1748128304122 12.254639325897424 49000
1748128304585 12.444251585063041 49500
1748128305038 12.43436754176611 50000
1748128305493 12.313617996644533 50500
1748128306392 12.109275436198066 51500
1748128306846 12.008903983844318 52000
1748128307299 11.896806455279009 52500
1748128307763 11.800333228261358 53000
1748128308214 11.692280240001784 53500
1748128308665 11.590647927163438 54000
1748128309148 11.490880427404697 54500
1748128309609 11.410284226513342 55000
1748128310066 11.331140209421832 55500
1748128310520 11.23636208660075 56000
1748128310971 11.13903732021036 56500
1748128311506 11.068542477913157 57000
1748128312028 10.974369617100754 57500
1748128312497 10.881820426302358 58000
1748128312956 10.815331579054725 58500
1748128313409 10.725698798592285 59000
1748128313859 10.637572451414927 59500
1748128314362 10.558870326173428 60000
1748128314817 10.473579360539654 60500
1748128315265 10.389686607457254 61000
1748128315718 10.318800085375553 61500
1748128316171 10.237508661174838 62000
1748128316621 10.168973747016704 62500
1748128317084 10.090161760806149 63000
1748128317538 10.012590908236705 63500
1748128317983 9.951148568019093 64000
1748128318437 9.890658822223456 64500
1748128318893 9.842114925647145 65000
1748128319404 9.779737287981199 65500
1748128319905 9.729153106241412 66000
1748128320358 9.65779604141619 66500
1748128320814 9.587504007409256 67000
1748128321276 9.51825333686909 67500
1748128321732 9.450021058542749 68000
1748128322181 9.38278487187081 68500
1748128323080 9.249497776480487 69500
1748128323539 9.188544152744631 70000
1748128323999 9.125069821764079 70500
1748128324458 9.086019698141115 71000
1748128324915 9.044177779261313 71500
1748128325370 8.99297268629011 72000
1748128325830 8.952349600855896 72500
1748128326295 8.892666819236931 73000
1748128326749 8.833796048252237 73500
1748128327203 8.791846739340773 74000
1748128327660 8.734442824878665 74500
1748128328126 8.677804295942721 75000
1748128328584 8.644043686481533 75500
1748128329036 8.588745132521039 76000
1748128329492 8.534169435475064 76500
1748128329948 8.480302513715403 77000
1748128330407 8.439448764339057 77500
1748128330863 8.399118780980357 78000
1748128331333 8.356262256206012 78500
1748128331814 8.323011389384007 79000
1748128332312 8.272166434007296 79500
1748128332809 8.233890214797137 80000
1748128333294 8.184230421441171 80500
1748128333811 8.135183711953799 81000
1748128334300 8.092595575208282 81500
1748128334771 8.04470574538681 82000
1748128335232 8.003182179793159 82500
1748128335686 7.965034361790839 83000
1748128336175 7.933059894530748 83500
1748128336629 7.904307307648597 84000
1748128337088 7.864597308327802 84500
1748128337571 7.836585708268989 85000
1748128338064 7.811693115046966 85500
1748128338528 7.773214186601543 86000
1748128338982 7.729661870404348 86500
1748128339445 7.686610155542755 87000
1748128339902 7.657688373678827 87500
1748128340359 7.620958993274029 88000
1748128340824 7.598128446799616 88500
1748128341297 7.5755544233193 89000
1748128341761 7.534566205783922 89500
1748128342230 7.50729249535932 90000
1748128342682 7.4671343240285335 90500
1748128343139 7.4274174512838 91000
1748128343597 7.3881346427220675 91500
1748128344056 7.34927882120992 92000
1748128344514 7.33148422885893 92500
1748128344972 7.293350783996715 93000
1748128345452 7.2581777341008 93500
1748128345907 7.2386127050220885 94000
1748128346366 7.201575936659469 94500
1748128346819 7.169953523426705 95000
1748128347271 7.136163140861437 95500
1748128347728 7.115155131264917 96000
1748128348181 7.081998837597537 96500
1748128348641 7.046723913096966 97000
1748128349099 7.011810782693838 97500
1748128349554 6.982124592080269 98000
1748128350006 6.9478938250366475 98500
1748128350461 6.914008823316699 99000
1748128350920 6.880464374377857 99500
1748128351379 6.854415274463007 100000
1748128351834 6.821501086453175 100500
1748128352286 6.805453815071245 101000
1748128352783 6.780159187368471 101500
1748128353254 6.748093031962188 102000
1748128353714 6.730310262529834 102500
1748128354174 6.6987974140927316 103000
1748128354710 6.667589037621206 103500
1748128355185 6.65044978887461 104000
1748128355645 6.619771385504333 104500
1748128356103 6.591658142970792 105000
1748128356558 6.561549163546698 105500
1748128357014 6.531724231098302 106000
1748128357469 6.506661288334621 106500
1748128357926 6.4840630785358995 107000
1748128358413 6.461675084642282 107500
1748128358914 6.44833377530275 108000
1748128359386 6.42631677353365 108500
1748128359849 6.404501762606468 109000
1748128360366 6.389424701125751 109500
1748128360856 6.361466695595574 110000
1748128361386 6.340241255305132 110500
1748128361912 6.327807521124943 111000
1748128362380 6.300501942485311 111500
1748128362846 6.275571087623594 112000
1748128363347 6.257226199946963 112500
1748128363811 6.230595391471477 113000
1748128364273 6.212610263581214 113500
1748128364732 6.186408742620274 114000
1748128365193 6.160436055903533 114500
1748128365656 6.134689218636505 115000
1748128366117 6.10916529770945 115500
1748128366575 6.083861410583491 116000
1748128367028 6.062871951406885 116500
1748128367495 6.0502213246843315 117000
1748128367997 6.0254912913217895 117500
1748128368460 6.000970834513167 118000
1748128368918 5.976657301390692 118500
1748128369373 5.9525480836726095 119000
1748128369840 5.9286406167304095 119500
1748128370293 5.912887828162291 120000
1748128370744 5.8893433288109405 120500
1748128371202 5.873883114065365 121000
1748128371662 5.850692909828417 121500
1748128372122 5.8276927892327555 122000
1748128372577 5.8165700647800875 122500
1748128373031 5.793895647787027 123000
1748128373489 5.771404829312127 123500
1748128373949 5.758718916005851 124000
1748128374407 5.740383970248535 124500
1748128374860 5.7183770883054885 125000
1748128375320 5.7060540653614655 125500
1748128375775 5.6938288441868385 126000
1748128376227 5.676040261492165 126500
1748128376686 5.654633266307105 127000
1748128377144 5.63526603959006 127500
1748128377602 5.614185560859188 128000
1748128378057 5.633201155242703 128500
1748128378523 5.612292094503339 129000
1748128379001 5.601680780678394 129500
1748128379461 5.590233155865614 130000
1748128379915 5.569729057507841 130500
1748128380371 5.569421924247117 131000
1748128380823 5.549152880749929 131500
1748128381283 5.5516380993707966 132000
1748128381751 5.535191606250281 132500
1748128382212 5.572702639654028 133000
1748128382677 5.564345284384972 133500
1748128383149 5.544473337370427 134000
1748128383612 5.5762081784386615 134500
1748128384110 5.568814638027049 135000
1748128384754 5.554430245973104 135500
1748128385260 5.546293696476204 136000
1748128385749 5.582802241513458 136500
1748128386262 5.655627754646969 137000
1748128386841 5.657626383163376 137500
1748128387346 5.639721905157207 138000
1748128387850 5.627116307522638 138500
1748128388338 5.674696519633934 139000
1748128388821 5.715947682226841 139500
1748128389301 5.730480736447324 140000
1748128389798 5.8434333568316355 140500
1748128390355 5.88280099527751 141000
1748128390851 5.948033767088052 141500
1748128391359 5.92793035060002 142000
1748128391923 5.936440145710338 142500
1748128392437 5.916517849692074 143000
1748128392930 5.919187047308591 143500
1748128393403 5.934268098647574 144000
1748128393928 5.958328860113468 144500
1748128394456 5.938605876059584 145000
1748128394952 5.923939341748067 145500
1748128395449 5.914277307352797 146000
1748128395945 5.933190515366507 146500
1748128396416 5.985258065039858 147000
1748128396878 5.982767687391287 147500
1748128397364 6.03028446107205 148000
1748128397875 6.035695057174771 148500
1748128398343 6.054684371546187 149000
1748128398809 6.12463182765144 149500
1748128399269 6.123309466984884 150000
1748128399790 6.105344951989787 150500
1748128400290 6.107256318260128 151000
1748128400747 6.106792063454555 151500
1748128401205 6.1353787212661715 152000
1748128401665 6.135607809382213 152500
1748128402137 6.156893942939148 153000
1748128402634 6.176486593642377 153500
1748128403127 6.210674766760685 154000
1748128403615 6.216063828965559 154500
1748128404094 6.225267534067288 155000
1748128404647 6.238249084867507 155500
1748128405206 6.287099932684658 156000
1748128405732 6.290650948935164 156500
1748128406250 6.354985330556526 157000
1748128406741 6.449217714134181 157500
1748128407202 6.446179873719827 158000
1748128407661 6.483816808835819 158500
1748128408119 6.475435673436302 159000
1748128408642 6.55090116039832 159500
1748128409169 6.584874701670645 160000
1748128409649 6.580718072253325 160500
1748128410118 6.610682043908153 161000
1748128410575 6.6581939898180105 161500
1748128411049 6.738560358289874 162000
1748128411532 6.758215531485222 162500
1748128411994 6.774821734483214 163000
1748128412452 6.832198404530958 163500
1748128412918 6.892863379707783 164000
1748128413385 6.889322529397683 164500
1748128413870 6.8785709119838 165000
1748128414341 6.898167843159877 165500
1748128414861 6.898956206688329 166000
1748128415346 6.887555813570134 166500
1748128415836 6.879081931602189 167000
1748128416326 6.859259786983936 167500
1748128416868 6.87933287873622 168000
1748128417357 6.914159047612304 168500
1748128417948 6.9078250554292415 169000
1748128418416 6.904344520244155 169500
1748128418937 6.898076653095607 170000
1748128419468 6.879947368052688 170500
1748128419945 6.89332719228461 171000
1748128420406 6.896191821426831 171500
1748128420870 6.9455236720874725 172000
1748128421329 6.971049081664418 172500
1748128421823 7.0391932346489705 173000
1748128422298 7.042292269916707 173500
1748128422805 7.093380517378542 174000
1748128423279 7.119557412586934 174500
1748128423806 7.121036481418341 175000
1748128424272 7.195942040810775 175500
1748128424739 7.207366022998482 176000
1748128425199 7.371523998188051 176500
1748128425651 7.425535644458827 177000
1748128426115 7.558573397425123 177500
1748128426569 7.584269662921348 178000
1748128427028 7.572384562416852 178500
1748128427489 7.644564739136811 179000
1748128427959 7.685761961428258 179500
1748128428420 7.7320339432511265 180000
1748128428878 7.8058165133975494 180500
1748128429345 7.918748928651485 181000
1748128429815 8.0659053104269 181500
1748128430274 8.113247134726848 182000
1748128430732 8.202177395625593 182500
1748128431198 8.327790602136234 183000
1748128431695 8.40784793169152 183500
1748128432171 8.500441008612638 184000
1748128432633 8.575069044246527 184500
1748128433103 8.728633167773978 185000
1748128433582 8.835052010627278 185500
1748128434057 8.960787332871403 186000
1748128434526 9.100564986211264 186500
1748128434987 9.2293849629242 187000
1748128435446 9.388066825775654 187500
1748128435911 9.484969278423806 188000
1748128436378 9.653526458727677 188500
1748128436849 9.836345039209002 189000
1748128437777 9.900766235397564 190000
1748128438354 10.047670055562865 190500
1748128438878 10.165689937397694 191000
1748128439364 10.215171021392473 191500
1748128439862 10.339598249801115 192000
1748128440337 10.48941511948672 192500
1748128440854 10.514177600257215 193000
1748128441330 10.587531528864718 193500
1748128441796 10.590999680141723 194000
1748128442253 10.56438699069274 194500
1748128442719 10.579523896946334 195000
1748128443176 10.584206703330915 195500
1748128443637 10.649749159807122 196000
1748128444101 10.678520893682402 196500
1748128444558 10.696243170226428 197000
1748128445012 10.682456723361831 197500
1748128445470 10.68923121429088 198000
1748128445930 10.692364571998823 198500
1748128446433 10.693683213202048 199000
1748128446893 10.754212500224309 199500
1748128447355 10.735083532219571 200000
1748128447814 10.738071289556537 200500
1748128448306 10.754699058407247 201000
1748128448782 10.819806108126995 201500
1748128449287 10.807793189820176 202000
1748128449877 10.802321812663898 202500
1748128450380 10.855661497583974 203000
1748128450886 10.875900852034503 203500
1748128451388 10.935818241377696 204000
1748128451849 10.937089705959584 204500
1748128452321 10.957564468246114 205000
1748128452792 10.991295460748276 205500
1748128453259 11.015014945431796 206000
1748128453720 11.011459314521488 206500
1748128454181 11.02175642489018 207000
1748128454654 11.038905023435028 207500
1748128455171 11.028433082430695 208000
1748128455636 11.047772760312037 208500
1748128456098 11.048749015084903 209000
1748128456555 11.095858419580658 209500
1748128457019 11.12740084100466 210000
1748128457470 11.119677549192454 210500
1748128457935 11.17476727482496 211000
1748128458414 11.20815631047693 211500
1748128458885 11.195794118971495 212000
1748128459405 11.184613224764846 212500
1748128459902 11.192533082344504 213000
1748128460380 11.20376942983461 213500
1748128460852 11.214395646064283 214000
1748128461380 11.221634371992366 214500
1748128461851 11.244380307487372 215000
1748128462355 11.246532180808355 215500
1748128462836 11.270220100769027 216000
1748128463322 11.271751172647951 216500
1748128463814 11.278774347524829 217000
1748128464337 11.298932872465915 217500
1748128464827 11.302577127717807 218000
1748128465315 11.31658137769452 218500
1748128465803 11.300552522313401 219000
1748128466285 11.348747696272174 219500
1748128466757 11.357669776524192 220000
1748128467230 11.391987184690903 220500
1748128467715 11.386192075508378 221000
1748128468191 11.362105841598561 221500
1748128468677 11.363392031649788 222000
1748128469164 11.370571987879112 222500
1748128469726 11.371298307950811 223000
1748128470265 11.431820730086015 223500
1748128470744 11.483016535969996 224000
1748128471209 11.596175005714104 224500
1748128471692 11.648899496154865 225000
1748128472173 11.7162074202647 225500
1748128472651 11.87826050224935 226000
1748128473121 12.01905093068222 226500
1748128473597 12.023067298897102 227000
1748128474082 12.137218390201683 227500
1748128474567 12.252962358162709 228000
1748128475047 12.267929790111914 228500
1748128475521 12.267198882763077 229000
1748128476040 12.294029253175681 229500
1748128476519 12.30777212825568 230000
1748128476994 12.32145538131798 230500
1748128477478 12.355226317040158 231000
1748128477947 12.417202327871049 231500
1748128478426 12.49897127808411 232000
1748128478913 12.532655836990273 232500
1748128479388 12.52419924815881 233000
1748128479862 12.576594624705505 233500
1748128480335 12.643045101278991 234000
1748128480815 12.77078636819313 234500
1748128481303 12.789316000609356 235000
1748128481788 12.813340832737945 235500
1748128482295 12.825128433315804 236000
1748128482773 12.884800718513324 236500
1748128483251 12.947745788143358 237000
1748128483735 12.949126994096218 237500
1748128484216 12.958524698662282 238000
1748128485160 12.920781697806094 239000
1748128485687 12.93217273456535 239500
1748128486169 12.919649960222753 240000
1748128486643 12.899736527421492 240500
1748128487115 12.878420265599777 241000
1748128487601 12.854227506090119 241500
1748128488079 12.843941695102467 242000
1748128488540 12.821888148020568 242500
1748128489005 12.828407829733736 243000
1748128489459 12.80353633614796 243500
1748128489919 12.824738839547713 244000
1748128490382 12.858544299163945 244500
1748128490848 12.870780770542106 245000
1748128491313 12.891716773036373 245500
1748128491770 12.889768515823581 246000
1748128492240 12.866043462895817 246500
1748128492709 12.875750050728069 247000
1748128493226 12.852149176731515 247500
1748128493689 12.832492878589576 248000
1748128494146 12.813395888457237 248500
1748128494602 12.805398203793695 249000
1748128495073 12.80508511055524 249500
1748128495530 12.781861575178999 250000
1748128495990 12.777309343127587 250500
1748128496442 12.760889615761299 251000
1748128496908 12.759244058323093 251500
1748128497364 12.746240103042014 252000
1748128497823 12.732342446655167 252500
1748128498314 12.709538049374098 253000
1748128498779 12.691530976825634 253500
1748128499235 12.67312498825475 254000
1748128499709 12.660886852877326 254500
1748128500185 12.645420936871169 255000
1748128500660 12.650098781461779 255500
1748128501168 12.630519093078759 256000
1748128501625 12.626368360572606 256500
1748128502092 12.631984621528005 257000
1748128502561 12.641286465695021 257500
1748128503090 12.647777099406117 258000
1748128503566 12.646856520314095 258500
1748128504024 12.625666921609643 259000
1748128504492 12.613756029816841 259500
1748128504951 12.599137139709933 260000
1748128505411 12.59602655074004 260500
1748128505881 12.576011119340887 261000
1748128506356 12.556984899857166 261500
1748128506899 12.563537320774655 262000
1748128507356 12.543698147516764 262500
1748128507812 12.565677831519915 263000
1748128508287 12.542286912455335 263500
1748128508771 12.537517176538657 264000
1748128509232 12.53953286924038 264500
1748128509731 12.544693114783628 265000
1748128510234 12.53140604704053 265500
1748128510710 12.514580006101172 266000
1748128511191 12.495578232815557 266500
1748128511720 12.493631171060043 267000
1748128512180 12.473401289228917 267500
1748128512640 12.455027962811243 268000
1748128513094 12.432278680728702 268500
1748128513559 12.441110450621501 269000
1748128514026 12.456108501113617 269500
1748128514517 12.437019358260407 270000
1748128514977 12.423735767318544 270500
1748128515438 12.418867625430432 271000
1748128515918 12.400831586211142 271500
1748128516386 12.399533202302402 272000
1748128516861 12.377219679884393 272500
1748128517331 12.358484792852337 273000
1748128517787 12.337200525321457 273500
1748128518299 12.32078462798112 274000
1748128518769 12.307471601653694 274500
1748128519221 12.294206986331094 275000
1748128519688 12.27752534987374 275500
1748128520165 12.266092490747468 276000
1748128520630 12.264195729952053 276500
1748128521098 12.248951000749596 277000
1748128521577 12.237201401879208 277500
1748128522064 12.248244363936061 278000
1748128522533 12.284099527386315 278500
1748128522994 12.270211546522273 279000
1748128523480 12.264058303909557 279500
1748128523955 12.28562904875554 280000
1748128524413 12.26926005811307 280500
1748128524872 12.253373988228201 281000
1748128525332 12.234576955196548 281500
1748128525829 12.231926742158805 282000
1748128526290 12.258432424440832 282500
1748128526746 12.243099420629633 283000
1748128527204 12.246762047875812 283500
1748128527665 12.22646139366029 284000
1748128528153 12.212943194735143 284500
1748128528670 12.1969601808818 285000
1748128529124 12.177689352933553 285500
1748128529583 12.160989368626598 286000
1748128530041 12.16017526979803 286500
1748128530507 12.148553466441586 287000
1748128530967 12.131161149735394 287500
1748128531429 12.125845266507557 288000
1748128531885 12.106070821424286 288500
1748128532348 12.107423342775267 289000
1748128532816 12.089810017271157 289500
1748128533274 12.070199983540448 290000
1748128533735 12.049835893180633 290500
1748128534197 12.05373619073395 291000
1748128534660 12.042885740368515 291500
1748128535119 12.024307712426845 292000
1748128535571 12.015584521551109 292500
1748128536035 11.997523764529554 293000
1748128536492 11.982370615524104 293500
1748128537020 11.966457227282321 294000
1748128537488 11.947356265017767 294500
1748128537943 11.943691598236315 295000
1748128538415 11.925501455806872 295500
1748128538907 11.912210539895504 296000
1748128539372 11.913453295608672 296500
1748128539828 11.901834574865601 297000
1748128540280 11.890656023746013 297500
1748128540743 11.879514984542935 298000
1748128541201 11.860815613469097 298500
1748128541665 11.854151866603875 299000
1748128542121 11.837151019399876 299500
1748128542573 11.817820206841686 300000
1748128543087 11.798553723110647 300500
1748128543546 11.78331575734029 301000
1748128544032 11.764170397020466 301500
1748128544488 11.74508843193349 302000
1748128544945 11.726858517919487 302500
1748128545397 11.711839441700734 303000
1748128545854 11.700015334227174 303500
1748128546317 11.681164426579574 304000
1748128546780 11.663943002927446 304500
1748128547234 11.64990805587073 305000
1748128547687 11.631231714510035 305500
1748128548139 11.613396352972373 306000
1748128548598 11.594840508162447 306500
1748128549059 11.581009538765324 307000
1748128549546 11.564895123891572 307500
1748128550071 11.55038279143291 308000
1748128551021 11.520726649211019 309000
1748128551496 11.510982761479173 309500
1748128552036 11.492801601354993 310000
1748128552497 11.474678995691757 310500
1748128552956 11.457382068774988 311000
1748128553435 11.440140669713488 311500
1748128553963 11.426014319809068 312000
1748128554426 11.40964200477327 312500
1748128554896 11.396372010034542 313000
1748128555363 11.378576621636538 313500
1748128555823 11.360837906449994 314000
1748128556278 11.347329359402924 314500
1748128556735 11.332727203848922 315000
1748128557195 11.31892779200345 315500
1748128557651 11.301395728225733 316000
1748128558110 11.286935342178587 316500
1748128558574 11.274779217454807 317000
1748128559030 11.25739950763911 317500
1748128559484 11.244952792662973 318000
1748128559941 11.230671817102094 318500
1748128560394 11.218680093669807 319000
1748128560855 11.201496969085795 319500
1748128561325 11.184367541766111 320000
1748128561786 11.168780880113486 320500
1748128562250 11.151755775135875 321000
1748128562712 11.139237687302582 321500
1748128563197 11.123793711736017 322000
1748128563656 11.112467854433776 322500
1748128564117 11.100807613586824 323000
1748128564575 11.084019137344011 323500
1748128565038 11.068019093078759 324000
1748128565592 11.054642537996772 324500
1748128566047 11.038002570222142 325000
1748128566536 11.021413723700276 325500
1748128567002 11.007072052945226 326000
1748128567511 10.999353086726583 326500
1748128567970 10.989103223781687 327000
1748128568440 10.972690338683526 327500
1748128568967 10.956327492869201 328000
1748128569483 10.94437360825042 328500
1748128569965 10.931367926239199 329000
1748128570439 10.918763875257588 329500
1748128570907 10.906921241050119 330000
1748128571369 10.895836567867446 330500
1748128571837 10.879738119101011 331000
1748128572295 10.863688232774292 331500
1748128572758 10.849843287230065 332000
1748128573215 10.833886625872557 332500
1748128573685 10.817977882417024 333000
1748128574160 10.802116841340666 333500
1748128574616 10.789876095065239 334000
1748128575068 10.77624495649475 334500
1748128575535 10.76051722295444 335000
1748128576076 10.749815933899816 335500
1748128576552 10.740567109898851 336000
1748128577056 10.724962498271196 336500
1748128577519 10.714361592884003 337000
1748128577983 10.702377795456554 337500
1748128578458 10.688311138100012 338000
1748128578927 10.673580974607193 338500
1748128579423 10.661710351236614 339000
1748128579892 10.646359766749502 339500
1748128580360 10.633160185315175 340000
1748128580834 10.617896607193549 340500
1748128581304 10.603377683214468 341000
1748128581767 10.593793351666974 341500
1748128582242 10.58144565869726 342000
1748128582711 10.566346706618122 342500
1748128583181 10.551291774807435 343000
1748128583651 10.543576061392447 343500
1748128584116 10.531373147582839 344000
1748128584569 10.516434526881683 344500
1748128585034 10.504306319394003 345000
1748128585495 10.493594769435878 345500
1748128585961 10.478775504573234 346000
1748128586493 10.463999008151752 346500
1748128586950 10.461989229192604 347000
1748128587412 10.447279407977199 347500
1748128587867 10.432611856362989 348000
1748128588325 10.42243779169506 348500
1748128588784 10.41229287907489 349000
1748128589240 10.402518428986518 349500
1748128589696 10.391749062393455 350000
1748128590155 10.381350882986801 350500
1748128590614 10.367582563286621 351000
1748128591074 10.353174428039397 351500
1748128591526 10.341519310045562 352000
1748128591979 10.327189018094415 352500
1748128592437 10.312899321871177 353000
1748128592899 10.302700914482855 353500
1748128593360 10.288486172350094 354000
1748128593816 10.274311528220526 354500
1748128594273 10.260176812665973 355000
1748128594797 10.247424549107278 355500
1748128595314 10.233367300421012 356000
1748128595773 10.219349483007361 356500
1748128596227 10.2097163447718 357000
1748128596693 10.200443947460654 357500
1748128597153 10.190530792922763 358000
1748128597609 10.1793138341605 358500
1748128598061 10.16546891723895 359000
1748128598520 10.159629025994073 359500
1748128598991 10.147838769557147 360000
1748128599508 10.134095114515441 360500
1748128599968 10.120389530540331 361000
1748128600426 10.10672185966059 361500
1748128600888 10.093091944777754 362000
1748128601350 10.082791539790964 362500
1748128601809 10.072848248157426 363000
1748128602270 10.059321171453615 363500
1748128602725 10.049765270528994 364000
1748128603191 10.04089035557258 364500
1748128603654 10.027462647529997 365000
1748128604117 10.018642523890836 365500
1748128604573 10.00723815485739 366000
1748128605087 9.997818492024471 366500
1748128605553 9.994927588068126 367000
1748128606055 9.98165375935577 367500
1748128606526 9.972307253294593 368000
1748128606987 9.962014617733635 368500
1748128607479 9.962421819922255 369000
1748128607966 9.94990973417603 369500
1748128608490 9.94130168354512 370000
1748128608970 9.931106451644071 370500
1748128609433 9.92254694465709 371000
1748128609889 9.909513454131961 371500
1748128610347 9.901005979418484 372000
1748128610805 9.889317806858772 372500
1748128611270 9.884379378963061 373000
1748128611731 9.878176189243847 373500
1748128612189 9.86943703495718 374000
1748128612651 9.863270358887426 374500
1748128613143 9.862529832935559 375000
1748128613671 9.849715097451607 375500
1748128614167 9.840425531914894 376000
1748128614627 9.83528099218084 376500
1748128615100 9.833631926463791 377000
1748128615611 9.820923358990976 377500
1748128616074 9.81424656842318 378000
1748128616533 9.810740172077319 378500
1748128616988 9.798112102568624 379000
1748128617460 9.786460642536184 379500
1748128617938 9.794937821881673 380000
1748128618412 9.797120357273906 380500
1748128618873 9.799923577571898 381000
1748128619382 9.80115546908479 381500
1748128619859 9.7948868535156 382000
1748128620323 9.803609590216357 382500
1748128620789 9.792368999918992 383000
1748128621250 9.795471305928002 383500
1748128621706 9.789553500397774 384000
1748128622245 9.795754955603627 384500
1748128622806 9.793881536124974 385000
1748128623272 9.809966909044759 385500
1748128623800 9.807770784127024 386000
1748128624277 9.804345342665808 386500
1748128624749 9.816654640987217 387000
1748128625212 9.823081068596506 387500
1748128625668 9.83072115739488 388000
1748128626129 9.838341580585018 388500
1748128626590 9.83428532863778 389000
1748128627051 9.863021252998614 389500
1748128627515 9.8733247659262 390000
1748128627973 9.871378411497409 390500
1748128628423 9.86913183868546 391000
1748128628886 9.88121690944504 391500
1748128629354 9.882920948809119 392000
1748128629836 9.880972287673108 392500
1748128630297 9.868704719221217 393000
1748128630810 9.87890936549478 393500
1748128631270 9.871218637558608 394000
1748128631761 9.867782244525714 394500
1748128632219 9.871000876106462 395000
1748128632684 9.871194132076555 395500
1748128633140 9.862346616523228 396000
1748128633609 9.867365702883525 396500
1748128634073 9.883493744852503 397000
1748128634534 9.877666201347923 397500
1748128634998 9.895839579760377 398000
1748128635461 9.892107335683036 398500
1748128635923 9.888982599697336 399000
1748128636383 9.886164388062644 399500
1748128636843 9.881861575178998 400000
1748128637299 9.880251118083303 400500
1748128637762 9.8840012141484 401000
1748128638215 9.881797673996974 401500
1748128638680 9.887020743537681 402000
1748128639149 9.902014556990173 402500
1748128639606 9.891209721835637 403000
1748128640061 9.886050755176218 403500
1748128640517 9.893901084619202 404000
1748128641004 9.88255632487735 404500
1748128641466 9.893632693950913 405000
1748128641928 9.894381843918202 405500
1748128642389 9.89483522814113 406000
1748128642859 9.908204093974113 406500
1748128643381 9.908639383579718 407000
1748128643838 9.90907360498997 407500
1748128644301 9.898392531236839 408000
1748128644759 9.908186128305722 408500
1748128645238 9.90745225271487 409000
1748128645699 9.901183409536632 409500
1748128646160 9.898422492578147 410000
1748128646617 9.889854330971893 410500
1748128647078 9.882468395960723 411000
1748128647539 9.890469990169267 411500
1748128648004 9.885128716083138 412000
1748128648464 9.87343603095393 412500
1748128648931 9.866683617745469 413000
1748128649453 9.891115196255264 413500
1748128649910 9.886951909884358 414000
1748128650372 9.890859677962636 414500
1748128650833 9.884981453259337 415000
1748128651304 9.889743788574597 415500
1748128651770 9.905395171654119 416000
1748128652311 9.902385775312512 416500
1748128652823 9.902531435472147 417000
1748128653391 9.89638860703414 417500
1748128653932 9.903107193020519 418000
1748128654403 9.898404062696926 418500
1748128654863 9.894566560910453 419000
1748128655317 9.912072844988208 419500
1748128655800 9.902261620638706 420000
1748128656292 9.901838645322224 420500
1748128656754 9.896598053276945 421000
1748128657271 9.887406325290119 421500
1748128657822 9.883891911456978 422000
1748128658339 9.878408721808757 422500
1748128658892 9.870399521544597 423000
1748128659430 9.87396201108503 423500
1748128659931 9.875264556221012 424000
1748128660437 9.878531811959038 424500
1748128660892 9.880668257756563 425000
1748128661352 9.871581657407122 425500
1748128661810 9.878203188902708 426000
1748128662286 9.866902438956147 426500
1748128662792 9.863173721305886 427000
1748128663252 9.862803388742343 427500
1748128663716 9.864664421296812 428000
1748128664176 9.864293213546729 428500
1748128664633 9.867260821914758 429000
1748128665092 9.867443133354262 429500
1748128665545 9.874285397124936 430000
1748128666007 9.865866132237866 430500
1748128666463 9.858020145191569 431000
1748128666922 9.869550908884753 431500
1748128667378 9.874425439759568 432000
1748128667832 9.866044945990316 432500
1748128668293 9.862368886659649 433000
1748128668762 9.854572181252115 433500
1748128669229 9.844593777152097 434000
1748128669696 9.850842188233807 434500
1748128670170 9.872164156585193 435000
1748128670668 9.879462609844115 435500
1748128671137 9.870048827483524 436000
1748128671600 9.8707717879531 436500
1748128672550 9.860484145925673 437500
1748128673015 9.86230533668988 438000
1748128673479 9.877184913855272 438500
1748128673944 9.885234939464285 439000
1748128674461 9.900054574926488 439500
1748128674935 9.933282707745715 440000
1748128675411 9.953703076618835 440500
1748128675888 9.947017788817993 441000
1748128676364 9.939266494944281 441500
1748128676839 9.939632177453321 442000
1748128677317 9.935142860995375 442500
1748128677823 9.977534385320311 443000
1748128678301 9.997497665833452 443500
1748128678772 10.00424648992668 444000
1748128679246 10.002926245197871 444500
1748128679723 10.033788313534098 445000
1748128680201 10.046902330116332 445500
1748128680679 10.063465222556374 446000
1748128681198 10.070369647777596 446500
1748128681671 10.065245364215427 447000
1748128682142 10.082798896014719 447500
1748128682613 10.0734103307194 448000
1748128683089 10.086126387880045 448500
1748128683566 10.084728194715384 449000
1748128684106 10.089173597818846 449500
1748128684587 10.109254839565102 450000
1748128685091 10.104656984151791 450500
1748128685565 10.105361196810058 451000
1748128686035 10.108178254928546 451500
1748128686494 10.106500939869475 452000
