1748128258524 9985.75 500
1748128258999 9994.425 1000
1748128259461 9988.3 1500
1748128259925 9984.11 2000
1748128260383 9987.682 2500
1748128260842 9993.091666666667 3000
1748128261364 9988.070000000002 3500
1748128261851 9986.44125 4000
1748128262345 9988.045555555556 4500
1748128262821 9988.936 5000
1748128263292 9991.111818181818 5500
1748128263778 9992.4 6000
1748128264362 9993.48923076923 6500
1748128264832 9995.765714285712 7000
1748128265307 9994.828666666665 7500
1748128265780 9996.471875 8000
1748128266717 9998.031111111111 9000
1748128267201 9998.962631578948 9500
1748128267675 10000.2625 10000
1748128268136 9999.330952380953 10500
1748128268633 9999.021363636364 11000
1748128269106 9999.998260869565 11500
1748128269573 10000.837916666667 12000
1748128270103 9999.7756 12500
1748128270625 9998.165 13000
1748128271104 9997.341851851852 13500
1748128271578 9997.123928571427 14000
1748128272035 9997.650689655173 14500
1748128272521 9997.469666666666 15000
1748128272985 10000.542903225805 15500
1748128273482 9998.076562499999 16000
1748128273969 9998.882727272725 16500
1748128274441 10000.657941176469 17000
1748128274936 10001.28257142857 17500
1748128275426 10001.692222222222 18000
1748128275917 10000.770810810809 18500
1748128276380 10000.056052631577 19000
1748128276836 9999.552564102562 19500
1748128277302 10000.134999999998 20000
1748128277758 9999.308536585366 20500
1748128278223 9999.320238095237 21000
1748128278681 9998.460465116277 21500
1748128279138 10000.180681818181 22000
1748128279603 10001.465111111109 22500
1748128280055 10001.420869565216 23000
1748128280504 10002.744468085106 23500
1748128280956 10003.508541666666 24000
1748128281421 10008.801632653061 24500
1748128281877 10011.803399999999 25000
1748128282333 10012.521960784314 25500
1748128282783 10013.468076923076 26000
1748128283240 10013.523396226416 26500
1748128283693 10014.11537037037 27000
1748128284151 10017.764545454544 27500
1748128284615 10019.907857142856 28000
1748128285077 10022.50701754386 28500
1748128285526 10022.94103448276 29000
1748128285981 10025.762203389831 29500
1748128286433 10027.748166666668 30000
1748128286889 10028.86180327869 30500
1748128287339 10028.600322580649 31000
1748128287794 10029.38047619048 31500
1748128288248 10030.091875 32000
1748128288706 10030.779538461538 32500
1748128289163 10032.133939393942 33000
1748128289614 10033.283731343285 33500
1748128290073 10034.142058823532 34000
1748128290526 10035.477246376813 34500
1748128290992 10037.185000000003 35000
1748128291450 10039.002253521128 35500
1748128291905 10039.54 36000
1748128292360 10039.911780821918 36500
1748128292814 10041.677837837839 37000
1748128293295 10042.690666666667 37500
1748128293811 10043.141578947369 38000
1748128294329 10044.982597402597 38500
1748128294809 10045.763076923076 39000
1748128295272 10047.103037974684 39500
1748128295732 10046.541999999998 40000
1748128296193 10046.60160493827 40500
1748128296643 10046.203414634145 41000
1748128297096 10046.686867469876 41500
1748128297551 10046.42595238095 42000
1748128298037 10046.407529411763 42500
1748128298534 10046.051395348835 43000
1748128299002 10045.267126436778 43500
1748128299454 10044.870227272726 44000
1748128299906 10044.281011235955 44500
1748128300368 10043.999222222223 45000
1748128300824 10043.29956043956 45500
1748128301275 10042.975760869565 46000
1748128301729 10042.407096774194 46500
1748128302184 10042.117765957446 47000
1748128302637 10042.09242105263 47500
1748128303159 10043.350625 48000
1748128303664 10045.179896907215 48500
1748128304121 10046.401122448979 49000
1748128304585 10046.735454545455 49500
1748128305037 10046.1408 50000
1748128305492 10045.794554455446 50500
1748128306391 10044.679417475729 51500
1748128306846 10044.250288461539 52000
1748128307298 10044.14580952381 52500
1748128307762 10043.521132075472 53000
1748128308213 10043.279906542055 53500
1748128308664 10042.751203703703 54000
1748128309148 10042.330091743119 54500
1748128309608 10041.646272727274 55000
1748128310066 10040.974864864867 55500
1748128310520 10040.405714285715 56000
1748128310970 10039.86442477876 56500
1748128311505 10039.257894736842 57000
1748128312028 10039.035999999998 57500
1748128312497 10038.845517241378 58000
1748128312956 10038.235042735041 58500
1748128313408 10037.99101694915 59000
1748128313859 10037.730672268905 59500
1748128314362 10037.2085 60000
1748128314816 10036.808595041322 60500
1748128315265 10036.697950819673 61000
1748128315718 10036.488861788619 61500
1748128316171 10036.372661290325 62000
1748128316621 10036.00688 62500
1748128317083 10035.87626984127 63000
1748128317537 10035.559921259843 63500
1748128317983 10035.16875 64000
1748128318436 10034.810310077519 64500
1748128318892 10034.258538461538 65000
1748128319403 10033.949236641221 65500
1748128319904 10033.456363636364 66000
1748128320357 10033.387744360902 66500
1748128320813 10033.253656716417 67000
1748128321276 10033.066962962963 67500
1748128321731 10032.995955882354 68000
1748128322181 10032.938540145986 68500
1748128323079 10032.427338129495 69500
1748128323538 10032.113857142856 70000
1748128323999 10031.92460992908 70500
1748128324457 10031.463732394366 71000
1748128324914 10031.334825174827 71500
1748128325369 10031.059513888888 72000
1748128325829 10030.615999999998 72500
1748128326295 10030.652191780822 73000
1748128326749 10030.632176870748 73500
1748128327202 10030.338918918918 74000
1748128327660 10030.172885906039 74500
1748128328125 10030.138466666667 75000
1748128328583 10029.721523178807 75500
1748128329035 10029.581250000001 76000
1748128329492 10029.446209150326 76500
1748128329948 10029.39935064935 77000
1748128330406 10029.327935483872 77500
1748128330862 10029.03576923077 78000
1748128331332 10028.745668789808 78500
1748128331813 10028.679556962026 79000
1748128332312 10028.585408805033 79500
1748128332808 10028.547374999998 80000
1748128333293 10028.604099378881 80500
1748128333810 10028.503950617283 81000
1748128334299 10028.245828220857 81500
1748128334770 10028.127865853658 82000
1748128335231 10027.889212121212 82500
1748128335685 10027.688253012047 83000
1748128336175 10027.320598802395 83500
1748128336628 10027.040892857141 84000
1748128337088 10026.828934911242 84500
1748128337571 10026.492352941175 85000
1748128338063 10026.163333333332 85500
1748128338527 10025.95441860465 86000
1748128338982 10025.881098265894 86500
1748128339444 10025.609655172413 87000
1748128339902 10025.420057142856 87500
1748128340359 10025.348295454545 88000
1748128340824 10025.022485875706 88500
1748128341296 10024.800786516855 89000
1748128341760 10024.647541899441 89500
1748128342229 10024.428722222221 90000
1748128342681 10024.445414364642 90500
1748128343138 10024.23802197802 91000
1748128343596 10024.118524590163 91500
1748128344055 10024.06902173913 92000
1748128344513 10024.02454054054 92500
1748128344971 10023.990376344085 93000
1748128345451 10023.910909090908 93500
1748128345906 10023.693776595743 94000
1748128346365 10023.664444444443 94500
1748128346818 10023.603263157895 95000
1748128347271 10023.451308900521 95500
1748128347727 10023.394791666666 96000
1748128348180 10023.190518134714 96500
1748128348640 10023.12855670103 97000
1748128349098 10022.967128205128 97500
1748128349554 10022.821836734693 98000
1748128350006 10022.776903553298 98500
1748128350461 10022.798484848485 99000
1748128350920 10022.74809045226 99500
1748128351378 10022.4713 100000
1748128351833 10022.400895522387 100500
1748128352285 10022.267475247523 101000
1748128352782 10021.997536945812 101500
1748128353253 10021.926029411763 102000
1748128353713 10021.734536585363 102500
1748128354173 10021.733009708736 103000
1748128354709 10021.528695652172 103500
1748128355185 10021.297740384614 104000
1748128355645 10021.285215311003 104500
1748128356103 10021.282095238093 105000
1748128356557 10021.12549763033 105500
1748128357013 10021.074716981131 106000
1748128357468 10020.939859154929 106500
1748128357926 10020.790887850468 107000
1748128358413 10020.66376744186 107500
1748128358913 10020.448935185184 108000
1748128359385 10020.374516129032 108500
1748128359848 10020.16623853211 109000
1748128360365 10020.07707762557 109500
1748128360856 10020.104727272728 110000
1748128361385 10019.942941176469 110500
1748128361911 10019.70981981982 111000
1748128362379 10019.692869955155 111500
1748128362846 10019.561428571427 112000
1748128363346 10019.510266666664 112500
1748128363810 10019.457920353982 113000
1748128364272 10019.255947136562 113500
1748128364732 10019.304561403509 114000
1748128365192 10019.172663755458 114500
1748128365655 10019.210782608696 115000
1748128366116 10019.159437229437 115500
1748128366574 10019.144999999999 116000
1748128367027 10018.949442060084 116500
1748128367494 10018.75547008547 117000
1748128367997 10018.669148936171 117500
1748128368460 10018.636610169493 118000
1748128368918 10018.54493670886 118500
1748128369372 10018.559201680671 119000
1748128369839 10018.558117154811 119500
1748128370293 10018.380416666669 120000
1748128370744 10018.308755186723 120500
1748128371202 10018.229504132232 121000
1748128371661 10018.118806584363 121500
1748128372121 10017.97442622951 122000
1748128372576 10017.794816326532 122500
1748128373030 10017.794959349596 123000
1748128373488 10017.794089068828 123500
1748128373948 10017.64358870968 124000
1748128374406 10017.584939759035 124500
1748128374860 10017.459640000001 125000
1748128375319 10017.305697211155 125500
1748128375774 10017.13257936508 126000
1748128376226 10016.947351778657 126500
1748128376686 10016.87625984252 127000
1748128377144 10016.714470588235 127500
1748128377601 10016.6749609375 128000
1748128378056 10016.591750972762 128500
1748128378523 10016.552751937987 129000
1748128379001 10016.382857142858 129500
1748128379460 10016.210115384614 130000
1748128379914 10016.213409961687 130500
1748128380370 10016.031870229008 131000
1748128380823 10015.978441064639 131500
1748128381282 10015.87140151515 132000
1748128381750 10015.925735849058 132500
1748128382212 10015.998533834587 133000
1748128382676 10015.955393258426 133500
1748128383148 10016.040410447762 134000
1748128383612 10016.115650557622 134500
1748128384109 10016.18074074074 135000
1748128384753 10016.27959409594 135500
1748128385259 10016.156213235296 136000
1748128385748 10016.25032967033 136500
1748128386262 10016.472262773725 137000
1748128386841 10016.331418181819 137500
1748128387345 10016.227028985508 138000
1748128387849 10016.190577617328 138500
1748128388337 10016.360179856116 139000
1748128388820 10016.34182795699 139500
1748128389300 10016.249571428572 140000
1748128389798 10016.32800711744 140500
1748128390354 10016.423865248227 141000
1748128390850 10016.36660777385 141500
1748128391358 10016.421866197184 142000
1748128391923 10016.513719298246 142500
1748128392436 10016.508811188813 143000
1748128392929 10016.534494773521 143500
1748128393402 10016.529305555554 144000
1748128393927 10016.428166089965 144500
1748128394455 10016.383655172413 145000
1748128394951 10016.325395189004 145500
1748128395448 10016.356643835616 146000
1748128395944 10016.381023890784 146500
1748128396415 10016.428299319728 147000
1748128396877 10016.416711864405 147500
1748128397363 10016.369189189189 148000
1748128397874 10016.249595959596 148500
1748128398343 10016.350335570469 149000
1748128398809 10016.23464882943 149500
1748128399269 10016.058566666667 150000
1748128399789 10016.090730897009 150500
1748128400289 10015.924337748344 151000
1748128400747 10015.879570957095 151500
1748128401204 10015.969144736842 152000
1748128401664 10015.84655737705 152500
1748128402136 10015.916666666666 153000
1748128402633 10015.841205211726 153500
1748128403126 10015.684512987013 154000
1748128403614 10015.721585760519 154500
1748128404093 10015.540870967741 155000
1748128404646 10015.48225080386 155500
1748128405206 10015.424583333333 156000
1748128405732 10015.428849840257 156500
1748128406250 10015.697802547771 157000
1748128406740 10015.932412698412 157500
1748128407202 10015.967721518988 158000
1748128407661 10016.09356466877 158500
1748128408118 10016.12 159000
1748128408641 10016.323197492164 159500
1748128409168 10016.25778125 160000
1748128409648 10016.174049844238 160500
1748128410117 10016.254534161491 161000
1748128410574 10016.285820433435 161500
1748128411049 10016.501203703703 162000
1748128411531 10016.477046153846 162500
1748128411994 10016.484938650307 163000
1748128412452 10016.495412844037 163500
1748128412918 10016.566554878049 164000
1748128413384 10016.550547112462 164500
1748128413870 10016.528 165000
1748128414340 10016.456163141995 165500
1748128414860 10016.456325301206 166000
1748128415345 10016.42993993994 166500
1748128415836 10016.502335329342 167000
1748128416325 10016.541492537313 167500
1748128416867 10016.523660714287 168000
1748128417356 10016.392077151335 168500
1748128417948 10016.313964497042 169000
1748128418416 10016.128879056047 169500
1748128418937 10015.998764705882 170000
1748128419467 10015.98164222874 170500
1748128419944 10015.978596491228 171000
1748128420406 10015.998192419826 171500
1748128420869 10015.920465116278 172000
1748128421328 10015.944144927536 172500
1748128421822 10015.999624277458 173000
1748128422297 10015.87582132565 173500
1748128422804 10015.88683908046 174000
1748128423278 10015.827363896848 174500
1748128423805 10015.856485714286 175000
1748128424271 10015.748148148146 175500
1748128424739 10015.80309659091 176000
1748128425198 10016.04328611898 176500
1748128425651 10016.115621468925 177000
1748128426114 10016.249436619717 177500
1748128426568 10016.269662921348 178000
1748128427027 10016.191960784314 178500
1748128427488 10016.209608938547 179000
1748128427958 10016.17626740947 179500
1748128428419 10016.023333333333 180000
1748128428878 10015.969972299168 180500
1748128429344 10015.731602209944 181000
1748128429814 10015.916859504132 181500
1748128430273 10016.09162087912 182000
1748128430731 10016.05205479452 182500
1748128431197 10016.114781420765 183000
1748128431694 10016.328664850136 183500
1748128432171 10016.33608695652 184000
1748128432632 10016.392330623305 184500
1748128433102 10016.369486486485 185000
1748128433581 10016.267061994608 185500
1748128434056 10016.171182795699 186000
1748128434525 10016.114986595174 186500
1748128434986 10016.024812834223 187000
1748128435445 10016.098613333332 187500
1748128435910 10016.221835106382 188000
1748128436377 10016.274323607428 188500
1748128436848 10015.94894179894 189000
1748128437777 10015.937157894736 190000
1748128438354 10016.019999999999 190500
1748128438877 10015.959371727748 191000
1748128439364 10015.988459530025 191500
1748128439861 10016.160234375 192000
1748128440336 10016.10438961039 192500
1748128440853 10016.061450777202 193000
1748128441329 10016.134780361757 193500
1748128441795 10015.99613402062 194000
1748128442252 10016.016015424164 194500
1748128442718 10015.981923076924 195000
1748128443175 10015.89800511509 195500
1748128443637 10016.005841836735 196000
1748128444100 10015.963536895673 196500
1748128444558 10015.803578680201 197000
1748128445012 10015.781746835442 197500
1748128445469 10015.622626262626 198000
1748128445929 10015.528765743073 198500
1748128446433 10015.541658291457 199000
1748128446892 10015.487268170426 199500
1748128447354 10015.546675 200000
1748128447813 10015.47119700748 200500
1748128448305 10015.640099502487 201000
1748128448781 10015.609727047145 201500
1748128449286 10015.650866336633 202000
1748128449876 10015.548839506173 202500
1748128450379 10015.454753694581 203000
1748128450885 10015.406732186731 203500
1748128451387 10015.571421568626 204000
1748128451849 10015.482885085574 204500
1748128452320 10015.452146341464 205000
1748128452791 10015.37608272506 205500
1748128453258 10015.394878640776 206000
1748128453719 10015.44598062954 206500
1748128454181 10015.385652173913 207000
1748128454653 10015.277277108433 207500
1748128455170 10015.209759615384 208000
1748128455635 10015.097434052757 208500
1748128456097 10014.927727272727 209000
1748128456555 10014.846014319808 209500
1748128457018 10014.78161904762 210000
1748128457470 10014.783729216153 210500
1748128457935 10014.8613507109 211000
1748128458414 10014.950330969268 211500
1748128458884 10015.019740566038 212000
1748128459404 10015.01162352941 212500
1748128459901 10014.896220657278 213000
1748128460379 10014.943466042156 213500
1748128460851 10014.978995327103 214000
1748128461378 10014.941841491842 214500
1748128461851 10014.769 215000
1748128462355 10014.720139211136 215500
1748128462835 10014.696782407407 216000
1748128463322 10014.801639722862 216500
1748128463814 10014.831820276497 217000
1748128464336 10014.840160919539 217500
1748128464826 10014.798211009173 218000
1748128465314 10014.912128146452 218500
1748128465802 10014.838721461187 219000
1748128466284 10014.838291571754 219500
1748128466756 10014.900999999998 220000
1748128467230 10014.962698412697 220500
1748128467714 10014.855995475113 221000
1748128468190 10014.846162528216 221500
1748128468676 10014.838423423424 222000
1748128469163 10014.840382022472 222500
1748128469725 10014.854327354258 223000
1748128470265 10014.79275167785 223500
1748128470743 10014.749732142856 224000
1748128471208 10014.820066815144 224500
1748128471692 10014.7902 225000
1748128472172 10014.661951219512 225500
1748128472651 10014.820884955752 226000
1748128473120 10015.224392935983 226500
1748128473597 10015.295198237887 227000
1748128474081 10015.298307692308 227500
1748128474566 10015.255657894737 228000
1748128475046 10015.192341356675 228500
1748128475521 10015.141069868994 229000
1748128476039 10015.060305010893 229500
1748128476519 10015.075673913043 230000
1748128476994 10015.120954446855 230500
1748128477478 10015.072619047618 231000
1748128477946 10015.01423326134 231500
1748128478426 10015.119999999999 232000
1748128478912 10015.174322580644 232500
1748128479387 10015.233261802574 233000
1748128479861 10015.229978586722 233500
1748128480335 10015.256282051281 234000
1748128480814 10015.297505330489 234500
1748128481302 10015.324914893616 235000
1748128481787 10015.27985138004 235500
1748128482295 10015.25252118644 236000
1748128482773 10015.285158562365 236500
1748128483251 10015.345316455696 237000
1748128483735 10015.260799999998 237500
1748128484216 10015.295567226889 238000
1748128485159 10015.187196652718 239000
1748128485687 10015.164321503129 239500
1748128486168 10015.179229166668 240000
1748128486643 10015.14997920998 240500
1748128487114 10015.079709543568 241000
1748128487600 10015.060993788822 241500
1748128488079 10014.955041322315 242000
1748128488540 10014.92950515464 242500
1748128489004 10014.931872427986 243000
1748128489459 10014.889425051335 243500
1748128489919 10014.70612704918 244000
1748128490381 10014.607423312884 244500
1748128490847 10014.621428571429 245000
1748128491312 10014.486883910387 245500
1748128491770 10014.472500000002 246000
1748128492239 10014.457302231238 246500
1748128492708 10014.3970242915 247000
1748128493226 10014.42991919192 247500
1748128493688 10014.363649193549 248000
1748128494145 10014.340704225353 248500
1748128494601 10014.253293172693 249000
1748128495073 10014.210260521042 249500
1748128495530 10014.21766 250000
1748128495990 10014.207944111778 250500
1748128496441 10014.18189243028 251000
1748128496907 10014.163578528827 251500
1748128497364 10014.10748015873 252000
1748128497823 10014.025188118812 252500
1748128498313 10014.060138339923 253000
1748128498779 10014.032031558187 253500
1748128499234 10013.976161417324 254000
1748128499708 10013.882907662084 254500
1748128500185 10013.832352941177 255000
1748128500659 10013.8585518591 255500
1748128501167 10013.858046875 256000
1748128501624 10013.78754385965 256500
1748128502091 10013.716517509727 257000
1748128502560 10013.718058252427 257500
1748128503089 10013.659031007754 258000
1748128503566 10013.616054158607 258500
1748128504024 10013.593513513513 259000
1748128504491 10013.577572254335 259500
1748128504951 10013.491346153845 260000
1748128505410 10013.431554702494 260500
1748128505880 10013.403524904214 261000
1748128506355 10013.373709369025 261500
1748128506899 10013.199751908396 262000
1748128507355 10013.122914285716 262500
1748128507811 10013.07711026616 263000
1748128508286 10013.096394686907 263500
1748128508769 10013.004867424243 264000
1748128509231 10013.028695652174 264500
1748128509731 10012.987830188678 265000
1748128510233 10012.899322033898 265500
1748128510710 10012.863703007519 266000
1748128511190 10012.799887429643 266500
1748128511719 10012.763913857678 267000
1748128512179 10012.699140186916 267500
1748128512639 10012.707611940297 268000
1748128513093 10012.715530726258 268500
1748128513558 10012.674795539033 269000
1748128514025 10012.567179962894 269500
1748128514516 10012.595 270000
1748128514976 10012.55573012939 270500
1748128515438 10012.56204797048 271000
1748128515918 10012.538434622467 271500
1748128516385 10012.478161764706 272000
1748128516861 10012.481926605506 272500
1748128517330 10012.44642857143 273000
1748128517787 10012.370731261426 273500
1748128518298 10012.361770072992 274000
1748128518768 10012.292550091075 274500
1748128519221 10012.343963636364 275000
1748128519687 10012.318402903811 275500
1748128520165 10012.279873188407 276000
1748128520629 10012.229602169984 276500
1748128521097 10012.175776173286 277000
1748128521577 10012.141783783785 277500
1748128522063 10012.070935251799 278000
1748128522532 10011.99707360862 278500
1748128522993 10011.994856630827 279000
1748128523479 10011.987030411448 279500
1748128523954 10011.991946428572 280000
1748128524412 10011.980926916222 280500
1748128524872 10011.984306049822 281000
1748128525332 10011.99 281500
1748128525828 10012.015265957447 282000
1748128526290 10011.993415929204 282500
1748128526745 10011.932985865726 283000
1748128527204 10011.897654320988 283500
1748128527664 10011.915387323943 284000
1748128528152 10011.904516695959 284500
1748128528669 10011.933789473684 285000
1748128529123 10011.921821366024 285500
1748128529582 10011.90230769231 286000
1748128530041 10011.872862129145 286500
1748128530506 10011.890296167248 287000
1748128530967 10011.839843478261 287500
1748128531428 10011.82925347222 288000
1748128531884 10011.846689774695 288500
1748128532348 10011.786989619375 289000
1748128532816 10011.785751295336 289500
1748128533273 10011.80068965517 290000
1748128533735 10011.762134251288 290500
1748128534197 10011.681666666664 291000
1748128534659 10011.615162950255 291500
1748128535118 10011.593133561642 292000
1748128535571 10011.568666666664 292500
1748128536035 10011.605546075085 293000
1748128536492 10011.58551959114 293500
1748128537020 10011.613928571427 294000
1748128537488 10011.631069609506 294500
1748128537942 10011.627372881356 295000
1748128538414 10011.63184433164 295500
1748128538906 10011.589527027027 296000
1748128539371 10011.52544688027 296500
1748128539827 10011.509562289562 297000
1748128540280 10011.437899159662 297500
1748128540742 10011.342147651007 298000
1748128541200 10011.330201005023 298500
1748128541664 10011.246404682273 299000
1748128542120 10011.232787979965 299500
1748128542573 10011.26945 300000
1748128543086 10011.274542429284 300500
1748128543545 10011.20988372093 301000
1748128544031 10011.25213930348 301500
1748128544487 10011.277715231789 302000
1748128544944 10011.279454545453 302500
1748128545397 10011.248844884487 303000
1748128545853 10011.176112026356 303500
1748128546316 10011.16230263158 304000
1748128546780 10011.120426929392 304500
1748128547233 10011.099295081967 305000
1748128547686 10011.068674304419 305500
1748128548138 10011.063872549019 306000
1748128548597 10011.07960848287 306500
1748128549058 10011.066368078176 307000
1748128549544 10011.075300813009 307500
1748128550070 10011.104107142857 308000
1748128551021 10010.999757281554 309000
1748128551496 10010.950888529886 309500
1748128552036 10010.962838709678 310000
1748128552497 10010.995893719806 310500
1748128552955 10010.97572347267 311000
1748128553433 10010.969020866774 311500
1748128553963 10010.969647435899 312000
1748128554426 10010.913296 312500
1748128554895 10010.88966453674 313000
1748128555362 10010.915263157895 313500
1748128555822 10010.914808917198 314000
1748128556277 10010.863259141495 314500
1748128556734 10010.792523809523 315000
1748128557194 10010.730412044375 315500
1748128557651 10010.764398734178 316000
1748128558110 10010.794154818328 316500
1748128558573 10010.729447949529 317000
1748128559029 10010.740551181103 317500
1748128559483 10010.712578616354 318000
1748128559941 10010.737346938777 318500
1748128560393 10010.707194357368 319000
1748128560854 10010.653818466355 319500
1748128561324 10010.66059375 320000
1748128561785 10010.646864274571 320500
1748128562249 10010.676728971963 321000
1748128562712 10010.617465007777 321500
1748128563197 10010.635031055901 322000
1748128563655 10010.606031007754 322500
1748128564116 10010.542569659443 323000
1748128564574 10010.575085007727 323500
1748128565038 10010.580679012346 324000
1748128565592 10010.53343605547 324500
1748128566046 10010.55883076923 325000
1748128566535 10010.568172043011 325500
1748128567001 10010.559447852762 326000
1748128567510 10010.522695252681 326500
1748128567969 10010.44003058104 327000
1748128568440 10010.448320610687 327500
1748128568966 10010.482942073171 328000
1748128569482 10010.441369863014 328500
1748128569965 10010.407902735564 329000
1748128570438 10010.41617602428 329500
1748128570906 10010.383530303032 330000
1748128571368 10010.338910741302 330500
1748128571835 10010.346737160122 331000
1748128572294 10010.367028657618 331500
1748128572757 10010.362771084338 332000
1748128573214 10010.39702255639 332500
1748128573684 10010.422552552553 333000
1748128574159 10010.413673163419 333500
1748128574615 10010.365508982037 334000
1748128575067 10010.326233183856 334500
1748128575535 10010.316895522388 335000
1748128576075 10010.26043219076 335500
1748128576551 10010.165952380952 336000
1748128577056 10010.18601783061 336500
1748128577518 10010.120994065283 337000
1748128577983 10010.102518518519 337500
1748128578457 10010.094896449704 338000
1748128578927 10010.052614475628 338500
1748128579422 10010.004424778761 339000
1748128579891 10010.037540500736 339500
1748128580359 10010.048250000002 340000
1748128580833 10010.01208516887 340500
1748128581303 10009.997023460412 341000
1748128581766 10009.948755490483 341500
1748128582241 10009.906286549709 342000
1748128582710 10009.917313868613 342500
1748128583180 10009.925116618077 343000
1748128583651 10009.903173216886 343500
1748128584116 10009.855450581395 344000
1748128584568 10009.839477503629 344500
1748128585033 10009.848246376812 345000
1748128585495 10009.809102749638 345500
1748128585960 10009.80696531792 346000
1748128586491 10009.830894660896 346500
1748128586950 10009.776397694524 347000
1748128587412 10009.797856115107 347500
1748128587866 10009.79922413793 348000
1748128588325 10009.760975609755 348500
1748128588783 10009.713954154728 349000
1748128589239 10009.661530758225 349500
1748128589696 10009.6264 350000
1748128590154 10009.617232524964 350500
1748128590613 10009.585541310542 351000
1748128591073 10009.601422475107 351500
1748128591525 10009.562542613636 352000
1748128591978 10009.567262411347 352500
1748128592437 10009.5826203966 353000
1748128592898 10009.543224893918 353500
1748128593360 10009.558940677967 354000
1748128593815 10009.53442877292 354500
1748128594272 10009.5391971831 355000
1748128594796 10009.519901547117 355500
1748128595314 10009.523511235955 356000
1748128595772 10009.51646563815 356500
1748128596227 10009.445896358542 357000
1748128596693 10009.385916083917 357500
1748128597152 10009.349315642457 358000
1748128597608 10009.289177126917 358500
1748128598060 10009.324610027856 359000
1748128598519 10009.258956884561 359500
1748128598990 10009.29826388889 360000
1748128599507 10009.303828016644 360500
1748128599967 10009.294986149585 361000
1748128600425 10009.31203319502 361500
1748128600887 10009.331229281768 362000
1748128601349 10009.355296551725 362500
1748128601809 10009.363553719008 363000
1748128602269 10009.369147180192 363500
1748128602725 10009.386442307692 364000
1748128603191 10009.353374485596 364500
1748128603654 10009.364383561644 365000
1748128604116 10009.327510259918 365500
1748128604572 10009.33286885246 366000
1748128605087 10009.342633015007 366500
1748128605552 10009.343324250682 367000
1748128606054 10009.342163265306 367500
1748128606526 10009.308315217391 368000
1748128606987 10009.293799185887 368500
1748128607478 10009.231287262872 369000
1748128607965 10009.229851150201 369500
1748128608489 10009.187567567567 370000
1748128608969 10009.171268556005 370500
1748128609433 10009.151118598382 371000
1748128609888 10009.118061911171 371500
1748128610346 10009.143669354838 372000
1748128610805 10009.136738255032 372500
1748128611270 10009.106756032172 373000
1748128611730 10009.064190093708 373500
1748128612188 10009.005521390374 374000
1748128612650 10008.977797062751 374500
1748128613143 10008.973453333334 375000
1748128613671 10009.000319573901 375500
1748128614166 10008.970079787234 376000
1748128614626 10008.954515272244 376500
1748128615099 10008.922864721486 377000
1748128615611 10008.940649006621 377500
1748128616073 10008.92476190476 378000
1748128616533 10008.880858652576 378500
1748128616988 10008.914498680739 379000
1748128617459 10008.893623188405 379500
1748128617937 10008.880842105262 380000
1748128618411 10008.83032851511 380500
1748128618872 10008.824737532808 381000
1748128619381 10008.823722149411 381500
1748128619858 10008.90327225131 382000
1748128620323 10008.943529411763 382500
1748128620788 10008.964843342037 383000
1748128621249 10008.941421121252 383500
1748128621705 10008.945651041668 384000
1748128622244 10009.00609882965 384500
1748128622805 10009.040831168832 385000
1748128623271 10009.12010376135 385500
1748128623799 10009.071606217618 386000
1748128624276 10009.040271668824 386500
1748128624748 10009.043462532301 387000
1748128625211 10008.979070967744 387500
1748128625667 10008.926546391753 388000
1748128626128 10008.942471042472 388500
1748128626589 10008.945796915166 389000
1748128627050 10009.006123234918 389500
1748128627515 10009.0175 390000
1748128627972 10009.073905249681 390500
1748128628422 10009.095626598466 391000
1748128628885 10009.138939974458 391500
1748128629354 10009.12631377551 392000
1748128629836 10009.126343949045 392500
1748128630296 10009.158511450381 393000
1748128630809 10009.191499364675 393500
1748128631270 10009.181370558375 394000
1748128631760 10009.163485424588 394500
1748128632218 10009.147240506329 395000
1748128632683 10009.121441213654 395500
1748128633139 10009.13095959596 396000
1748128633608 10009.133745271123 396500
1748128634073 10009.098274559194 397000
1748128634534 10009.110704402516 397500
1748128634998 10009.149836683417 398000
1748128635460 10009.172409033878 398500
1748128635922 10009.16493734336 399000
1748128636382 10009.143842302878 399500
1748128636842 10009.171575 400000
1748128637299 10009.156916354556 400500
1748128637761 10009.172543640898 401000
1748128638214 10009.166936488169 401500
1748128638679 10009.147412935323 402000
1748128639149 10009.091751552794 402500
1748128639606 10009.069987593053 403000
1748128640061 10009.029429987608 403500
1748128640516 10008.958069306931 404000
1748128641004 10008.975908529048 404500
1748128641465 10008.962802469136 405000
1748128641927 10008.952503082615 405500
1748128642388 10008.92631773399 406000
1748128642858 10008.908536285364 406500
1748128643380 10008.908181818182 407000
1748128643837 10008.894294478529 407500
1748128644300 10008.926176470588 408000
1748128644759 10008.968164014686 408500
1748128645237 10008.954584352077 409000
1748128645699 10008.965799755799 409500
1748128646159 10008.934512195121 410000
1748128646616 10008.94640682095 410500
1748128647077 10008.913321167884 411000
1748128647539 10008.887922235723 411500
1748128648003 10008.910813106795 412000
1748128648463 10008.943333333333 412500
1748128648930 10008.92495157385 413000
1748128649452 10008.870423216445 413500
1748128649910 10008.862789855071 414000
1748128650372 10008.873968636912 414500
1748128650832 10008.890289156627 415000
1748128651304 10008.830565583634 415500
1748128651769 10008.816694711539 416000
1748128652311 10008.84506602641 416500
1748128652823 10008.89401678657 417000
1748128653390 10008.862982035927 417500
1748128653931 10008.911124401913 418000
1748128654402 10008.88183990442 418500
1748128654862 10008.892422434366 419000
1748128655317 10008.84907032181 419500
1748128655799 10008.840333333334 420000
1748128656291 10008.794875148633 420500
1748128656753 10008.749809976247 421000
1748128657270 10008.724958481615 421500
1748128657821 10008.703684834123 422000
1748128658338 10008.735644970415 422500
1748128658892 10008.732399527185 423000
1748128659430 10008.730342384888 423500
1748128659930 10008.737653301889 424000
1748128660437 10008.772473498233 424500
1748128660891 10008.746576470588 425000
1748128661351 10008.732079905993 425500
1748128661809 10008.727077464788 426000
1748128662284 10008.750902696365 426500
1748128662792 10008.730128805622 427000
1748128663251 10008.700023391812 427500
1748128663715 10008.651542056074 428000
1748128664176 10008.651201866978 428500
1748128664632 10008.604685314685 429000
1748128665091 10008.55726426077 429500
1748128665545 10008.515162790696 430000
1748128666006 10008.477166085946 430500
1748128666462 10008.438051044086 431000
1748128666921 10008.455411355735 431500
1748128667377 10008.444583333332 432000
1748128667831 10008.476196531792 432500
1748128668292 10008.435923787529 433000
1748128668761 10008.424129181085 433500
1748128669228 10008.440161290324 434000
1748128669695 10008.417215189875 434500
1748128670169 10008.341528735633 435000
1748128670667 10008.341940298507 435500
1748128671136 10008.323119266055 436000
1748128671599 10008.338293241695 436500
1748128672549 10008.29281142857 437500
1748128673014 10008.284726027397 438000
1748128673478 10008.25045610034 438500
1748128673944 10008.280592255125 439000
1748128674460 10008.270386803186 439500
1748128674935 10008.212159090908 440000
1748128675410 10008.233076049943 440500
1748128675888 10008.24289115646 441000
1748128676363 10008.229898074746 441500
1748128676839 10008.245554298643 442000
1748128677317 10008.218045197738 442500
1748128677823 10008.247934537243 443000
1748128678300 10008.202908680945 443500
1748128678772 10008.245563063063 444000
1748128679245 10008.256141732285 444500
1748128679722 10008.229292134833 445000
1748128680200 10008.264074074074 445500
1748128680678 10008.38121076233 446000
1748128681198 10008.35823068309 446500
1748128681670 10008.352058165548 447000
1748128682141 10008.339675977653 447500
1748128682611 10008.3478125 448000
1748128683088 10008.285317725753 448500
1748128683566 10008.297605790645 449000
1748128684106 10008.302080088988 449500
1748128684586 10008.282644444444 450000
1748128685090 10008.310199778025 450500
1748128685565 10008.35473392461 451000
1748128686034 10008.314429678849 451500
1748128686494 10008.250265486724 452000
