1748128258523 -0.14 500
1748128258999 -0.05500000000000001 1000
1748128259461 -0.11666666666666665 1500
1748128259925 -0.1575 2000
1748128260383 -0.122 2500
1748128260841 -0.06833333333333333 3000
1748128261364 -0.11857142857142856 3500
1748128261850 -0.135 4000
1748128262345 -0.11888888888888889 4500
1748128262820 -0.11000000000000001 5000
1748128263292 -0.0881818181818182 5500
1748128263778 -0.07500000000000001 6000
1748128264362 -0.06384615384615386 6500
1748128264832 -0.04142857142857143 7000
1748128265307 -0.050666666666666665 7500
1748128265780 -0.034375 8000
1748128266717 -0.018888888888888893 9000
1748128267200 -0.00947368421052632 9500
1748128267674 0.003499999999999996 10000
1748128268135 -0.005714285714285718 10500
1748128268633 -0.00863636363636364 11000
1748128269105 0.0008695652173913003 11500
1748128269573 0.009166666666666667 12000
1748128270102 -0.0016000000000000003 12500
1748128270625 -0.01769230769230769 13000
1748128271104 -0.025925925925925925 13500
1748128271578 -0.028214285714285713 14000
1748128272034 -0.023103448275862068 14500
1748128272520 -0.024999999999999998 15000
1748128272985 0.005806451612903231 15500
1748128273482 -0.018749999999999996 16000
1748128273969 -0.010606060606060601 16500
1748128274440 0.0070588235294117676 17000
1748128274936 0.01342857142857143 17500
1748128275426 0.0175 18000
1748128275916 0.008378378378378381 18500
1748128276380 0.001315789473684213 19000
1748128276835 -0.0038461538461538438 19500
1748128277301 0.0020000000000000005 20000
1748128277758 -0.006341463414634147 20500
1748128278223 -0.006190476190476191 21000
1748128278680 -0.014883720930232559 21500
1748128279137 0.002272727272727272 22000
1748128279603 0.01511111111111111 22500
1748128280054 0.014565217391304347 23000
1748128280504 0.027872340425531918 23500
1748128280956 0.035416666666666666 24000
1748128281421 0.08836734693877552 24500
1748128281876 0.1184 25000
1748128282333 0.12549019607843137 25500
1748128282782 0.135 26000
1748128283240 0.13547169811320756 26500
1748128283693 0.1412962962962963 27000
1748128284151 0.17781818181818185 27500
1748128284615 0.1992857142857143 28000
1748128285077 0.22526315789473683 28500
1748128285526 0.2296551724137931 29000
1748128285980 0.2577966101694915 29500
1748128286433 0.2776666666666667 30000
1748128286888 0.28885245901639345 30500
1748128287339 0.2862903225806452 31000
1748128287794 0.2941269841269841 31500
1748128288248 0.30125 32000
1748128288706 0.30815384615384617 32500
1748128289162 0.32166666666666666 33000
1748128289614 0.33313432835820894 33500
1748128290073 0.34176470588235297 34000
1748128290525 0.355072463768116 34500
1748128290991 0.3721428571428572 35000
1748128291449 0.39028169014084513 35500
1748128291904 0.39569444444444446 36000
1748128292360 0.3994520547945206 36500
1748128292814 0.41716216216216223 37000
1748128293295 0.4273333333333334 37500
1748128293811 0.43184210526315797 38000
1748128294329 0.45025974025974036 38500
1748128294809 0.4580769230769232 39000
1748128295272 0.47151898734177233 39500
1748128295732 0.46587499999999993 40000
1748128296192 0.4664197530864197 40500
1748128296643 0.4624390243902438 41000
1748128297096 0.4672289156626505 41500
1748128297551 0.4646428571428571 42000
1748128298037 0.4644705882352941 42500
1748128298533 0.4609302325581395 43000
1748128299002 0.453103448275862 43500
1748128299454 0.44909090909090915 44000
1748128299906 0.44314606741573037 44500
1748128300367 0.44033333333333335 45000
1748128300824 0.4332967032967033 45500
1748128301275 0.4301086956521739 46000
1748128301729 0.4244086021505376 46500
1748128302183 0.42148936170212764 47000
1748128302636 0.4212631578947368 47500
1748128303159 0.43385416666666665 48000
1748128303664 0.4521649484536082 48500
1748128304121 0.4643877551020408 49000
1748128304584 0.46767676767676764 49500
1748128305037 0.46169999999999994 50000
1748128305492 0.4582178217821782 50500
1748128306391 0.4470873786407767 51500
1748128306845 0.4427884615384615 52000
1748128307298 0.44171428571428567 52500
1748128307762 0.4354716981132075 53000
1748128308213 0.4330841121495327 53500
1748128308664 0.42777777777777776 54000
1748128309147 0.4235779816513761 54500
1748128309608 0.41672727272727267 55000
1748128310065 0.41 55500
1748128310520 0.4042857142857143 56000
1748128310970 0.3988495575221239 56500
1748128311505 0.39280701754385966 57000
1748128312027 0.39060869565217393 57500
1748128312497 0.3887068965517242 58000
1748128312955 0.3825641025641026 58500
1748128313408 0.38008474576271195 59000
1748128313858 0.3774789915966387 59500
1748128314361 0.37224999999999997 60000
1748128314816 0.3682644628099173 60500
1748128315264 0.3671311475409835 61000
1748128315717 0.365040650406504 61500
1748128316170 0.3638709677419354 62000
1748128316620 0.3602399999999999 62500
1748128317083 0.3589682539682539 63000
1748128317537 0.3558267716535432 63500
1748128317982 0.351875 64000
1748128318436 0.34829457364341093 64500
1748128318892 0.34276923076923077 65000
1748128319403 0.33969465648854963 65500
1748128319904 0.33477272727272733 66000
1748128320357 0.3340601503759399 66500
1748128320813 0.3326865671641791 67000
1748128321275 0.3308148148148148 67500
1748128321731 0.3300735294117647 68000
1748128322180 0.3294890510948905 68500
1748128323079 0.3243884892086331 69500
1748128323538 0.32128571428571434 70000
1748128323999 0.3193617021276596 70500
1748128324457 0.3147183098591549 71000
1748128324914 0.31342657342657343 71500
1748128325369 0.31069444444444444 72000
1748128325829 0.30627586206896557 72500
1748128326294 0.3066438356164384 73000
1748128326748 0.30646258503401363 73500
1748128327202 0.3035135135135135 74000
1748128327659 0.3018791946308725 74500
1748128328125 0.3015333333333334 75000
1748128328583 0.2973509933774835 75500
1748128329035 0.295921052631579 76000
1748128329491 0.2945751633986929 76500
1748128329947 0.2940909090909091 77000
1748128330406 0.29335483870967743 77500
1748128330862 0.29044871794871796 78000
1748128331332 0.287515923566879 78500
1748128331813 0.2868354430379747 79000
1748128332311 0.28591194968553457 79500
1748128332808 0.2855625 80000
1748128333293 0.2861490683229813 80500
1748128333810 0.28512345679012346 81000
1748128334299 0.28251533742331286 81500
1748128334770 0.2813414634146341 82000
1748128335231 0.2789696969696969 82500
1748128335685 0.2769879518072289 83000
1748128336174 0.27329341317365263 83500
1748128336628 0.2704761904761905 84000
1748128337087 0.26834319526627215 84500
1748128337570 0.26499999999999996 85000
1748128338063 0.26169590643274854 85500
1748128338527 0.25959302325581396 86000
1748128338981 0.2588439306358381 86500
1748128339444 0.2561494252873563 87000
1748128339901 0.2542285714285714 87500
1748128340358 0.2535227272727273 88000
1748128340823 0.25028248587570623 88500
1748128341296 0.24808988764044945 89000
1748128341760 0.24653631284916203 89500
1748128342229 0.24433333333333335 90000
1748128342681 0.24447513812154695 90500
1748128343138 0.24241758241758243 91000
1748128343596 0.24120218579234973 91500
1748128344055 0.24070652173913046 92000
1748128344513 0.2402702702702703 92500
1748128344971 0.2399462365591398 93000
1748128345451 0.23914438502673796 93500
1748128345906 0.236968085106383 94000
1748128346365 0.2366666666666667 94500
1748128346818 0.23605263157894738 95000
1748128347270 0.23455497382198956 95500
1748128347727 0.23401041666666667 96000
1748128348180 0.23196891191709842 96500
1748128348640 0.231340206185567 97000
1748128349098 0.22974358974358972 97500
1748128349553 0.22826530612244894 98000
1748128350005 0.22781725888324872 98500
1748128350460 0.22803030303030303 99000
1748128350920 0.22753768844221106 99500
1748128351378 0.22474999999999998 100000
1748128351833 0.22402985074626866 100500
1748128352285 0.22267326732673265 101000
1748128352782 0.21995073891625616 101500
1748128353253 0.2192156862745098 102000
1748128353713 0.2173170731707317 102500
1748128354173 0.21728155339805824 103000
1748128354709 0.2152173913043478 103500
1748128355184 0.21288461538461537 104000
1748128355644 0.21277511961722487 104500
1748128356102 0.21276190476190476 105000
1748128356557 0.21118483412322273 105500
1748128357013 0.21066037735849055 106000
1748128357468 0.20929577464788732 106500
1748128357925 0.207803738317757 107000
1748128358412 0.20651162790697675 107500
1748128358913 0.20435185185185187 108000
1748128359385 0.20359447004608294 108500
1748128359847 0.2015137614678899 109000
1748128360364 0.20063926940639268 109500
1748128360855 0.2009090909090909 110000
1748128361385 0.1992760180995475 110500
1748128361911 0.19693693693693692 111000
1748128362379 0.19677130044843047 111500
1748128362845 0.19544642857142858 112000
1748128363345 0.19493333333333332 112500
1748128363810 0.19442477876106193 113000
1748128364272 0.19242290748898677 113500
1748128364731 0.19289473684210529 114000
1748128365192 0.19157205240174674 114500
1748128365655 0.19195652173913044 115000
1748128366116 0.19142857142857142 115500
1748128366574 0.19129310344827588 116000
1748128367027 0.18935622317596568 116500
1748128367494 0.18743589743589745 117000
1748128367996 0.18655319148936172 117500
1748128368459 0.18622881355932205 118000
1748128368917 0.18531645569620253 118500
1748128369372 0.18546218487394958 119000
1748128369839 0.18543933054393305 119500
1748128370292 0.18366666666666667 120000
1748128370744 0.18294605809128628 120500
1748128371201 0.1821487603305785 121000
1748128371661 0.18102880658436213 121500
1748128372121 0.1795901639344262 122000
1748128372576 0.17779591836734693 122500
1748128373030 0.17780487804878048 123000
1748128373488 0.17781376518218622 123500
1748128373948 0.17629032258064511 124000
1748128374406 0.17570281124497988 124500
1748128374859 0.17443999999999996 125000
1748128375319 0.17290836653386452 125500
1748128375774 0.17119047619047617 126000
1748128376226 0.1693280632411067 126500
1748128376685 0.16862204724409446 127000
1748128377143 0.16701960784313724 127500
1748128377601 0.166640625 128000
1748128378056 0.1657976653696498 128500
1748128378522 0.16542635658914728 129000
1748128379000 0.16374517374517372 129500
1748128379460 0.16199999999999998 130000
1748128379914 0.16203065134099617 130500
1748128380370 0.16022900763358777 131000
1748128380822 0.1596958174904943 131500
1748128381282 0.15863636363636363 132000
1748128381750 0.15916981132075472 132500
1748128382211 0.1598872180451128 133000
1748128382676 0.15943820224719102 133500
1748128383148 0.16029850746268656 134000
1748128383611 0.16104089219330855 134500
1748128384109 0.16170370370370368 135000
1748128384753 0.16269372693726936 135500
1748128385259 0.16147058823529412 136000
1748128385748 0.16241758241758242 136500
1748128386261 0.16463503649635036 137000
1748128386840 0.16323636363636365 137500
1748128387345 0.16221014492753624 138000
1748128387849 0.16184115523465703 138500
1748128388337 0.16352517985611512 139000
1748128388820 0.16333333333333333 139500
1748128389300 0.16242857142857145 140000
1748128389797 0.16320284697508897 140500
1748128390354 0.16414893617021276 141000
1748128390850 0.16356890459363957 141500
1748128391358 0.16411971830985916 142000
1748128391922 0.16505263157894737 142500
1748128392436 0.16499999999999998 143000
1748128392928 0.16526132404181185 143500
1748128393402 0.16520833333333332 144000
1748128393926 0.16418685121107268 144500
1748128394455 0.1637586206896552 145000
1748128394951 0.16316151202749143 145500
1748128395448 0.16345890410958905 146000
1748128395944 0.16372013651877132 146500
1748128396415 0.16418367346938775 147000
1748128396877 0.1640677966101695 147500
1748128397363 0.16358108108108108 148000
1748128397873 0.1623905723905724 148500
1748128398342 0.16338926174496643 149000
1748128398808 0.16224080267558527 149500
1748128399268 0.16046666666666667 150000
1748128399789 0.160797342192691 150500
1748128400289 0.15913907284768214 151000
1748128400747 0.15867986798679867 151500
1748128401204 0.15957236842105266 152000
1748128401664 0.15836065573770494 152500
1748128402136 0.15905228758169934 153000
1748128402633 0.15830618892508144 153500
1748128403126 0.15675324675324676 154000
1748128403614 0.15711974110032365 154500
1748128404093 0.1553225806451613 155000
1748128404645 0.15472668810289392 155500
1748128405205 0.1541346153846154 156000
1748128405731 0.154185303514377 156500
1748128406249 0.15687898089171975 157000
1748128406740 0.15923809523809526 157500
1748128407201 0.15958860759493673 158000
1748128407660 0.1608517350157729 158500
1748128408118 0.1611006289308176 159000
1748128408641 0.16313479623824453 159500
1748128409168 0.16246875 160000
1748128409648 0.16161993769470404 160500
1748128410117 0.1624223602484472 161000
1748128410574 0.16272445820433434 161500
1748128411048 0.16487654320987652 162000
1748128411530 0.16464615384615383 162500
1748128411993 0.1647239263803681 163000
1748128412451 0.16483180428134553 163500
1748128412917 0.16554878048780486 164000
1748128413384 0.16537993920972643 164500
1748128413869 0.16515151515151516 165000
1748128414340 0.16444108761329304 165500
1748128414860 0.1644578313253012 166000
1748128415345 0.16420420420420417 166500
1748128415835 0.16494011976047904 167000
1748128416325 0.16534328358208955 167500
1748128416867 0.16517857142857142 168000
1748128417356 0.16385756676557864 168500
1748128417947 0.16307692307692306 169000
1748128418415 0.16123893805309733 169500
1748128418936 0.15994117647058823 170000
1748128419467 0.15976539589442815 170500
1748128419944 0.15973684210526315 171000
1748128420405 0.15994169096209912 171500
1748128420869 0.15915697674418605 172000
1748128421328 0.15939130434782608 172500
1748128421822 0.1599421965317919 173000
1748128422297 0.15870317002881842 173500
1748128422804 0.15882183908045977 174000
1748128423278 0.15822349570200572 174500
1748128423805 0.15851428571428572 175000
1748128424271 0.15743589743589742 175500
1748128424738 0.15798295454545455 176000
1748128425198 0.16039660056657226 176500
1748128425650 0.16112994350282486 177000
1748128426114 0.16247887323943663 177500
1748128426568 0.16266853932584271 178000
1748128427027 0.1619047619047619 178500
1748128427488 0.16209497206703913 179000
1748128427958 0.1617548746518106 179500
1748128428419 0.1602222222222222 180000
1748128428877 0.15969529085872577 180500
1748128429344 0.1573204419889503 181000
1748128429814 0.15917355371900826 181500
1748128430273 0.16093406593406595 182000
1748128430731 0.16054794520547946 182500
1748128431197 0.16117486338797815 183000
1748128431693 0.16332425068119893 183500
1748128432171 0.16339673913043481 184000
1748128432632 0.1639566395663957 184500
1748128433102 0.16372972972972974 185000
1748128433581 0.16269541778975743 185500
1748128434056 0.161747311827957 186000
1748128434525 0.16117962466487937 186500
1748128434986 0.1602673796791444 187000
1748128435445 0.16101333333333337 187500
1748128435910 0.16223404255319152 188000
1748128436377 0.1627586206896552 188500
1748128436848 0.15949735449735453 189000
1748128437776 0.15936842105263158 190000
1748128438353 0.16018372703412073 190500
1748128438877 0.15958115183246074 191000
1748128439363 0.15986945169712793 191500
1748128439861 0.16158854166666667 192000
1748128440336 0.16103896103896104 192500
1748128440853 0.16062176165803108 193000
1748128441329 0.161343669250646 193500
1748128441794 0.15994845360824742 194000
1748128442252 0.16015424164524422 194500
1748128442718 0.15982051282051282 195000
1748128443175 0.1589769820971867 195500
1748128443636 0.16005102040816324 196000
1748128444100 0.15961832061068704 196500
1748128444558 0.15802030456852792 197000
1748128445012 0.15779746835443037 197500
1748128445469 0.15621212121212122 198000
1748128445929 0.15526448362720402 198500
1748128446432 0.15540201005025125 199000
1748128446892 0.15486215538847117 199500
1748128447354 0.15544999999999998 200000
1748128447813 0.15468827930174564 200500
1748128448305 0.1563681592039801 201000
1748128448781 0.1560545905707196 201500
1748128449286 0.15646039603960393 202000
1748128449876 0.1554320987654321 202500
1748128450379 0.15448275862068966 203000
1748128450885 0.15400491400491398 203500
1748128451387 0.15566176470588233 204000
1748128451848 0.1547677261613692 204500
1748128452319 0.15446341463414634 205000
1748128452791 0.15369829683698297 205500
1748128453258 0.15388349514563104 206000
1748128453719 0.15440677966101693 206500
1748128454180 0.15379227053140096 207000
1748128454653 0.15269879518072288 207500
1748128455170 0.15201923076923077 208000
1748128455635 0.1508872901678657 208500
1748128456097 0.14918660287081337 209000
1748128456554 0.14837708830548924 209500
1748128457018 0.14773809523809522 210000
1748128457469 0.14776722090261282 210500
1748128457934 0.14855450236966825 211000
1748128458413 0.14943262411347516 211500
1748128458884 0.15011792452830186 212000
1748128459404 0.1500470588235294 212500
1748128459901 0.14889671361502346 213000
1748128460379 0.14936768149882904 213500
1748128460851 0.14971962616822426 214000
1748128461377 0.14934731934731932 214500
1748128461850 0.14762790697674416 215000
1748128462354 0.14714617169373548 215500
1748128462835 0.1469212962962963 216000
1748128463321 0.1479676674364896 216500
1748128463813 0.14827188940092165 217000
1748128464336 0.1483448275862069 217500
1748128464825 0.14793577981651376 218000
1748128465314 0.1490846681922197 218500
1748128465802 0.14835616438356164 219000
1748128466284 0.14835990888382686 219500
1748128466756 0.1489772727272727 220000
1748128467229 0.14959183673469387 220500
1748128467714 0.14852941176470588 221000
1748128468190 0.14844243792325054 221500
1748128468676 0.14835585585585587 222000
1748128469163 0.14838202247191012 222500
1748128469725 0.14852017937219733 223000
1748128470264 0.14789709172259508 223500
1748128470743 0.14747767857142854 224000
1748128471208 0.14817371937639198 224500
1748128471691 0.14786666666666667 225000
1748128472172 0.14658536585365853 225500
1748128472650 0.1481637168141593 226000
1748128473119 0.1522075055187638 226500
1748128473596 0.15290748898678413 227000
1748128474081 0.15294505494505495 227500
1748128474565 0.1525219298245614 228000
1748128475046 0.15188183807439823 228500
1748128475520 0.15137554585152838 229000
1748128476039 0.1505664488017429 229500
1748128476518 0.15071739130434783 230000
1748128476993 0.1511713665943601 230500
1748128477477 0.1506926406926407 231000
1748128477946 0.15010799136069114 231500
1748128478425 0.15116379310344827 232000
1748128478912 0.15169892473118277 232500
1748128479387 0.15229613733905578 233000
1748128479861 0.15226980728051392 233500
1748128480334 0.15254273504273505 234000
1748128480814 0.15296375266524523 234500
1748128481302 0.1532340425531915 235000
1748128481786 0.15278131634819533 235500
1748128482295 0.15249999999999997 236000
1748128482772 0.15283298097251585 236500
1748128483250 0.15343881856540081 237000
1748128483734 0.1525894736842105 237500
1748128484215 0.15294117647058822 238000
1748128485159 0.15186192468619247 239000
1748128485686 0.15162839248434237 239500
1748128486168 0.15177083333333333 240000
1748128486642 0.15147609147609145 240500
1748128487114 0.15076763485477176 241000
1748128487600 0.15057971014492752 241500
1748128488078 0.14952479338842975 242000
1748128488540 0.1492783505154639 242500
1748128489004 0.14930041152263374 243000
1748128489458 0.14887063655030802 243500
1748128489918 0.14702868852459017 244000
1748128490381 0.14603271983640081 244500
1748128490847 0.14616326530612245 245000
1748128491312 0.14482688391038698 245500
1748128491769 0.14467479674796746 246000
1748128492239 0.14452332657200812 246500
1748128492708 0.14392712550607287 247000
1748128493225 0.14426262626262626 247500
1748128493688 0.14360887096774191 248000
1748128494145 0.14338028169014083 248500
1748128494601 0.14251004016064256 249000
1748128495073 0.14208416833667334 249500
1748128495529 0.14215999999999998 250000
1748128495989 0.14205588822355286 250500
1748128496441 0.14179282868525894 251000
1748128496907 0.141610337972167 251500
1748128497364 0.1410515873015873 252000
1748128497822 0.14023762376237622 252500
1748128498312 0.14059288537549405 253000
1748128498779 0.14031558185404336 253500
1748128499234 0.13976377952755906 254000
1748128499708 0.13884086444007857 254500
1748128500184 0.13833333333333334 255000
1748128500659 0.13859099804305283 255500
1748128501167 0.13859375 256000
1748128501624 0.13789473684210526 256500
1748128502091 0.13717898832684824 257000
1748128502560 0.13720388349514562 257500
1748128503089 0.13660852713178293 258000
1748128503565 0.13617021276595745 258500
1748128504023 0.13594594594594592 259000
1748128504491 0.13578034682080925 259500
1748128504950 0.13492307692307692 260000
1748128505410 0.13431861804222647 260500
1748128505880 0.13404214559386973 261000
1748128506355 0.1337476099426386 261500
1748128506898 0.13200381679389311 262000
1748128507355 0.13123809523809524 262500
1748128507811 0.13077946768060836 263000
1748128508286 0.13096774193548386 263500
1748128508769 0.13005681818181816 264000
1748128509231 0.1303024574669187 264500
1748128509730 0.12988679245283016 265000
1748128510233 0.12900188323917136 265500
1748128510709 0.12864661654135337 266000
1748128511189 0.12801125703564725 266500
1748128511719 0.12765917602996252 267000
1748128512179 0.1270093457943925 267500
1748128512638 0.12708955223880597 268000
1748128513093 0.12716945996275603 268500
1748128513558 0.12676579925650555 269000
1748128514024 0.12569573283858998 269500
1748128514516 0.12598148148148147 270000
1748128514976 0.1255822550831793 270500
1748128515437 0.12564575645756457 271000
1748128515917 0.12541436464088396 271500
1748128516385 0.12481617647058825 272000
1748128516860 0.12486238532110092 272500
1748128517330 0.12450549450549452 273000
1748128517786 0.12374771480804388 273500
1748128518298 0.12364963503649636 274000
1748128518768 0.12295081967213115 274500
1748128519220 0.12347272727272726 275000
1748128519687 0.12321234119782214 275500
1748128520164 0.12282608695652174 276000
1748128520629 0.12231464737793851 276500
1748128521097 0.12176895306859208 277000
1748128521576 0.12142342342342342 277500
1748128522063 0.12071942446043166 278000
1748128522532 0.11998204667863555 278500
1748128522993 0.11996415770609319 279000
1748128523479 0.11989266547406084 279500
1748128523954 0.11994642857142858 280000
1748128524412 0.11983957219251337 280500
1748128524871 0.11987544483985765 281000
1748128525331 0.11992895204262877 281500
1748128525828 0.120177304964539 282000
1748128526289 0.1199646017699115 282500
1748128526745 0.11936395759717315 283000
1748128527203 0.11901234567901235 283500
1748128527664 0.11919014084507043 284000
1748128528152 0.11908611599297013 284500
1748128528669 0.11938596491228072 285000
1748128529123 0.1192644483362522 285500
1748128529582 0.1190734265734266 286000
1748128530040 0.11877835951134381 286500
1748128530506 0.11895470383275261 287000
1748128530966 0.1184521739130435 287500
1748128531428 0.11835069444444445 288000
1748128531884 0.11852686308492201 288500
1748128532347 0.11792387543252594 289000
1748128532815 0.11791018998272884 289500
1748128533273 0.11805172413793104 290000
1748128533734 0.1176592082616179 290500
1748128534196 0.11685567010309277 291000
1748128534659 0.11619210977701543 291500
1748128535118 0.11597602739726026 292000
1748128535570 0.11572649572649571 292500
1748128536034 0.11609215017064847 293000
1748128536491 0.11589437819420784 293500
1748128537019 0.11617346938775511 294000
1748128537487 0.1163497453310696 294500
1748128537942 0.11630508474576272 295000
1748128538414 0.1163451776649746 295500
1748128538906 0.11592905405405404 296000
1748128539371 0.11529510961214166 296500
1748128539827 0.11513468013468013 297000
1748128540279 0.11442016806722691 297500
1748128540742 0.11345637583892618 298000
1748128541200 0.11333333333333333 298500
1748128541664 0.11249163879598664 299000
1748128542120 0.11235392320534225 299500
1748128542572 0.11271666666666666 300000
1748128543086 0.11276206322795343 300500
1748128543545 0.11210963455149503 301000
1748128544031 0.11253731343283582 301500
1748128544487 0.11279801324503311 302000
1748128544944 0.1128099173553719 302500
1748128545396 0.11250825082508252 303000
1748128545853 0.11177924217462934 303500
1748128546316 0.11164473684210525 304000
1748128546779 0.11123152709359607 304500
1748128547233 0.11101639344262294 305000
1748128547686 0.1107037643207856 305500
1748128548137 0.11065359477124183 306000
1748128548597 0.11081566068515498 306500
1748128549058 0.1106840390879479 307000
1748128549544 0.11078048780487804 307500
1748128550069 0.11107142857142857 308000
1748128551020 0.11003236245954692 309000
1748128551495 0.10954765751211631 309500
1748128552035 0.10966129032258067 310000
1748128552496 0.1099838969404187 310500
1748128552955 0.10977491961414791 311000
1748128553433 0.10971107544141254 311500
1748128553962 0.10971153846153847 312000
1748128554425 0.109152 312500
1748128554895 0.10891373801916934 313000
1748128555362 0.10917065390749602 313500
1748128555822 0.10917197452229299 314000
1748128556277 0.10864864864864865 314500
1748128556734 0.10793650793650794 315000
1748128557194 0.10732171156893819 315500
1748128557650 0.10765822784810128 316000
1748128558109 0.10796208530805687 316500
1748128558573 0.10731861198738171 317000
1748128559029 0.10743307086614173 317500
1748128559483 0.10715408805031447 318000
1748128559940 0.10739403453689167 318500
1748128560393 0.10708463949843261 319000
1748128560854 0.10655712050078248 319500
1748128561324 0.106625 320000
1748128561785 0.10648985959438376 320500
1748128562249 0.10679127725856698 321000
1748128562711 0.10620528771384136 321500
1748128563196 0.10638198757763974 322000
1748128563655 0.10609302325581395 322500
1748128564116 0.10546439628482972 323000
1748128564574 0.10579598145285933 323500
1748128565038 0.10584876543209877 324000
1748128565591 0.1053775038520801 324500
1748128566046 0.10563076923076922 325000
1748128566535 0.10572964669738863 325500
1748128567001 0.1056441717791411 326000
1748128567510 0.1052833078101072 326500
1748128567969 0.10444954128440367 327000
1748128568439 0.10453435114503816 327500
1748128568964 0.1048780487804878 328000
1748128569482 0.10445966514459665 328500
1748128569964 0.10411854103343465 329000
1748128570438 0.10420333839150228 329500
1748128570906 0.10387878787878788 330000
1748128571368 0.10343419062027231 330500
1748128571835 0.10351963746223565 331000
1748128572294 0.10372549019607842 331500
1748128572757 0.10368975903614457 332000
1748128573213 0.10403007518796992 332500
1748128573684 0.10427927927927928 333000
1748128574159 0.10419790104947527 333500
1748128574615 0.1037125748502994 334000
1748128575067 0.10331838565022422 334500
1748128575534 0.10322388059701491 335000
1748128576075 0.10265275707898658 335500
1748128576551 0.10171130952380951 336000
1748128577055 0.10191679049034176 336500
1748128577518 0.10126112759643917 337000
1748128577982 0.10108148148148148 337500
1748128578457 0.10100591715976331 338000
1748128578926 0.10057607090103397 338500
1748128579422 0.10008849557522123 339000
1748128579891 0.10041237113402063 339500
1748128580359 0.10051470588235294 340000
1748128580833 0.10014684287812041 340500
1748128581303 0.1 341000
1748128581766 0.09951683748169839 341500
1748128582241 0.09909356725146198 342000
1748128582710 0.0991970802919708 342500
1748128583180 0.09927113702623906 343000
1748128583650 0.09905385735080058 343500
1748128584115 0.09857558139534883 344000
1748128584568 0.09841799709724239 344500
1748128585033 0.09850724637681159 345000
1748128585494 0.09811866859623733 345500
1748128585960 0.09809248554913294 346000
1748128586490 0.09832611832611833 346500
1748128586949 0.09778097982708933 347000
1748128587411 0.098 347500
1748128587866 0.09801724137931034 348000
1748128588324 0.09763271162123385 348500
1748128588783 0.09716332378223495 349000
1748128589239 0.09663805436337625 349500
1748128589695 0.0962857142857143 350000
1748128590154 0.09619115549215405 350500
1748128590613 0.09586894586894587 351000
1748128591073 0.09603129445234707 351500
1748128591525 0.09563920454545456 352000
1748128591978 0.09568794326241135 352500
1748128592436 0.09583569405099152 353000
1748128592898 0.09544554455445545 353500
1748128593359 0.09560734463276836 354000
1748128593815 0.09535966149506347 354500
1748128594272 0.09540845070422536 355000
1748128594796 0.09521800281293953 355500
1748128595313 0.09525280898876405 356000
1748128595772 0.09517531556802244 356500
1748128596226 0.09446778711484594 357000
1748128596692 0.09387412587412589 357500
1748128597152 0.09350558659217878 358000
1748128597608 0.09290097629009762 358500
1748128598060 0.0932590529247911 359000
1748128598519 0.0926008344923505 359500
1748128598990 0.09300000000000001 360000
1748128599507 0.09305131761442441 360500
1748128599967 0.09296398891966759 361000
1748128600425 0.09313969571230983 361500
1748128600887 0.09332872928176794 362000
1748128601349 0.09357241379310345 362500
1748128601808 0.09365013774104684 363000
1748128602269 0.09370013755158185 363500
1748128602724 0.09387362637362638 364000
1748128603190 0.09353909465020575 364500
1748128603653 0.09364383561643835 365000
1748128604116 0.09326949384404926 365500
1748128604572 0.09331967213114754 366000
1748128605086 0.09341064120054571 366500
1748128605552 0.09341961852861035 367000
1748128606054 0.0934013605442177 367500
1748128606525 0.09305706521739132 368000
1748128606986 0.09291723202170966 368500
1748128607478 0.09228997289972901 369000
1748128607965 0.09227334235453317 369500
1748128608489 0.09185135135135136 370000
1748128608969 0.09168690958164644 370500
1748128609432 0.09148247978436659 371000
1748128609888 0.09115746971736206 371500
1748128610346 0.09141129032258065 372000
1748128610804 0.09134228187919465 372500
1748128611269 0.09104557640750673 373000
1748128611730 0.090615796519411 373500
1748128612188 0.09002673796791447 374000
1748128612650 0.08974632843791724 374500
1748128613142 0.08970666666666668 375000
1748128613670 0.08997336884154462 375500
1748128614166 0.08966755319148938 376000
1748128614626 0.08950863213811422 376500
1748128615099 0.08919098143236075 377000
1748128615610 0.08936423841059603 377500
1748128616073 0.0892063492063492 378000
1748128616532 0.08877146631439894 378500
1748128616987 0.0891029023746702 379000
1748128617459 0.08889328063241106 379500
1748128617937 0.08876315789473685 380000
1748128618411 0.08825229960578188 380500
1748128618872 0.08820209973753282 381000
1748128619381 0.08819134993446921 381500
1748128619858 0.08899214659685865 382000
1748128620322 0.08939869281045754 382500
1748128620788 0.08960835509138383 383000
1748128621249 0.08937418513689702 383500
1748128621705 0.0894140625 384000
1748128622244 0.09001300390117035 384500
1748128622805 0.09036363636363637 385000
1748128623271 0.09115434500648509 385500
1748128623799 0.09067357512953368 386000
1748128624276 0.09036222509702457 386500
1748128624748 0.09040051679586564 387000
1748128625211 0.08975483870967742 387500
1748128625667 0.08922680412371134 388000
1748128626128 0.08938223938223938 388500
1748128626589 0.08942159383033418 389000
1748128627050 0.09002567394094993 389500
1748128627514 0.09014102564102565 390000
1748128627972 0.09070422535211269 390500
1748128628422 0.09092071611253197 391000
1748128628885 0.09135376756066411 391500
1748128629353 0.09122448979591836 392000
1748128629835 0.09122292993630574 392500
1748128630296 0.09153944020356233 393000
1748128630809 0.09186785260482846 393500
1748128631269 0.09176395939086295 394000
1748128631760 0.09158428390367553 394500
1748128632218 0.09141772151898735 395000
1748128632683 0.09116308470290771 395500
1748128633139 0.09126262626262627 396000
1748128633608 0.09128625472887766 396500
1748128634072 0.09093198992443323 397000
1748128634533 0.09105660377358489 397500
1748128634997 0.09144472361809045 398000
1748128635460 0.09166875784190716 398500
1748128635922 0.09159147869674183 399000
1748128636382 0.09137672090112639 399500
1748128636842 0.09165 400000
1748128637298 0.09149812734082396 400500
1748128637761 0.09165835411471321 401000
1748128638214 0.09160647571606474 401500
1748128638679 0.09140547263681592 402000
1748128639148 0.0908447204968944 402500
1748128639605 0.09063275434243175 403000
1748128640060 0.09022304832713753 403500
1748128640516 0.0895049504950495 404000
1748128641003 0.08967861557478368 404500
1748128641465 0.08954320987654321 405000
1748128641927 0.08944512946979037 405500
1748128642388 0.08918719211822658 406000
1748128642857 0.08900369003690037 406500
1748128643380 0.08900491400491399 407000
1748128643837 0.08887116564417177 407500
1748128644300 0.08919117647058822 408000
1748128644758 0.08960832313341492 408500
1748128645237 0.08947432762836184 409000
1748128645698 0.08958485958485957 409500
1748128646159 0.08926829268292681 410000
1748128646616 0.08939098660170522 410500
1748128647077 0.0890632603406326 411000
1748128647538 0.08880923450789792 411500
1748128648003 0.08904126213592232 412000
1748128648463 0.08936969696969696 412500
1748128648930 0.08918886198547214 413000
1748128649452 0.08864570737605802 413500
1748128649910 0.08857487922705312 414000
1748128650371 0.08868516284680338 414500
1748128650832 0.08884337349397589 415000
1748128651303 0.08824308062575209 415500
1748128651769 0.08810096153846153 416000
1748128652310 0.08837935174069626 416500
1748128652822 0.08887290167865707 417000
1748128653389 0.08856287425149699 417500
1748128653931 0.08904306220095694 418000
1748128654402 0.08874551971326165 418500
1748128654862 0.088854415274463 419000
1748128655316 0.08842669845053636 419500
1748128655799 0.08834523809523809 420000
1748128656290 0.08789536266349582 420500
1748128656753 0.08744655581947743 421000
1748128657269 0.08720047449584815 421500
1748128657821 0.08699052132701421 422000
1748128658338 0.08731360946745562 422500
1748128658891 0.08728132387706855 423000
1748128659429 0.08726092089728453 423500
1748128659930 0.08733490566037734 424000
1748128660436 0.08767962308598351 424500
1748128660891 0.08742352941176469 425000
1748128661351 0.08727379553466508 425500
1748128661809 0.08721830985915492 426000
1748128662284 0.08745603751465415 426500
1748128662791 0.08724824355971895 427000
1748128663251 0.08694736842105262 427500
1748128663715 0.08646028037383177 428000
1748128664175 0.08645274212368727 428500
1748128664632 0.08599067599067597 429000
1748128665091 0.08551804423748544 429500
1748128665544 0.08509302325581394 430000
1748128666006 0.08471544715447155 430500
1748128666462 0.08432714617169373 431000
1748128666921 0.08449594438006951 431500
1748128667377 0.08438657407407407 432000
1748128667831 0.08470520231213872 432500
1748128668292 0.08430715935334872 433000
1748128668761 0.08418685121107265 433500
1748128669228 0.08434331797235023 434000
1748128669695 0.08410817031070196 434500
1748128670169 0.08335632183908046 435000
1748128670667 0.08336394948335246 435500
1748128671136 0.08317660550458715 436000
1748128671599 0.08333333333333333 436500
1748128672549 0.08288 437500
1748128673014 0.08279680365296804 438000
1748128673478 0.08245153933865451 438500
1748128673944 0.08275626423690205 439000
1748128674459 0.08265073947667803 439500
1748128674934 0.08206818181818182 440000
1748128675410 0.08228149829738933 440500
1748128675887 0.08238095238095237 441000
1748128676363 0.08225368063420158 441500
1748128676838 0.08240950226244344 442000
1748128677316 0.08213559322033898 442500
1748128677823 0.08243792325056433 443000
1748128678300 0.08198421645997746 443500
1748128678771 0.0824099099099099 444000
1748128679245 0.08251968503937007 444500
1748128679722 0.08224719101123595 445000
1748128680200 0.08259259259259259 445500
1748128680678 0.08376681614349776 446000
1748128681197 0.08353863381858902 446500
1748128681670 0.08347874720357941 447000
1748128682141 0.08335195530726257 447500
1748128682611 0.08343749999999998 448000
1748128683087 0.08280936454849498 448500
1748128683565 0.08292873051224944 449000
1748128684105 0.08296996662958842 449500
1748128684586 0.08277777777777778 450000
1748128685090 0.08305216426193118 450500
1748128685564 0.08349223946784923 451000
1748128686033 0.08308970099667774 451500
1748128686493 0.08244469026548673 452000
