1748128258524 10.0 500
1748128259000 5.5 1000
1748128259462 4.0 1500
1748128259925 4.25 2000
1748128260384 4.0 2500
1748128260842 3.6666666666666665 3000
1748128261364 3.4285714285714284 3500
1748128261851 3.25 4000
1748128262346 3.111111111111111 4500
1748128262821 3.2 5000
1748128263293 3.090909090909091 5500
1748128263779 2.9166666666666665 6000
1748128264363 3.230769230769231 6500
1748128264833 3.0714285714285716 7000
1748128265307 3.0 7500
1748128265781 2.875 8000
1748128266717 2.6666666666666665 9000
1748128267201 2.6315789473684212 9500
1748128267675 2.7 10000
1748128268136 3.142857142857143 10500
1748128268634 3.0454545454545454 11000
1748128269106 3.3043478260869565 11500
1748128269573 3.2916666666666665 12000
1748128270103 3.2 12500
1748128270626 3.8076923076923075 13000
1748128271105 3.7777777777777777 13500
1748128271579 4.464285714285714 14000
1748128272035 4.413793103448276 14500
1748128272521 5.5 15000
1748128272986 12.64516129032258 15500
1748128273483 18.8125 16000
1748128273969 18.515151515151516 16500
1748128274441 22.029411764705884 17000
1748128274936 21.428571428571427 17500
1748128275426 20.86111111111111 18000
1748128275917 20.324324324324323 18500
1748128276381 20.18421052631579 19000
1748128276836 19.743589743589745 19500
1748128277302 19.975 20000
1748128277758 19.51219512195122 20500
1748128278223 19.11904761904762 21000
1748128278681 18.767441860465116 21500
1748128279138 19.431818181818183 22000
1748128279604 19.4 22500
1748128280055 19.17391304347826 23000
1748128280504 19.06382978723404 23500
1748128280956 19.5 24000
1748128281422 20.571428571428573 24500
1748128281877 21.02 25000
1748128282333 21.137254901960784 25500
1748128282783 21.615384615384617 26000
1748128283240 21.58490566037736 26500
1748128283694 22.37037037037037 27000
1748128284152 23.509090909090908 27500
1748128284615 25.196428571428573 28000
1748128285078 26.05263157894737 28500
1748128285526 26.637931034482758 29000
1748128285981 27.372881355932204 29500
1748128286433 28.2 30000
1748128286889 28.278688524590162 30500
1748128287340 27.838709677419356 31000
1748128287795 27.92063492063492 31500
1748128288249 27.953125 32000
1748128288706 28.384615384615383 32500
1748128289163 28.848484848484848 33000
1748128289615 29.44776119402985 33500
1748128290073 29.705882352941178 34000
1748128290526 29.840579710144926 34500
1748128290992 30.214285714285715 35000
1748128291450 31.464788732394368 35500
1748128291905 32.708333333333336 36000
1748128292361 33.71232876712329 36500
1748128292815 34.608108108108105 37000
1748128293296 35.74666666666667 37500
1748128293812 37.4078947368421 38000
1748128294329 39.36363636363637 38500
1748128294809 40.6025641025641 39000
1748128295272 42.65822784810127 39500
1748128295732 44.025 40000
1748128296193 45.25925925925926 40500
1748128296644 46.78048780487805 41000
1748128297097 48.493975903614455 41500
1748128297551 48.19047619047619 42000
1748128298037 47.96470588235294 42500
1748128298534 47.5 43000
1748128299003 47.10344827586207 43500
1748128299454 46.57954545454545 44000
1748128299906 46.06741573033708 44500
1748128300368 45.58888888888889 45000
1748128300825 45.18681318681319 45500
1748128301275 44.70652173913044 46000
1748128301729 44.30107526881721 46500
1748128302184 45.02127659574468 47000
1748128302637 45.93684210526316 47500
1748128303160 47.4375 48000
1748128303664 49.06185567010309 48500
1748128304122 51.3469387755102 49000
1748128304585 52.14141414141414 49500
1748128305038 52.1 50000
1748128305493 51.59405940594059 50500
1748128306392 50.737864077669904 51500
1748128306846 50.31730769230769 52000
1748128307299 49.84761904761905 52500
1748128307763 49.443396226415096 53000
1748128308213 48.99065420560748 53500
1748128308665 48.56481481481482 54000
1748128309148 48.14678899082569 54500
1748128309609 47.80909090909091 55000
1748128310066 47.47747747747748 55500
1748128310520 47.080357142857146 56000
1748128310970 46.67256637168141 56500
1748128311505 46.37719298245614 57000
1748128312028 45.982608695652175 57500
1748128312497 45.5948275862069 58000
1748128312956 45.31623931623932 58500
1748128313409 44.940677966101696 59000
1748128313859 44.57142857142857 59500
1748128314362 44.24166666666667 60000
1748128314816 43.88429752066116 60500
1748128315265 43.532786885245905 61000
1748128315718 43.235772357723576 61500
1748128316171 42.895161290322584 62000
1748128316621 42.608 62500
1748128317084 42.27777777777778 63000
1748128317538 41.95275590551181 63500
1748128317983 41.6953125 64000
1748128318437 41.44186046511628 64500
1748128318893 41.238461538461536 65000
1748128319404 40.97709923664122 65500
1748128319905 40.765151515151516 66000
1748128320357 40.46616541353384 66500
1748128320814 40.17164179104478 67000
1748128321276 39.88148148148148 67500
1748128321732 39.595588235294116 68000
1748128322181 39.31386861313869 68500
1748128323080 38.75539568345324 69500
1748128323538 38.5 70000
1748128323999 38.234042553191486 70500
1748128324458 38.070422535211264 71000
1748128324915 37.89510489510489 71500
1748128325369 37.68055555555556 72000
1748128325830 37.51034482758621 72500
1748128326295 37.26027397260274 73000
1748128326749 37.01360544217687 73500
1748128327203 36.83783783783784 74000
1748128327660 36.59731543624161 74500
1748128328125 36.36 75000
1748128328583 36.21854304635762 75500
1748128329036 35.98684210526316 76000
1748128329492 35.75816993464052 76500
1748128329948 35.532467532467535 77000
1748128330406 35.36129032258064 77500
1748128330863 35.19230769230769 78000
1748128331333 35.01273885350319 78500
1748128331814 34.87341772151899 79000
1748128332312 34.660377358490564 79500
1748128332808 34.5 80000
1748128333294 34.29192546583851 80500
1748128333810 34.08641975308642 81000
1748128334299 33.9079754601227 81500
1748128334771 33.707317073170735 82000
1748128335232 33.53333333333333 82500
1748128335685 33.373493975903614 83000
1748128336175 33.23952095808383 83500
1748128336629 33.11904761904762 84000
1748128337088 32.95266272189349 84500
1748128337571 32.83529411764706 85000
1748128338063 32.73099415204678 85500
1748128338527 32.56976744186046 86000
1748128338982 32.38728323699422 86500
1748128339444 32.206896551724135 87000
1748128339902 32.08571428571429 87500
1748128340359 31.931818181818183 88000
1748128340824 31.836158192090394 88500
1748128341296 31.741573033707866 89000
1748128341761 31.56983240223464 89500
1748128342230 31.455555555555556 90000
1748128342681 31.287292817679557 90500
1748128343138 31.12087912087912 91000
1748128343596 30.956284153005466 91500
1748128344056 30.793478260869566 92000
1748128344514 30.71891891891892 92500
1748128344972 30.559139784946236 93000
1748128345451 30.41176470588235 93500
1748128345906 30.329787234042552 94000
1748128346366 30.174603174603174 94500
1748128346818 30.042105263157893 95000
1748128347271 29.900523560209425 95500
1748128347727 29.8125 96000
1748128348180 29.673575129533678 96500
1748128348640 29.52577319587629 97000
1748128349099 29.379487179487178 97500
1748128349554 29.255102040816325 98000
1748128350006 29.111675126903553 98500
1748128350461 28.96969696969697 99000
1748128350920 28.829145728643216 99500
1748128351378 28.72 100000
1748128351834 28.582089552238806 100500
1748128352286 28.514851485148515 101000
1748128352782 28.408866995073893 101500
1748128353253 28.274509803921568 102000
1748128353713 28.2 102500
1748128354173 28.067961165048544 103000
1748128354710 27.93719806763285 103500
1748128355185 27.865384615384617 104000
1748128355645 27.736842105263158 104500
1748128356103 27.61904761904762 105000
1748128356558 27.492890995260662 105500
1748128357014 27.367924528301888 106000
1748128357468 27.262910798122064 106500
1748128357926 27.16822429906542 107000
1748128358413 27.074418604651164 107500
1748128358914 27.01851851851852 108000
1748128359385 26.92626728110599 108500
1748128359848 26.834862385321102 109000
1748128360365 26.771689497716896 109500
1748128360856 26.654545454545456 110000
1748128361386 26.56561085972851 110500
1748128361911 26.513513513513512 111000
1748128362379 26.39910313901345 111500
1748128362846 26.294642857142858 112000
1748128363346 26.217777777777776 112500
1748128363810 26.106194690265486 113000
1748128364272 26.030837004405285 113500
1748128364732 25.92105263157895 114000
1748128365192 25.812227074235807 114500
1748128365655 25.704347826086956 115000
1748128366116 25.5974025974026 115500
1748128366574 25.49137931034483 116000
1748128367027 25.40343347639485 116500
1748128367495 25.35042735042735 117000
1748128367997 25.2468085106383 117500
1748128368460 25.14406779661017 118000
1748128368918 25.042194092827003 118500
1748128369372 24.941176470588236 119000
1748128369840 24.84100418410042 119500
1748128370293 24.775 120000
1748128370744 24.676348547717843 120500
1748128371202 24.611570247933884 121000
1748128371661 24.51440329218107 121500
1748128372121 24.418032786885245 122000
1748128372576 24.37142857142857 122500
1748128373031 24.276422764227643 123000
1748128373489 24.182186234817813 123500
1748128373948 24.129032258064516 124000
1748128374407 24.052208835341364 124500
1748128374860 23.96 125000
1748128375320 23.90836653386454 125500
1748128375775 23.857142857142858 126000
1748128376226 23.782608695652176 126500
1748128376686 23.69291338582677 127000
1748128377144 23.611764705882354 127500
1748128377601 23.5234375 128000
1748128378057 23.603112840466927 128500
1748128378523 23.515503875968992 129000
1748128379001 23.47104247104247 129500
1748128379461 23.423076923076923 130000
1748128379915 23.337164750957854 130500
1748128380371 23.33587786259542 131000
1748128380823 23.250950570342205 131500
1748128381282 23.261363636363637 132000
1748128381750 23.192452830188678 132500
1748128382212 23.349624060150376 133000
1748128382677 23.314606741573034 133500
1748128383148 23.23134328358209 134000
1748128383612 23.364312267657994 134500
1748128384109 23.333333333333332 135000
1748128384754 23.273062730627306 135500
1748128385259 23.238970588235293 136000
1748128385749 23.39194139194139 136500
1748128386262 23.697080291970803 137000
1748128386841 23.705454545454547 137500
1748128387346 23.630434782608695 138000
1748128387849 23.577617328519857 138500
1748128388337 23.776978417266186 139000
1748128388821 23.949820788530467 139500
1748128389300 24.010714285714286 140000
1748128389798 24.483985765124554 140500
1748128390354 24.648936170212767 141000
1748128390851 24.92226148409894 141500
1748128391359 24.838028169014084 142000
1748128391923 24.873684210526317 142500
1748128392437 24.79020979020979 143000
1748128392929 24.801393728222997 143500
1748128393402 24.864583333333332 144000
1748128393927 24.965397923875432 144500
1748128394456 24.882758620689657 145000
1748128394951 24.8213058419244 145500
1748128395448 24.78082191780822 146000
1748128395944 24.860068259385667 146500
1748128396415 25.078231292517007 147000
1748128396878 25.06779661016949 147500
1748128397364 25.26689189189189 148000
1748128397874 25.28956228956229 148500
1748128398343 25.369127516778523 149000
1748128398809 25.662207357859533 149500
1748128399269 25.656666666666666 150000
1748128399790 25.58139534883721 150500
1748128400290 25.589403973509935 151000
1748128400747 25.58745874587459 151500
1748128401205 25.707236842105264 152000
1748128401665 25.708196721311474 152500
1748128402136 25.797385620915033 153000
1748128402633 25.879478827361563 153500
1748128403127 26.022727272727273 154000
1748128403615 26.045307443365697 154500
1748128404094 26.083870967741934 155000
1748128404646 26.138263665594856 155500
1748128405206 26.34294871794872 156000
1748128405732 26.357827476038338 156500
1748128406250 26.627388535031848 157000
1748128406740 27.022222222222222 157500
1748128407202 27.009493670886076 158000
1748128407661 27.167192429022084 158500
1748128408119 27.132075471698112 159000
1748128408641 27.448275862068964 159500
1748128409169 27.590625 160000
1748128409648 27.573208722741434 160500
1748128410117 27.698757763975156 161000
1748128410575 27.897832817337463 161500
1748128411049 28.234567901234566 162000
1748128411532 28.31692307692308 162500
1748128411994 28.386503067484664 163000
1748128412452 28.62691131498471 163500
1748128412918 28.88109756097561 164000
1748128413384 28.86626139817629 164500
1748128413870 28.82121212121212 165000
1748128414341 28.90332326283988 165500
1748128414861 28.906626506024097 166000
1748128415346 28.85885885885886 166500
1748128415836 28.823353293413174 167000
1748128416326 28.740298507462686 167500
1748128416868 28.824404761904763 168000
1748128417356 28.97032640949555 168500
1748128417948 28.943786982248522 169000
1748128418416 28.92920353982301 169500
1748128418937 28.902941176470588 170000
1748128419467 28.826979472140764 170500
1748128419944 28.883040935672515 171000
1748128420406 28.895043731778426 171500
1748128420869 29.101744186046513 172000
1748128421329 29.208695652173912 172500
1748128421823 29.49421965317919 173000
1748128422298 29.507204610951007 173500
1748128422804 29.721264367816094 174000
1748128423279 29.830945558739256 174500
1748128423806 29.837142857142858 175000
1748128424271 30.15099715099715 175500
1748128424739 30.198863636363637 176000
1748128425199 30.886685552407933 176500
1748128425651 31.112994350282484 177000
1748128426114 31.67042253521127 177500
1748128426569 31.778089887640448 178000
1748128427028 31.72829131652661 178500
1748128427489 32.03072625698324 179000
1748128427958 32.203342618384404 179500
1748128428419 32.397222222222226 180000
1748128428878 32.70637119113574 180500
1748128429344 33.17955801104972 181000
1748128429814 33.79614325068871 181500
1748128430274 33.994505494505496 182000
1748128430731 34.367123287671234 182500
1748128431198 34.89344262295082 183000
1748128431694 35.228882833787466 183500
1748128432171 35.61684782608695 184000
1748128432633 35.929539295392956 184500
1748128433102 36.57297297297297 185000
1748128433581 37.0188679245283 185500
1748128434056 37.545698924731184 186000
1748128434526 38.1313672922252 186500
1748128434986 38.67112299465241 187000
1748128435446 39.336 187500
1748128435911 39.74202127659574 188000
1748128436378 40.44827586206897 188500
1748128436849 41.214285714285715 189000
1748128437777 41.48421052631579 190000
1748128438354 42.0997375328084 190500
1748128438877 42.59424083769633 191000
1748128439364 42.80156657963447 191500
1748128439861 43.322916666666664 192000
1748128440337 43.95064935064935 192500
1748128440854 44.05440414507772 193000
1748128441330 44.361757105943155 193500
1748128441795 44.376288659793815 194000
1748128442253 44.26478149100257 194500
1748128442718 44.32820512820513 195000
1748128443175 44.34782608695652 195500
1748128443637 44.62244897959184 196000
1748128444100 44.74300254452926 196500
1748128444558 44.81725888324873 197000
1748128445012 44.75949367088607 197500
1748128445470 44.78787878787879 198000
1748128445929 44.80100755667506 198500
1748128446433 44.80653266331658 199000
1748128446892 45.06015037593985 199500
1748128447354 44.98 200000
1748128447814 44.99251870324189 200500
1748128448306 45.06218905472637 201000
1748128448782 45.33498759305211 201500
1748128449286 45.28465346534654 202000
1748128449877 45.26172839506173 202500
1748128450380 45.48522167487685 203000
1748128450886 45.57002457002457 203500
1748128451387 45.82107843137255 204000
1748128451849 45.826405867970664 204500
1748128452320 45.91219512195122 205000
1748128452791 46.05352798053528 205500
1748128453258 46.15291262135922 206000
1748128453719 46.13801452784504 206500
1748128454181 46.18115942028985 207000
1748128454654 46.25301204819277 207500
1748128455171 46.20913461538461 208000
1748128455636 46.29016786570743 208500
1748128456097 46.29425837320574 209000
1748128456555 46.49164677804296 209500
1748128457019 46.62380952380953 210000
1748128457470 46.59144893111639 210500
1748128457935 46.822274881516584 211000
1748128458414 46.96217494089834 211500
1748128458885 46.910377358490564 212000
1748128459404 46.86352941176471 212500
1748128459902 46.89671361502347 213000
1748128460380 46.94379391100703 213500
1748128460851 46.98831775700935 214000
1748128461379 47.018648018648015 214500
1748128461851 47.11395348837209 215000
1748128462355 47.12296983758701 215500
1748128462836 47.22222222222222 216000
1748128463322 47.22863741339492 216500
1748128463814 47.25806451612903 217000
1748128464336 47.342528735632186 217500
1748128464826 47.357798165137616 218000
1748128465315 47.41647597254005 218500
1748128465803 47.34931506849315 219000
1748128466285 47.55125284738041 219500
1748128466757 47.58863636363636 220000
1748128467230 47.73242630385487 220500
1748128467715 47.70814479638009 221000
1748128468190 47.60722347629797 221500
1748128468677 47.612612612612615 222000
1748128469164 47.64269662921348 222500
1748128469726 47.6457399103139 223000
1748128470265 47.899328859060404 223500
1748128470743 48.113839285714285 224000
1748128471209 48.58797327394209 224500
1748128471692 48.80888888888889 225000
1748128472172 49.09090909090909 225500
1748128472651 49.769911504424776 226000
1748128473120 50.3598233995585 226500
1748128473597 50.37665198237885 227000
1748128474081 50.854945054945055 227500
1748128474566 51.33991228070175 228000
1748128475047 51.40262582056893 228500
1748128475521 51.39956331877729 229000
1748128476039 51.5119825708061 229500
1748128476519 51.56956521739131 230000
1748128476994 51.62689804772234 230500
1748128477478 51.768398268398265 231000
1748128477947 52.0280777537797 231500
1748128478426 52.37068965517241 232000
1748128478912 52.51182795698925 232500
1748128479387 52.47639484978541 233000
1748128479862 52.69593147751606 233500
1748128480335 52.97435897435897 234000
1748128480815 53.50959488272921 234500
1748128481303 53.58723404255319 235000
1748128481787 53.68789808917197 235500
1748128482295 53.73728813559322 236000
1748128482773 53.987315010570825 236500
1748128483251 54.25105485232068 237000
1748128483735 54.25684210526316 237500
1748128484216 54.29621848739496 238000
1748128485159 54.13807531380753 239000
1748128485687 54.18580375782881 239500
1748128486168 54.13333333333333 240000
1748128486643 54.04989604989605 240500
1748128487115 53.96058091286307 241000
1748128487600 53.8592132505176 241500
1748128488079 53.81611570247934 242000
1748128488540 53.72371134020619 242500
1748128489005 53.751028806584365 243000
1748128489459 53.64681724845996 243500
1748128489919 53.73565573770492 244000
1748128490382 53.877300613496935 244500
1748128490848 53.92857142857143 245000
1748128491312 54.016293279022406 245500
1748128491770 54.00813008130081 246000
1748128492240 53.90872210953347 246500
1748128492709 53.949392712550605 247000
1748128493226 53.85050505050505 247500
1748128493688 53.76814516129032 248000
1748128494146 53.688128772635814 248500
1748128494601 53.65461847389558 249000
1748128495073 53.653306613226455 249500
1748128495530 53.556 250000
1748128495990 53.53692614770459 250500
1748128496442 53.46812749003984 251000
1748128496908 53.461232604373755 251500
1748128497364 53.40674603174603 252000
1748128497823 53.34851485148515 252500
1748128498313 53.25296442687747 253000
1748128498779 53.17751479289941 253500
1748128499234 53.1003937007874 254000
1748128499709 53.049115913555994 254500
1748128500185 52.984313725490196 255000
1748128500659 53.00391389432485 255500
1748128501168 52.921875 256000
1748128501625 52.90448343079922 256500
1748128502091 52.92801556420233 257000
1748128502560 52.966990291262135 257500
1748128503090 52.99418604651163 258000
1748128503566 52.990328820116055 258500
1748128504024 52.9015444015444 259000
1748128504492 52.85163776493256 259500
1748128504951 52.79038461538462 260000
1748128505411 52.77735124760077 260500
1748128505881 52.69348659003831 261000
1748128506355 52.61376673040153 261500
1748128506899 52.6412213740458 262000
1748128507356 52.55809523809524 262500
1748128507811 52.650190114068444 263000
1748128508287 52.55218216318786 263500
1748128508771 52.53219696969697 264000
1748128509231 52.540642722117205 264500
1748128509731 52.5622641509434 265000
1748128510234 52.50659133709981 265500
1748128510710 52.43609022556391 266000
1748128511190 52.35647279549718 266500
1748128511720 52.348314606741575 267000
1748128512179 52.26355140186916 267500
1748128512639 52.1865671641791 268000
1748128513093 52.09124767225326 268500
1748128513558 52.12825278810409 269000
1748128514025 52.191094619666046 269500
1748128514516 52.111111111111114 270000
1748128514977 52.055452865064694 270500
1748128515438 52.035055350553506 271000
1748128515918 51.95948434622468 271500
1748128516385 51.95404411764706 272000
1748128516861 51.86055045871559 272500
1748128517331 51.782051282051285 273000
1748128517787 51.692870201096895 273500
1748128518299 51.62408759124087 274000
1748128518768 51.568306010928964 274500
1748128519221 51.512727272727275 275000
1748128519687 51.44283121597096 275500
1748128520165 51.39492753623188 276000
1748128520629 51.386980108499095 276500
1748128521097 51.32310469314079 277000
1748128521577 51.273873873873875 277500
1748128522063 51.32014388489208 278000
1748128522533 51.47037701974865 278500
1748128522994 51.412186379928315 279000
1748128523479 51.38640429338104 279500
1748128523955 51.47678571428571 280000
1748128524412 51.40819964349376 280500
1748128524872 51.34163701067616 281000
1748128525332 51.262877442273535 281500
1748128525829 51.251773049645394 282000
1748128526290 51.36283185840708 282500
1748128526746 51.29858657243816 283000
1748128527204 51.313932980599645 283500
1748128527664 51.228873239436616 284000
1748128528153 51.17223198594024 284500
1748128528670 51.10526315789474 285000
1748128529124 51.02451838879159 285500
1748128529583 50.95454545454545 286000
1748128530041 50.95113438045375 286500
1748128530506 50.90243902439025 287000
1748128530967 50.829565217391306 287500
1748128531429 50.807291666666664 288000
1748128531885 50.72443674176776 288500
1748128532348 50.73010380622837 289000
1748128532816 50.656303972366146 289500
1748128533274 50.574137931034485 290000
1748128533735 50.48881239242685 290500
1748128534197 50.50515463917526 291000
1748128534659 50.45969125214408 291500
1748128535119 50.38184931506849 292000
1748128535571 50.345299145299144 292500
1748128536035 50.26962457337884 293000
1748128536492 50.206132879045995 293500
1748128537020 50.13945578231292 294000
1748128537488 50.059422750424446 294500
1748128537943 50.04406779661017 295000
1748128538415 49.967851099830796 295500
1748128538907 49.91216216216216 296000
1748128539372 49.917369308600335 296500
1748128539828 49.86868686868687 297000
1748128540280 49.8218487394958 297500
1748128540742 49.7751677852349 298000
1748128541201 49.69681742043551 298500
1748128541665 49.668896321070235 299000
1748128542120 49.59766277128548 299500
1748128542573 49.516666666666666 300000
1748128543086 49.43594009983361 300500
1748128543545 49.372093023255815 301000
1748128544032 49.291873963515755 301500
1748128544487 49.211920529801326 302000
1748128544944 49.135537190082644 302500
1748128545397 49.07260726072607 303000
1748128545854 49.02306425041186 303500
1748128546316 48.94407894736842 304000
1748128546780 48.87192118226601 304500
1748128547234 48.81311475409836 305000
1748128547687 48.734860883797054 305500
1748128548138 48.66013071895425 306000
1748128548598 48.582381729200655 306500
1748128549058 48.52442996742671 307000
1748128549545 48.45691056910569 307500
1748128550071 48.396103896103895 308000
1748128551021 48.271844660194176 309000
1748128551496 48.23101777059774 309500
1748128552036 48.15483870967742 310000
1748128552497 48.07890499194847 310500
1748128552956 48.0064308681672 311000
1748128553434 47.93418940609952 311500
1748128553963 47.875 312000
1748128554426 47.8064 312500
1748128554896 47.75079872204473 313000
1748128555363 47.676236044657095 313500
1748128555822 47.60191082802548 314000
1748128556277 47.54531001589825 314500
1748128556734 47.48412698412698 315000
1748128557194 47.426307448494455 315500
1748128557651 47.35284810126582 316000
1748128558110 47.292259083728275 316500
1748128558574 47.24132492113565 317000
1748128559030 47.16850393700788 317500
1748128559483 47.11635220125786 318000
1748128559941 47.05651491365777 318500
1748128560393 47.00626959247649 319000
1748128560855 46.93427230046948 319500
1748128561325 46.8625 320000
1748128561785 46.79719188767551 320500
1748128562250 46.72585669781932 321000
1748128562712 46.67340590979782 321500
1748128563197 46.608695652173914 322000
1748128563656 46.56124031007752 322500
1748128564117 46.51238390092879 323000
1748128564574 46.442040185471406 323500
1748128565038 46.375 324000
1748128565592 46.31895223420647 324500
1748128566046 46.24923076923077 325000
1748128566535 46.17972350230415 325500
1748128567002 46.11963190184049 326000
1748128567511 46.08728943338438 326500
1748128567969 46.04434250764526 327000
1748128568440 45.97557251908397 327500
1748128568966 45.90701219512195 328000
1748128569482 45.856925418569254 328500
1748128569965 45.80243161094225 329000
1748128570439 45.749620637329286 329500
1748128570906 45.7 330000
1748128571368 45.6535552193646 330500
1748128571836 45.586102719033235 331000
1748128572294 45.51885369532428 331500
1748128572757 45.46084337349398 332000
1748128573214 45.393984962406016 332500
1748128573685 45.327327327327325 333000
1748128574159 45.26086956521739 333500
1748128574616 45.209580838323355 334000
1748128575068 45.152466367713004 334500
1748128575535 45.0865671641791 335000
1748128576076 45.04172876304024 335500
1748128576552 45.00297619047619 336000
1748128577056 44.937592867756315 336500
1748128577519 44.89317507418398 337000
1748128577983 44.842962962962964 337500
1748128578458 44.78402366863905 338000
1748128578927 44.72230428360414 338500
1748128579422 44.67256637168141 339000
1748128579892 44.608247422680414 339500
1748128580359 44.55294117647059 340000
1748128580834 44.48898678414097 340500
1748128581303 44.42815249266862 341000
1748128581767 44.387994143484626 341500
1748128582242 44.33625730994152 342000
1748128582711 44.27299270072993 342500
1748128583180 44.20991253644315 343000
1748128583651 44.177583697234354 343500
1748128584116 44.12645348837209 344000
1748128584569 44.06386066763425 344500
1748128585033 44.01304347826087 345000
1748128585495 43.96816208393633 345500
1748128585961 43.90606936416185 346000
1748128586492 43.84415584415584 346500
1748128586950 43.835734870317005 347000
1748128587412 43.77410071942446 347500
1748128587867 43.71264367816092 348000
1748128588325 43.6700143472023 348500
1748128588783 43.627507163323784 349000
1748128589240 43.5865522174535 349500
1748128589696 43.54142857142857 350000
1748128590155 43.497860199714694 350500
1748128590614 43.44017094017094 351000
1748128591073 43.379800853485065 351500
1748128591526 43.33096590909091 352000
1748128591979 43.270921985815605 352500
1748128592437 43.211048158640224 353000
1748128592899 43.16831683168317 353500
1748128593360 43.10875706214689 354000
1748128593815 43.049365303244 354500
1748128594273 42.99014084507042 355000
1748128594796 42.936708860759495 355500
1748128595314 42.877808988764045 356000
1748128595772 42.81907433380084 356500
1748128596227 42.778711484593835 357000
1748128596693 42.73986013986014 357500
1748128597152 42.69832402234637 358000
1748128597609 42.651324965132495 358500
1748128598061 42.5933147632312 359000
1748128598520 42.56884561891516 359500
1748128598991 42.519444444444446 360000
1748128599507 42.46185852981969 360500
1748128599967 42.40443213296399 361000
1748128600426 42.34716459197787 361500
1748128600887 42.290055248618785 362000
1748128601349 42.246896551724134 362500
1748128601809 42.205234159779614 363000
1748128602269 42.148555708390646 363500
1748128602725 42.10851648351648 364000
1748128603191 42.07133058984911 364500
1748128603654 42.015068493150686 365000
1748128604116 41.9781121751026 365500
1748128604573 41.93032786885246 366000
1748128605087 41.89085948158254 366500
1748128605552 41.87874659400545 367000
1748128606054 41.82312925170068 367500
1748128606526 41.78396739130435 368000
1748128606987 41.74084124830394 368500
1748128607478 41.74254742547426 369000
1748128607966 41.690121786197565 369500
1748128608490 41.65405405405406 370000
1748128608970 41.611336032388664 370500
1748128609433 41.575471698113205 371000
1748128609888 41.520861372812924 371500
1748128610346 41.48521505376344 372000
1748128610805 41.43624161073826 372500
1748128611270 41.415549597855225 373000
1748128611730 41.389558232931726 373500
1748128612189 41.35294117647059 374000
1748128612651 41.32710280373832 374500
1748128613143 41.324 375000
1748128613671 41.270306258322236 375500
1748128614167 41.2313829787234 376000
1748128614627 41.209827357237714 376500
1748128615100 41.20291777188329 377000
1748128615611 41.149668874172185 377500
1748128616074 41.12169312169312 378000
1748128616533 41.10700132100396 378500
1748128616988 41.054089709762536 379000
1748128617460 41.00527009222662 379500
1748128617937 41.040789473684214 380000
1748128618411 41.04993429697766 380500
1748128618873 41.06167979002625 381000
1748128619382 41.06684141546527 381500
1748128619859 41.04057591623037 382000
1748128620323 41.07712418300654 382500
1748128620789 41.030026109660575 383000
1748128621249 41.04302477183833 383500
1748128621705 41.018229166666664 384000
1748128622244 41.044213263979195 384500
1748128622806 41.03636363636364 385000
1748128623272 41.103761348897535 385500
1748128623799 41.09455958549223 386000
1748128624276 41.08020698576973 386500
1748128624748 41.13178294573643 387000
1748128625211 41.15870967741935 387500
1748128625668 41.19072164948454 388000
1748128626128 41.22265122265122 388500
1748128626590 41.20565552699229 389000
1748128627051 41.32605905006419 389500
1748128627515 41.36923076923077 390000
1748128627972 41.361075544174135 390500
1748128628423 41.351662404092075 391000
1748128628886 41.40229885057471 391500
1748128629354 41.4094387755102 392000
1748128629836 41.40127388535032 392500
1748128630296 41.349872773536894 393000
1748128630809 41.39263024142313 393500
1748128631270 41.36040609137056 394000
1748128631760 41.346007604562736 394500
1748128632219 41.359493670886074 395000
1748128632683 41.36030341340076 395500
1748128633139 41.323232323232325 396000
1748128633609 41.34426229508197 396500
1748128634073 41.41183879093199 397000
1748128634534 41.3874213836478 397500
1748128634998 41.46356783919598 398000
1748128635461 41.44792973651192 398500
1748128635922 41.43483709273183 399000
1748128636382 41.42302878598248 399500
1748128636842 41.405 400000
1748128637299 41.39825218476904 400500
1748128637761 41.413965087281795 401000
1748128638215 41.404732254047325 401500
1748128638679 41.42661691542288 402000
1748128639149 41.48944099378882 402500
1748128639606 41.44416873449131 403000
1748128640061 41.42255266418835 403500
1748128640516 41.45544554455446 404000
1748128641004 41.407911001236094 404500
1748128641465 41.45432098765432 405000
1748128641928 41.457459926017265 405500
1748128642388 41.45935960591133 406000
1748128642858 41.515375153751535 406500
1748128643380 41.51719901719902 407000
1748128643837 41.519018404907975 407500
1748128644300 41.474264705882355 408000
1748128644759 41.51529987760098 408500
1748128645238 41.512224938875306 409000
1748128645699 41.485958485958484 409500
1748128646159 41.47439024390244 410000
1748128646616 41.438489646772226 410500
1748128647077 41.407542579075425 411000
1748128647539 41.441069258809236 411500
1748128648004 41.41868932038835 412000
1748128648464 41.36969696969697 412500
1748128648930 41.34140435835351 413000
1748128649453 41.44377267230955 413500
1748128649910 41.42632850241546 414000
1748128650372 41.44270205066345 414500
1748128650833 41.418072289156626 415000
1748128651304 41.438026474127554 415500
1748128651770 41.50360576923077 416000
1748128652311 41.490996398559425 416500
1748128652823 41.4916067146283 417000
1748128653390 41.465868263473055 417500
1748128653931 41.49401913875598 418000
1748128654402 41.474313022700116 418500
1748128654863 41.4582338902148 419000
1748128655317 41.531585220500595 419500
1748128655800 41.49047619047619 420000
1748128656291 41.48870392390012 420500
1748128656754 41.466745843230406 421000
1748128657270 41.4282325029656 421500
1748128657822 41.41350710900474 422000
1748128658339 41.3905325443787 422500
1748128658892 41.356973995271865 423000
1748128659430 41.37190082644628 423500
1748128659931 41.37735849056604 424000
1748128660437 41.391048292108366 424500
1748128660891 41.4 425000
1748128661351 41.36192714453584 425500
1748128661809 41.389671361502344 426000
1748128662285 41.34232121922626 426500
1748128662792 41.32669789227166 427000
1748128663252 41.32514619883041 427500
1748128663716 41.33294392523364 428000
1748128664176 41.33138856476079 428500
1748128664632 41.34382284382284 429000
1748128665091 41.344586728754365 429500
1748128665545 41.37325581395349 430000
1748128666006 41.33797909407666 430500
1748128666463 41.30510440835267 431000
1748128666922 41.35341830822711 431500
1748128667378 41.373842592592595 432000
1748128667831 41.33872832369942 432500
1748128668293 41.32332563510393 433000
1748128668761 41.29065743944636 433500
1748128669228 41.24884792626728 434000
1748128669696 41.275028768699656 434500
1748128670169 41.364367816091956 435000
1748128670668 41.394948335246845 435500
1748128671137 41.35550458715596 436000
1748128671599 41.358533791523485 436500
1748128672549 41.31542857142857 437500
1748128673015 41.323059360730596 438000
1748128673479 41.385404789053595 438500
1748128673944 41.41913439635535 439000
1748128674460 41.48122866894198 439500
1748128674935 41.62045454545454 440000
1748128675410 41.70601589103292 440500
1748128675888 41.678004535147394 441000
1748128676364 41.645526613816536 441500
1748128676839 41.64705882352941 442000
1748128677317 41.628248587570624 442500
1748128677823 41.8058690744921 443000
1748128678301 41.88951521984217 443500
1748128678772 41.917792792792795 444000
1748128679246 41.912260967379076 444500
1748128679722 42.04157303370786 445000
1748128680201 42.09652076318743 445500
1748128680678 42.16591928251121 446000
1748128681198 42.19484882418813 446500
1748128681671 42.17337807606264 447000
1748128682142 42.24692737430168 447500
1748128682612 42.207589285714285 448000
1748128683088 42.26086956521739 448500
1748128683566 42.25501113585746 449000
1748128684106 42.273637374860954 449500
1748128684586 42.35777777777778 450000
1748128685091 42.33851276359601 450500
1748128685565 42.34146341463415 451000
1748128686034 42.35326688815061 451500
1748128686494 42.3462389380531 452000
