1748128258521 500.0 500
1748128258997 1000.0 1000
1748128259460 1500.0 1500
1748128259923 2000.0 2000
1748128260381 2500.0 2500
1748128260839 3000.0 3000
1748128261362 3500.0 3500
1748128261849 4000.0 4000
1748128262343 4500.0 4500
1748128262819 5000.0 5000
1748128263290 5500.0 5500
1748128263776 6000.0 6000
1748128264361 6500.0 6500
1748128264830 7000.0 7000
1748128265305 7500.0 7500
1748128265778 8000.0 8000
1748128266249 8500.0 8500
1748128266715 9000.0 9000
1748128267198 9500.0 9500
1748128267673 10000.0 10000
1748128268134 10500.0 10500
1748128268631 11000.0 11000
1748128269104 11500.0 11500
1748128269571 12000.0 12000
1748128270100 12500.0 12500
1748128270623 13000.0 13000
1748128271100 13500.0 13500
1748128271576 14000.0 14000
1748128272033 14500.0 14500
1748128272519 15000.0 15000
1748128272983 15500.0 15500
1748128273480 16000.0 16000
1748128273967 16500.0 16500
1748128274439 17000.0 17000
1748128274934 17500.0 17500
1748128275424 18000.0 18000
1748128275915 18500.0 18500
1748128276378 19000.0 19000
1748128276834 19500.0 19500
1748128277299 20000.0 20000
1748128277756 20500.0 20500
1748128278221 21000.0 21000
1748128278679 21500.0 21500
1748128279136 22000.0 22000
1748128279601 22500.0 22500
1748128280052 23000.0 23000
1748128280502 23500.0 23500
1748128280954 24000.0 24000
1748128281419 24500.0 24500
1748128281875 25000.0 25000
1748128282331 25500.0 25500
1748128282781 26000.0 26000
1748128283238 26500.0 26500
1748128283691 27000.0 27000
1748128284149 27500.0 27500
1748128284613 28000.0 28000
1748128285075 28500.0 28500
1748128285524 29000.0 29000
1748128285979 29500.0 29500
1748128286431 30000.0 30000
1748128286887 30500.0 30500
1748128287337 31000.0 31000
1748128287792 31500.0 31500
1748128288246 32000.0 32000
1748128288704 32500.0 32500
1748128289161 33000.0 33000
1748128289612 33500.0 33500
1748128290071 34000.0 34000
1748128290524 34500.0 34500
1748128290990 35000.0 35000
1748128291448 35500.0 35500
1748128291903 36000.0 36000
1748128292358 36500.0 36500
1748128292812 37000.0 37000
1748128293293 37500.0 37500
1748128293809 38000.0 38000
1748128294327 38500.0 38500
1748128294807 39000.0 39000
1748128295270 39500.0 39500
1748128295730 40000.0 40000
1748128296190 40500.0 40500
1748128296641 41000.0 41000
1748128297095 41500.0 41500
1748128297549 42000.0 42000
1748128298035 42500.0 42500
1748128298532 43000.0 43000
1748128299000 43500.0 43500
1748128299452 44000.0 44000
1748128299904 44500.0 44500
1748128300365 45000.0 45000
1748128300822 45500.0 45500
1748128301273 46000.0 46000
1748128301727 46500.0 46500
1748128302182 47000.0 47000
1748128302635 47500.0 47500
1748128303157 48000.0 48000
1748128303662 48500.0 48500
1748128304120 49000.0 49000
1748128304582 49500.0 49500
1748128305035 50000.0 50000
1748128305490 50500.0 50500
1748128305938 51000.0 51000
1748128306389 51500.0 51500
1748128306844 52000.0 52000
1748128307296 52500.0 52500
1748128307760 53000.0 53000
1748128308211 53500.0 53500
1748128308662 54000.0 54000
1748128309146 54500.0 54500
1748128309606 55000.0 55000
1748128310064 55500.0 55500
1748128310518 56000.0 56000
1748128310968 56500.0 56500
1748128311503 57000.0 57000
1748128312026 57500.0 57500
1748128312494 58000.0 58000
1748128312954 58500.0 58500
1748128313406 59000.0 59000
1748128313857 59500.0 59500
1748128314360 60000.0 60000
1748128314814 60500.0 60500
1748128315263 61000.0 61000
1748128315716 61500.0 61500
1748128316169 62000.0 62000
1748128316619 62500.0 62500
1748128317081 63000.0 63000
1748128317535 63500.0 63500
1748128317981 64000.0 64000
1748128318435 64500.0 64500
1748128318890 65000.0 65000
1748128319401 65500.0 65500
1748128319902 66000.0 66000
1748128320355 66500.0 66500
1748128320811 67000.0 67000
1748128321274 67500.0 67500
1748128321729 68000.0 68000
1748128322179 68500.0 68500
1748128322626 69000.0 69000
1748128323077 69500.0 69500
1748128323536 70000.0 70000
1748128323997 70500.0 70500
1748128324455 71000.0 71000
1748128324912 71500.0 71500
1748128325367 72000.0 72000
1748128325827 72500.0 72500
1748128326293 73000.0 73000
1748128326747 73500.0 73500
1748128327200 74000.0 74000
1748128327658 74500.0 74500
1748128328123 75000.0 75000
1748128328581 75500.0 75500
1748128329033 76000.0 76000
1748128329489 76500.0 76500
1748128329946 77000.0 77000
1748128330404 77500.0 77500
1748128330860 78000.0 78000
1748128331330 78500.0 78500
1748128331811 79000.0 79000
1748128332309 79500.0 79500
1748128332806 80000.0 80000
1748128333291 80500.0 80500
1748128333808 81000.0 81000
1748128334297 81500.0 81500
1748128334768 82000.0 82000
1748128335229 82500.0 82500
1748128335683 83000.0 83000
1748128336172 83500.0 83500
1748128336626 84000.0 84000
1748128337086 84500.0 84500
1748128337568 85000.0 85000
1748128338061 85500.0 85500
1748128338525 86000.0 86000
1748128338979 86500.0 86500
1748128339442 87000.0 87000
1748128339900 87500.0 87500
1748128340357 88000.0 88000
1748128340822 88500.0 88500
1748128341293 89000.0 89000
1748128341758 89500.0 89500
1748128342227 90000.0 90000
1748128342679 90500.0 90500
1748128343135 91000.0 91000
1748128343594 91500.0 91500
1748128344053 92000.0 92000
1748128344511 92500.0 92500
1748128344969 93000.0 93000
1748128345449 93500.0 93500
1748128345904 94000.0 94000
1748128346363 94500.0 94500
1748128346816 95000.0 95000
1748128347269 95500.0 95500
1748128347725 96000.0 96000
1748128348178 96500.0 96500
1748128348638 97000.0 97000
1748128349096 97500.0 97500
1748128349552 98000.0 98000
1748128350004 98500.0 98500
1748128350459 99000.0 99000
1748128350918 99500.0 99500
1748128351376 100000.0 100000
1748128351831 100500.0 100500
1748128352283 101000.0 101000
1748128352780 101500.0 101500
1748128353251 102000.0 102000
1748128353711 102500.0 102500
1748128354171 103000.0 103000
1748128354707 103500.0 103500
1748128355182 104000.0 104000
1748128355643 104500.0 104500
1748128356101 105000.0 105000
1748128356555 105500.0 105500
1748128357011 106000.0 106000
1748128357466 106500.0 106500
1748128357924 107000.0 107000
1748128358410 107500.0 107500
1748128358911 108000.0 108000
1748128359383 108500.0 108500
1748128359845 109000.0 109000
1748128360363 109500.0 109500
1748128360853 110000.0 110000
1748128361383 110500.0 110500
1748128361909 111000.0 111000
1748128362377 111500.0 111500
1748128362843 112000.0 112000
1748128363344 112500.0 112500
1748128363808 113000.0 113000
1748128364269 113500.0 113500
1748128364730 114000.0 114000
1748128365190 114500.0 114500
1748128365653 115000.0 115000
1748128366114 115500.0 115500
1748128366572 116000.0 116000
1748128367025 116500.0 116500
1748128367492 117000.0 117000
1748128367995 117500.0 117500
1748128368457 118000.0 118000
1748128368916 118500.0 118500
1748128369370 119000.0 119000
1748128369837 119500.0 119500
1748128370291 120000.0 120000
1748128370742 120500.0 120500
1748128371200 121000.0 121000
1748128371659 121500.0 121500
1748128372119 122000.0 122000
1748128372574 122500.0 122500
1748128373028 123000.0 123000
1748128373486 123500.0 123500
1748128373946 124000.0 124000
1748128374404 124500.0 124500
1748128374858 125000.0 125000
1748128375317 125500.0 125500
1748128375772 126000.0 126000
1748128376224 126500.0 126500
1748128376684 127000.0 127000
1748128377142 127500.0 127500
1748128377599 128000.0 128000
1748128378054 128500.0 128500
1748128378520 129000.0 129000
1748128378999 129500.0 129500
1748128379458 130000.0 130000
1748128379912 130500.0 130500
1748128380368 131000.0 131000
1748128380821 131500.0 131500
1748128381280 132000.0 132000
1748128381748 132500.0 132500
1748128382210 133000.0 133000
1748128382674 133500.0 133500
1748128383146 134000.0 134000
1748128383610 134500.0 134500
1748128384107 135000.0 135000
1748128384751 135500.0 135500
1748128385256 136000.0 136000
1748128385746 136500.0 136500
1748128386259 137000.0 137000
1748128386839 137500.0 137500
1748128387343 138000.0 138000
1748128387847 138500.0 138500
1748128388335 139000.0 139000
1748128388818 139500.0 139500
1748128389298 140000.0 140000
1748128389796 140500.0 140500
1748128390352 141000.0 141000
1748128390847 141500.0 141500
1748128391356 142000.0 142000
1748128391921 142500.0 142500
1748128392434 143000.0 143000
1748128392926 143500.0 143500
1748128393400 144000.0 144000
1748128393916 144500.0 144500
1748128394452 145000.0 145000
1748128394949 145500.0 145500
1748128395445 146000.0 146000
1748128395942 146500.0 146500
1748128396413 147000.0 147000
1748128396875 147500.0 147500
1748128397361 148000.0 148000
1748128397870 148500.0 148500
1748128398341 149000.0 149000
1748128398807 149500.0 149500
1748128399267 150000.0 150000
1748128399787 150500.0 150500
1748128400287 151000.0 151000
1748128400745 151500.0 151500
1748128401202 152000.0 152000
1748128401662 152500.0 152500
1748128402134 153000.0 153000
1748128402631 153500.0 153500
1748128403124 154000.0 154000
1748128403612 154500.0 154500
1748128404091 155000.0 155000
1748128404644 155500.0 155500
1748128405203 156000.0 156000
1748128405729 156500.0 156500
1748128406247 157000.0 157000
1748128406737 157500.0 157500
1748128407199 158000.0 158000
1748128407659 158500.0 158500
1748128408116 159000.0 159000
1748128408639 159500.0 159500
1748128409166 160000.0 160000
1748128409646 160500.0 160500
1748128410115 161000.0 161000
1748128410572 161500.0 161500
1748128411046 162000.0 162000
1748128411529 162500.0 162500
1748128411992 163000.0 163000
1748128412449 163500.0 163500
1748128412916 164000.0 164000
1748128413382 164500.0 164500
1748128413867 165000.0 165000
1748128414338 165500.0 165500
1748128414858 166000.0 166000
1748128415343 166500.0 166500
1748128415833 167000.0 167000
1748128416323 167500.0 167500
1748128416863 168000.0 168000
1748128417354 168500.0 168500
1748128417944 169000.0 169000
1748128418414 169500.0 169500
1748128418934 170000.0 170000
1748128419465 170500.0 170500
1748128419942 171000.0 171000
1748128420404 171500.0 171500
1748128420867 172000.0 172000
1748128421326 172500.0 172500
1748128421820 173000.0 173000
1748128422295 173500.0 173500
1748128422801 174000.0 174000
1748128423276 174500.0 174500
1748128423803 175000.0 175000
1748128424269 175500.0 175500
1748128424737 176000.0 176000
1748128425196 176500.0 176500
1748128425649 177000.0 177000
1748128426112 177500.0 177500
1748128426566 178000.0 178000
1748128427025 178500.0 178500
1748128427486 179000.0 179000
1748128427956 179500.0 179500
1748128428417 180000.0 180000
1748128428876 180500.0 180500
1748128429342 181000.0 181000
1748128429812 181500.0 181500
1748128430271 182000.0 182000
1748128430729 182500.0 182500
1748128431195 183000.0 183000
1748128431691 183500.0 183500
1748128432169 184000.0 184000
1748128432630 184500.0 184500
1748128433100 185000.0 185000
1748128433579 185500.0 185500
1748128434054 186000.0 186000
1748128434523 186500.0 186500
1748128434984 187000.0 187000
1748128435443 187500.0 187500
1748128435908 188000.0 188000
1748128436375 188500.0 188500
1748128436846 189000.0 189000
1748128437312 189500.0 189500
1748128437774 190000.0 190000
1748128438352 190500.0 190500
1748128438875 191000.0 191000
1748128439362 191500.0 191500
1748128439859 192000.0 192000
1748128440334 192500.0 192500
1748128440851 193000.0 193000
1748128441327 193500.0 193500
1748128441793 194000.0 194000
1748128442250 194500.0 194500
1748128442716 195000.0 195000
1748128443173 195500.0 195500
1748128443634 196000.0 196000
1748128444098 196500.0 196500
1748128444556 197000.0 197000
1748128445010 197500.0 197500
1748128445467 198000.0 198000
1748128445927 198500.0 198500
1748128446430 199000.0 199000
1748128446890 199500.0 199500
1748128447352 200000.0 200000
1748128447811 200500.0 200500
1748128448303 201000.0 201000
1748128448778 201500.0 201500
1748128449283 202000.0 202000
1748128449873 202500.0 202500
1748128450377 203000.0 203000
1748128450883 203500.0 203500
1748128451385 204000.0 204000
1748128451847 204500.0 204500
1748128452317 205000.0 205000
1748128452789 205500.0 205500
1748128453256 206000.0 206000
1748128453717 206500.0 206500
1748128454178 207000.0 207000
1748128454651 207500.0 207500
1748128455168 208000.0 208000
1748128455633 208500.0 208500
1748128456095 209000.0 209000
1748128456552 209500.0 209500
1748128457016 210000.0 210000
1748128457467 210500.0 210500
1748128457933 211000.0 211000
1748128458412 211500.0 211500
1748128458882 212000.0 212000
1748128459401 212500.0 212500
1748128459899 213000.0 213000
1748128460377 213500.0 213500
1748128460849 214000.0 214000
1748128461372 214500.0 214500
1748128461848 215000.0 215000
1748128462352 215500.0 215500
1748128462833 216000.0 216000
1748128463319 216500.0 216500
1748128463811 217000.0 217000
1748128464334 217500.0 217500
1748128464824 218000.0 218000
1748128465312 218500.0 218500
1748128465800 219000.0 219000
1748128466282 219500.0 219500
1748128466754 220000.0 220000
1748128467227 220500.0 220500
1748128467712 221000.0 221000
1748128468188 221500.0 221500
1748128468674 222000.0 222000
1748128469161 222500.0 222500
1748128469723 223000.0 223000
1748128470262 223500.0 223500
1748128470741 224000.0 224000
1748128471206 224500.0 224500
1748128471690 225000.0 225000
1748128472169 225500.0 225500
1748128472649 226000.0 226000
1748128473117 226500.0 226500
1748128473595 227000.0 227000
1748128474079 227500.0 227500
1748128474563 228000.0 228000
1748128475044 228500.0 228500
1748128475519 229000.0 229000
1748128476036 229500.0 229500
1748128476517 230000.0 230000
1748128476991 230500.0 230500
1748128477475 231000.0 231000
1748128477944 231500.0 231500
1748128478424 232000.0 232000
1748128478910 232500.0 232500
1748128479385 233000.0 233000
1748128479859 233500.0 233500
1748128480332 234000.0 234000
1748128480812 234500.0 234500
1748128481300 235000.0 235000
1748128481785 235500.0 235500
1748128482293 236000.0 236000
1748128482771 236500.0 236500
1748128483248 237000.0 237000
1748128483732 237500.0 237500
1748128484213 238000.0 238000
1748128484687 238500.0 238500
1748128485157 239000.0 239000
1748128485685 239500.0 239500
1748128486166 240000.0 240000
1748128486641 240500.0 240500
1748128487112 241000.0 241000
1748128487598 241500.0 241500
1748128488076 242000.0 242000
1748128488538 242500.0 242500
1748128489002 243000.0 243000
1748128489456 243500.0 243500
1748128489916 244000.0 244000
1748128490379 244500.0 244500
1748128490845 245000.0 245000
1748128491310 245500.0 245500
1748128491768 246000.0 246000
1748128492237 246500.0 246500
1748128492706 247000.0 247000
1748128493223 247500.0 247500
1748128493686 248000.0 248000
1748128494143 248500.0 248500
1748128494599 249000.0 249000
1748128495071 249500.0 249500
1748128495528 250000.0 250000
1748128495987 250500.0 250500
1748128496439 251000.0 251000
1748128496905 251500.0 251500
1748128497361 252000.0 252000
1748128497820 252500.0 252500
1748128498310 253000.0 253000
1748128498777 253500.0 253500
1748128499232 254000.0 254000
1748128499706 254500.0 254500
1748128500183 255000.0 255000
1748128500657 255500.0 255500
1748128501165 256000.0 256000
1748128501622 256500.0 256500
1748128502089 257000.0 257000
1748128502558 257500.0 257500
1748128503086 258000.0 258000
1748128503563 258500.0 258500
1748128504022 259000.0 259000
1748128504489 259500.0 259500
1748128504949 260000.0 260000
1748128505408 260500.0 260500
1748128505878 261000.0 261000
1748128506352 261500.0 261500
1748128506896 262000.0 262000
1748128507353 262500.0 262500
1748128507809 263000.0 263000
1748128508283 263500.0 263500
1748128508767 264000.0 264000
1748128509229 264500.0 264500
1748128509728 265000.0 265000
1748128510231 265500.0 265500
1748128510707 266000.0 266000
1748128511187 266500.0 266500
1748128511717 267000.0 267000
1748128512177 267500.0 267500
1748128512636 268000.0 268000
1748128513091 268500.0 268500
1748128513556 269000.0 269000
1748128514022 269500.0 269500
1748128514514 270000.0 270000
1748128514974 270500.0 270500
1748128515436 271000.0 271000
1748128515916 271500.0 271500
1748128516383 272000.0 272000
1748128516859 272500.0 272500
1748128517328 273000.0 273000
1748128517785 273500.0 273500
1748128518296 274000.0 274000
1748128518766 274500.0 274500
1748128519219 275000.0 275000
1748128519685 275500.0 275500
1748128520163 276000.0 276000
1748128520627 276500.0 276500
1748128521095 277000.0 277000
1748128521574 277500.0 277500
1748128522061 278000.0 278000
1748128522530 278500.0 278500
1748128522991 279000.0 279000
1748128523476 279500.0 279500
1748128523952 280000.0 280000
1748128524410 280500.0 280500
1748128524870 281000.0 281000
1748128525329 281500.0 281500
1748128525826 282000.0 282000
1748128526288 282500.0 282500
1748128526743 283000.0 283000
1748128527202 283500.0 283500
1748128527662 284000.0 284000
1748128528150 284500.0 284500
1748128528667 285000.0 285000
1748128529121 285500.0 285500
1748128529580 286000.0 286000
1748128530039 286500.0 286500
1748128530504 287000.0 287000
1748128530965 287500.0 287500
1748128531426 288000.0 288000
1748128531882 288500.0 288500
1748128532345 289000.0 289000
1748128532814 289500.0 289500
1748128533271 290000.0 290000
1748128533732 290500.0 290500
1748128534195 291000.0 291000
1748128534657 291500.0 291500
1748128535116 292000.0 292000
1748128535569 292500.0 292500
1748128536033 293000.0 293000
1748128536489 293500.0 293500
1748128537017 294000.0 294000
1748128537485 294500.0 294500
1748128537940 295000.0 295000
1748128538412 295500.0 295500
1748128538904 296000.0 296000
1748128539369 296500.0 296500
1748128539825 297000.0 297000
1748128540278 297500.0 297500
1748128540740 298000.0 298000
1748128541198 298500.0 298500
1748128541662 299000.0 299000
1748128542118 299500.0 299500
1748128542571 300000.0 300000
1748128543084 300500.0 300500
1748128543543 301000.0 301000
1748128544029 301500.0 301500
1748128544485 302000.0 302000
1748128544942 302500.0 302500
1748128545395 303000.0 303000
1748128545851 303500.0 303500
1748128546314 304000.0 304000
1748128546778 304500.0 304500
1748128547231 305000.0 305000
1748128547684 305500.0 305500
1748128548136 306000.0 306000
1748128548595 306500.0 306500
1748128549056 307000.0 307000
1748128549542 307500.0 307500
1748128550067 308000.0 308000
1748128550537 308500.0 308500
1748128551018 309000.0 309000
1748128551494 309500.0 309500
1748128552034 310000.0 310000
1748128552495 310500.0 310500
1748128552953 311000.0 311000
1748128553430 311500.0 311500
1748128553961 312000.0 312000
1748128554424 312500.0 312500
1748128554893 313000.0 313000
1748128555360 313500.0 313500
1748128555820 314000.0 314000
1748128556275 314500.0 314500
1748128556732 315000.0 315000
1748128557192 315500.0 315500
1748128557649 316000.0 316000
1748128558108 316500.0 316500
1748128558571 317000.0 317000
1748128559027 317500.0 317500
1748128559481 318000.0 318000
1748128559939 318500.0 318500
1748128560391 319000.0 319000
1748128560852 319500.0 319500
1748128561322 320000.0 320000
1748128561783 320500.0 320500
1748128562247 321000.0 321000
1748128562710 321500.0 321500
1748128563194 322000.0 322000
1748128563653 322500.0 322500
1748128564114 323000.0 323000
1748128564571 323500.0 323500
1748128565036 324000.0 324000
1748128565589 324500.0 324500
1748128566044 325000.0 325000
1748128566533 325500.0 325500
1748128566999 326000.0 326000
1748128567508 326500.0 326500
1748128567967 327000.0 327000
1748128568437 327500.0 327500
1748128568962 328000.0 328000
1748128569479 328500.0 328500
1748128569962 329000.0 329000
1748128570436 329500.0 329500
1748128570903 330000.0 330000
1748128571366 330500.0 330500
1748128571833 331000.0 331000
1748128572292 331500.0 331500
1748128572755 332000.0 332000
1748128573210 332500.0 332500
1748128573682 333000.0 333000
1748128574157 333500.0 333500
1748128574613 334000.0 334000
1748128575065 334500.0 334500
1748128575532 335000.0 335000
1748128576073 335500.0 335500
1748128576549 336000.0 336000
1748128577054 336500.0 336500
1748128577516 337000.0 337000
1748128577981 337500.0 337500
1748128578455 338000.0 338000
1748128578925 338500.0 338500
1748128579419 339000.0 339000
1748128579889 339500.0 339500
1748128580357 340000.0 340000
1748128580831 340500.0 340500
1748128581301 341000.0 341000
1748128581764 341500.0 341500
1748128582239 342000.0 342000
1748128582708 342500.0 342500
1748128583178 343000.0 343000
1748128583648 343500.0 343500
1748128584113 344000.0 344000
1748128584566 344500.0 344500
1748128585031 345000.0 345000
1748128585492 345500.0 345500
1748128585958 346000.0 346000
1748128586484 346500.0 346500
1748128586948 347000.0 347000
1748128587410 347500.0 347500
1748128587864 348000.0 348000
1748128588322 348500.0 348500
1748128588781 349000.0 349000
1748128589237 349500.0 349500
1748128589693 350000.0 350000
1748128590152 350500.0 350500
1748128590611 351000.0 351000
1748128591071 351500.0 351500
1748128591523 352000.0 352000
1748128591976 352500.0 352500
1748128592435 353000.0 353000
1748128592896 353500.0 353500
1748128593358 354000.0 354000
1748128593813 354500.0 354500
1748128594270 355000.0 355000
1748128594794 355500.0 355500
1748128595311 356000.0 356000
1748128595770 356500.0 356500
1748128596224 357000.0 357000
1748128596691 357500.0 357500
1748128597150 358000.0 358000
1748128597606 358500.0 358500
1748128598058 359000.0 359000
1748128598517 359500.0 359500
1748128598988 360000.0 360000
1748128599505 360500.0 360500
1748128599965 361000.0 361000
1748128600423 361500.0 361500
1748128600885 362000.0 362000
1748128601347 362500.0 362500
1748128601806 363000.0 363000
1748128602266 363500.0 363500
1748128602723 364000.0 364000
1748128603188 364500.0 364500
1748128603652 365000.0 365000
1748128604114 365500.0 365500
1748128604570 366000.0 366000
1748128605085 366500.0 366500
1748128605550 367000.0 367000
1748128606052 367500.0 367500
1748128606524 368000.0 368000
1748128606985 368500.0 368500
1748128607476 369000.0 369000
1748128607962 369500.0 369500
1748128608487 370000.0 370000
1748128608967 370500.0 370500
1748128609430 371000.0 371000
1748128609886 371500.0 371500
1748128610344 372000.0 372000
1748128610803 372500.0 372500
1748128611267 373000.0 373000
1748128611728 373500.0 373500
1748128612186 374000.0 374000
1748128612648 374500.0 374500
1748128613141 375000.0 375000
1748128613668 375500.0 375500
1748128614164 376000.0 376000
1748128614624 376500.0 376500
1748128615097 377000.0 377000
1748128615609 377500.0 377500
1748128616071 378000.0 378000
1748128616531 378500.0 378500
1748128616986 379000.0 379000
1748128617457 379500.0 379500
1748128617935 380000.0 380000
1748128618409 380500.0 380500
1748128618870 381000.0 381000
1748128619379 381500.0 381500
1748128619856 382000.0 382000
1748128620321 382500.0 382500
1748128620786 383000.0 383000
1748128621247 383500.0 383500
1748128621703 384000.0 384000
1748128622242 384500.0 384500
1748128622803 385000.0 385000
1748128623269 385500.0 385500
1748128623797 386000.0 386000
1748128624274 386500.0 386500
1748128624746 387000.0 387000
1748128625209 387500.0 387500
1748128625665 388000.0 388000
1748128626125 388500.0 388500
1748128626587 389000.0 389000
1748128627048 389500.0 389500
1748128627513 390000.0 390000
1748128627970 390500.0 390500
1748128628420 391000.0 391000
1748128628882 391500.0 391500
1748128629351 392000.0 392000
1748128629834 392500.0 392500
1748128630294 393000.0 393000
1748128630807 393500.0 393500
1748128631268 394000.0 394000
1748128631758 394500.0 394500
1748128632216 395000.0 395000
1748128632681 395500.0 395500
1748128633137 396000.0 396000
1748128633606 396500.0 396500
1748128634070 397000.0 397000
1748128634531 397500.0 397500
1748128634996 398000.0 398000
1748128635458 398500.0 398500
1748128635920 399000.0 399000
1748128636380 399500.0 399500
1748128636840 400000.0 400000
1748128637297 400500.0 400500
1748128637759 401000.0 401000
1748128638212 401500.0 401500
1748128638677 402000.0 402000
1748128639147 402500.0 402500
1748128639603 403000.0 403000
1748128640059 403500.0 403500
1748128640514 404000.0 404000
1748128641001 404500.0 404500
1748128641463 405000.0 405000
1748128641925 405500.0 405500
1748128642386 406000.0 406000
1748128642856 406500.0 406500
1748128643378 407000.0 407000
1748128643835 407500.0 407500
1748128644298 408000.0 408000
1748128644757 408500.0 408500
1748128645235 409000.0 409000
1748128645696 409500.0 409500
1748128646157 410000.0 410000
1748128646613 410500.0 410500
1748128647075 411000.0 411000
1748128647537 411500.0 411500
1748128648000 412000.0 412000
1748128648461 412500.0 412500
1748128648928 413000.0 413000
1748128649450 413500.0 413500
1748128649908 414000.0 414000
1748128650370 414500.0 414500
1748128650830 415000.0 415000
1748128651301 415500.0 415500
1748128651767 416000.0 416000
1748128652309 416500.0 416500
1748128652820 417000.0 417000
1748128653387 417500.0 417500
1748128653928 418000.0 418000
1748128654400 418500.0 418500
1748128654860 419000.0 419000
1748128655314 419500.0 419500
1748128655797 420000.0 420000
1748128656289 420500.0 420500
1748128656751 421000.0 421000
1748128657267 421500.0 421500
1748128657819 422000.0 422000
1748128658335 422500.0 422500
1748128658889 423000.0 423000
1748128659427 423500.0 423500
1748128659927 424000.0 424000
1748128660434 424500.0 424500
1748128660889 425000.0 425000
1748128661349 425500.0 425500
1748128661807 426000.0 426000
1748128662282 426500.0 426500
1748128662790 427000.0 427000
1748128663249 427500.0 427500
1748128663713 428000.0 428000
1748128664173 428500.0 428500
1748128664630 429000.0 429000
1748128665089 429500.0 429500
1748128665542 430000.0 430000
1748128666004 430500.0 430500
1748128666460 431000.0 431000
1748128666919 431500.0 431500
1748128667375 432000.0 432000
1748128667829 432500.0 432500
1748128668290 433000.0 433000
1748128668759 433500.0 433500
1748128669226 434000.0 434000
1748128669693 434500.0 434500
1748128670166 435000.0 435000
1748128670665 435500.0 435500
1748128671134 436000.0 436000
1748128671597 436500.0 436500
1748128672083 437000.0 437000
1748128672547 437500.0 437500
1748128673012 438000.0 438000
1748128673476 438500.0 438500
1748128673942 439000.0 439000
1748128674458 439500.0 439500
1748128674932 440000.0 440000
1748128675407 440500.0 440500
1748128675885 441000.0 441000
1748128676361 441500.0 441500
1748128676837 442000.0 442000
1748128677315 442500.0 442500
1748128677821 443000.0 443000
1748128678298 443500.0 443500
1748128678769 444000.0 444000
1748128679243 444500.0 444500
1748128679720 445000.0 445000
1748128680198 445500.0 445500
1748128680676 446000.0 446000
1748128681195 446500.0 446500
1748128681668 447000.0 447000
1748128682139 447500.0 447500
1748128682609 448000.0 448000
1748128683085 448500.0 448500
1748128683564 449000.0 449000
1748128684104 449500.0 449500
1748128684583 450000.0 450000
1748128685088 450500.0 450500
1748128685562 451000.0 451000
1748128686032 451500.0 451500
1748128686492 452000.0 452000
