1748128258522 9985.75 500
1748128258998 10003.1 1000
1748128259460 9976.05 1500
1748128259924 9971.54 2000
1748128260382 10001.97 2500
1748128260840 10020.14 3000
1748128261363 9957.94 3500
1748128261849 9975.04 4000
1748128262344 10000.88 4500
1748128262819 9996.95 5000
1748128263291 10012.87 5500
1748128263777 10006.57 6000
1748128264361 10006.56 6500
1748128264831 10025.36 7000
1748128265306 9981.71 7500
1748128265779 10021.12 8000
1748128266250 10000.0 8500
1748128266716 10021.01 9000
1748128267199 10015.73 9500
1748128267673 10024.96 10000
1748128268134 9980.7 10500
1748128268632 9992.52 11000
1748128269104 10021.49 11500
1748128269572 10020.15 12000
1748128270101 9974.28 12500
1748128270624 9957.9 13000
1748128271101 9975.94 13500
1748128271577 9991.24 14000
1748128272033 10012.4 14500
1748128272520 9992.22 15000
1748128272984 10092.74 15500
1748128273481 9921.62 16000
1748128273968 10024.68 16500
1748128274439 10059.24 17000
1748128274935 10022.52 17500
1748128275425 10016.03 18000
1748128275915 9967.6 18500
1748128276379 9973.61 19000
1748128276834 9980.42 19500
1748128277300 10022.85 20000
1748128277757 9966.25 20500
1748128278222 9999.8 21000
1748128278679 9962.35 21500
1748128279136 10074.15 22000
1748128279602 10057.98 22500
1748128280053 9999.43 23000
1748128280503 10063.63 23500
1748128280955 10039.42 24000
1748128281420 10262.87 24500
1748128281875 10158.89 25000
1748128282332 10048.45 25500
1748128282781 10061.72 26000
1748128283239 10016.4 26500
1748128283692 10045.49 27000
1748128284150 10214.82 27500
1748128284613 10137.79 28000
1748128285076 10168.06 28500
1748128285525 10047.68 29000
1748128285979 10189.39 29500
1748128286432 10144.92 30000
1748128286887 10095.68 30500
1748128287338 10012.65 31000
1748128287793 10077.75 31500
1748128288247 10074.91 32000
1748128288705 10074.79 32500
1748128289161 10120.17 33000
1748128289613 10109.17 33500
1748128290072 10091.65 34000
1748128290524 10126.27 34500
1748128290990 10155.02 35000
1748128291448 10166.21 35500
1748128291903 10077.72 36000
1748128292359 10066.68 36500
1748128292813 10170.6 37000
1748128293294 10117.64 37500
1748128293810 10076.96 38000
1748128294328 10184.9 38500
1748128294808 10105.86 39000
1748128295271 10151.62 39500
1748128295731 10002.22 40000
1748128296191 10051.37 40500
1748128296642 10013.95 41000
1748128297095 10086.33 41500
1748128297550 10024.77 42000
1748128298036 10044.86 42500
1748128298532 10015.78 43000
1748128299001 9977.82 43500
1748128299453 10010.34 44000
1748128299905 9992.43 44500
1748128300366 10018.92 45000
1748128300823 9980.33 45500
1748128301274 10013.51 46000
1748128301728 9990.09 46500
1748128302182 10015.21 47000
1748128302635 10039.71 47500
1748128303158 10162.88 48000
1748128303663 10220.79 48500
1748128304120 10164.86 49000
1748128304583 10079.5 49500
1748128305036 9987.27 50000
1748128305491 10011.17 50500
1748128305939 10000.0 51000
1748128306390 9976.73 51500
1748128306844 10000.05 52000
1748128307297 10033.28 52500
1748128307761 9977.93 53000
1748128308212 10017.71 53500
1748128308663 9986.18 54000
1748128309146 9996.85 54500
1748128309607 9967.11 55000
1748128310064 9967.12 55500
1748128310519 9977.23 56000
1748128310969 9979.24 56500
1748128311504 9970.72 57000
1748128312026 10013.74 57500
1748128312495 10016.94 58000
1748128312954 9967.42 58500
1748128313407 10009.44 59000
1748128313857 10007.01 59500
1748128314360 9975.07 60000
1748128314815 9988.82 60500
1748128315263 10023.31 61000
1748128315716 10010.98 61500
1748128316169 10022.08 62000
1748128316619 9990.65 62500
1748128317082 10019.55 63000
1748128317536 9995.7 63500
1748128317981 9985.49 64000
1748128318435 9988.93 64500
1748128318891 9963.08 65000
1748128319402 9993.74 65500
1748128319903 9968.89 66000
1748128320356 10024.33 66500
1748128320812 10015.42 67000
1748128321274 10008.05 67500
1748128321730 10023.41 68000
1748128322179 10025.13 68500
1748128322627 10000.0 69000
1748128323078 9994.82 69500
1748128323537 9988.54 70000
1748128323997 10005.43 70500
1748128324456 9966.48 71000
1748128324913 10013.03 71500
1748128325368 9991.69 72000
1748128325828 9966.75 72500
1748128326293 10035.9 73000
1748128326747 10027.71 73500
1748128327201 9987.23 74000
1748128327658 10005.6 74500
1748128328124 10025.01 75000
1748128328582 9967.18 75500
1748128329034 10008.4 76000
1748128329490 10008.92 76500
1748128329946 10022.23 77000
1748128330405 10018.33 77500
1748128330861 9983.75 78000
1748128331331 9983.49 78500
1748128331812 10018.3 79000
1748128332310 10013.71 79500
1748128332807 10022.5 80000
1748128333291 10037.68 80500
1748128333809 10012.38 81000
1748128334298 9986.43 81500
1748128334769 10008.9 82000
1748128335230 9988.75 82500
1748128335684 9994.53 83000
1748128336173 9966.29 83500
1748128336627 9980.33 84000
1748128337086 9991.22 84500
1748128337569 9969.61 85000
1748128338061 9970.23 85500
1748128338526 9990.23 86000
1748128338980 10013.27 86500
1748128339443 9978.65 87000
1748128339900 9992.43 87500
1748128340357 10012.79 88000
1748128340822 9967.68 88500
1748128341294 9985.56 89000
1748128341759 9997.37 89500
1748128342228 9985.26 90000
1748128342680 10027.45 90500
1748128343136 9986.7 91000
1748128343595 10002.37 91500
1748128344054 10015.01 92000
1748128344512 10015.84 92500
1748128344970 10017.67 93000
1748128345450 10009.13 93500
1748128345905 9983.09 94000
1748128346364 10018.15 94500
1748128346817 10012.04 95000
1748128347269 9994.58 95500
1748128347726 10012.6 96000
1748128348179 9983.97 96500
1748128348639 10011.17 97000
1748128349097 9991.65 97500
1748128349552 9994.49 98000
1748128350004 10013.97 98500
1748128350459 10027.05 99000
1748128350918 10012.77 99500
1748128351377 9967.39 100000
1748128351832 10008.32 100500
1748128352284 9995.45 101000
1748128352780 9967.47 101500
1748128353252 10007.41 102000
1748128353712 9982.67 102500
1748128354172 10021.42 103000
1748128354708 9979.44 103500
1748128355183 9973.49 104000
1748128355643 10018.68 104500
1748128356101 10020.63 105000
1748128356556 9988.24 105500
1748128357012 10010.36 106000
1748128357467 9992.35 106500
1748128357924 9989.06 107000
1748128358411 9993.46 107500
1748128358912 9974.26 108000
1748128359384 10004.3 108500
1748128359846 9974.97 109000
1748128360363 10000.64 109500
1748128360854 10026.16 110000
1748128361384 9984.35 110500
1748128361910 9968.19 111000
1748128362377 10015.93 111500
1748128362844 9990.25 112000
1748128363344 10008.05 112500
1748128363809 10007.68 113000
1748128364270 9973.61 113500
1748128364730 10030.34 114000
1748128365191 9989.1 114500
1748128365654 10027.94 115000
1748128366115 10007.35 115500
1748128366573 10015.81 116000
1748128367026 9973.58 116500
1748128367493 9973.56 117000
1748128367995 9998.47 117500
1748128368458 10010.99 118000
1748128368916 9996.91 118500
1748128369371 10021.94 119000
1748128369838 10018.3 119500
1748128370291 9975.91 120000
1748128370742 10001.11 120500
1748128371200 9999.13 121000
1748128371660 9991.33 121500
1748128372120 9982.89 122000
1748128372575 9973.97 122500
1748128373029 10017.83 123000
1748128373487 10017.58 123500
1748128373947 9980.47 124000
1748128374405 10003.04 124500
1748128374858 9986.26 125000
1748128375318 9978.82 125500
1748128375773 9973.68 126000
1748128376225 9970.27 126500
1748128376684 9998.89 127000
1748128377142 9975.62 127500
1748128377600 10006.6 128000
1748128378055 9995.29 128500
1748128378521 10006.53 129000
1748128378999 9972.55 129500
1748128379459 9971.47 130000
1748128379913 10017.07 130500
1748128380369 9968.65 131000
1748128380821 10001.98 131500
1748128381281 9987.72 132000
1748128381749 10030.27 132500
1748128382210 10035.29 133000
1748128382675 10004.48 133500
1748128383147 10038.74 134000
1748128383610 10036.28 134500
1748128384108 10033.69 135000
1748128384752 10042.97 135500
1748128385257 9982.72 136000
1748128385747 10041.85 136500
1748128386260 10077.06 137000
1748128386839 9977.74 137500
1748128387344 9987.52 138000
1748128387848 10006.13 138500
1748128388336 10063.34 139000
1748128388819 10011.24 139500
1748128389299 9990.51 140000
1748128389796 10038.29 140500
1748128390353 10043.36 141000
1748128390848 10000.22 141500
1748128391357 10032.06 142000
1748128391921 10042.6 142500
1748128392435 10015.11 143000
1748128392927 10023.88 143500
1748128393401 10015.04 144000
1748128393919 9987.3 144500
1748128394453 10003.52 145000
1748128394950 9999.43 145500
1748128395446 10025.45 146000
1748128395943 10023.5 146500
1748128396414 10030.28 147000
1748128396876 10013.01 147500
1748128397362 10002.35 148000
1748128397871 9980.85 148500
1748128398341 10046.27 149000
1748128398807 9981.76 149500
1748128399267 9963.41 150000
1748128399788 10025.74 150500
1748128400288 9965.84 151000
1748128400745 10002.36 151500
1748128401203 10043.11 152000
1748128401663 9978.58 152500
1748128402135 10037.3 153000
1748128402631 9992.75 153500
1748128403125 9967.58 154000
1748128403613 10027.14 154500
1748128404092 9959.7 155000
1748128404644 9997.31 155500
1748128405204 9997.49 156000
1748128405730 10016.76 156500
1748128406248 10099.88 157000
1748128406739 10089.6 157500
1748128407200 10027.09 158000
1748128407659 10055.86 158500
1748128408117 10024.5 159000
1748128408639 10080.94 159500
1748128409167 9995.39 160000
1748128409647 9989.38 160500
1748128410115 10042.09 161000
1748128410573 10026.36 161500
1748128411047 10086.07 162000
1748128411529 10008.65 162500
1748128411992 10019.05 163000
1748128412450 10019.91 163500
1748128412916 10039.83 164000
1748128413382 10011.3 164500
1748128413868 10009.11 165000
1748128414339 9992.75 165500
1748128414859 10016.51 166000
1748128415344 10007.67 166500
1748128415834 10040.61 167000
1748128416324 10029.62 167500
1748128416865 10010.55 168000
1748128417355 9972.18 168500
1748128417945 9989.99 169000
1748128418414 9953.57 169500
1748128418935 9971.89 170000
1748128419465 10010.16 170500
1748128419942 10014.94 171000
1748128420404 10022.7 171500
1748128420867 9989.26 172000
1748128421327 10024.09 172500
1748128421821 10035.14 173000
1748128422296 9973.04 173500
1748128422802 10019.71 174000
1748128423277 9995.13 174500
1748128423804 10026.02 175000
1748128424270 9977.83 175500
1748128424737 10035.09 176000
1748128425197 10100.59 176500
1748128425649 10041.65 177000
1748128426113 10063.62 177500
1748128426567 10023.45 178000
1748128427026 9988.53 178500
1748128427487 10022.51 179000
1748128427957 10004.24 179500
1748128428418 9961.12 180000
1748128428876 9996.76 180500
1748128429343 9929.68 181000
1748128429812 10082.98 181500
1748128430272 10079.53 182000
1748128430730 10001.65 182500
1748128431196 10039.01 183000
1748128431692 10094.61 183500
1748128432169 10019.06 184000
1748128432631 10037.09 184500
1748128433101 10007.94 185000
1748128433580 9978.37 185500
1748128434054 9980.6 186000
1748128434524 9995.21 186500
1748128434985 9982.39 187000
1748128435444 10043.7 187500
1748128435909 10062.43 188000
1748128436376 10036.01 188500
1748128436847 9893.28 189000
1748128437313 10000.0 189500
1748128437775 10027.42 190000
1748128438352 10047.5 190500
1748128438875 9992.86 191000
1748128439362 10027.1 191500
1748128439860 10081.95 192000
1748128440335 9994.66 192500
1748128440852 9999.53 193000
1748128441328 10044.44 193500
1748128441793 9962.34 194000
1748128442251 10023.73 194500
1748128442717 10002.72 195000
1748128443174 9983.17 195500
1748128443635 10058.17 196000
1748128444099 9999.38 196500
1748128444556 9952.94 197000
1748128445010 10007.18 197500
1748128445468 9952.77 198000
1748128445928 9978.36 198500
1748128446431 10020.66 199000
1748128446891 9993.84 199500
1748128447352 10039.25 200000
1748128447812 9985.28 200500
1748128448304 10083.37 201000
1748128448779 10003.4 201500
1748128449284 10032.23 202000
1748128449874 9974.33 202500
1748128450378 9977.35 203000
1748128450884 9995.91 203500
1748128451386 10082.6 204000
1748128451847 9979.36 204500
1748128452318 10002.88 205000
1748128452790 9984.19 205500
1748128453256 10023.12 206000
1748128453718 10036.5 206500
1748128454179 9990.47 207000
1748128454652 9970.41 207500
1748128455169 9987.19 208000
1748128455633 9968.37 208500
1748128456096 9944.16 209000
1748128456553 9980.69 209500
1748128457017 9987.8 210000
1748128457468 10015.67 210500
1748128457933 10047.54 211000
1748128458412 10052.5 211500
1748128458883 10044.38 212000
1748128459402 10011.57 212500
1748128459900 9965.85 213000
1748128460378 10035.07 213500
1748128460850 10030.15 214000
1748128461373 9999.04 214500
1748128461849 9940.62 215000
1748128462353 9993.71 215500
1748128462834 10004.63 216000
1748128463320 10060.1 216500
1748128463812 10027.9 217000
1748128464334 10018.46 217500
1748128464824 9996.55 218000
1748128465313 10064.58 218500
1748128465801 9982.76 219000
1748128466283 10014.65 219500
1748128466755 10042.43 220000
1748128467228 10042.11 220500
1748128467713 9967.8 221000
1748128468189 10010.5 221500
1748128468675 10011.41 222000
1748128469162 10015.71 222500
1748128469724 10021.06 223000
1748128470263 9987.33 223500
1748128470742 9995.52 224000
1748128471207 10046.33 224500
1748128471690 10001.38 225000
1748128472170 9956.95 225500
1748128472649 10086.5 226000
1748128473118 10197.61 226500
1748128473595 10047.37 227000
1748128474080 10016.71 227500
1748128474564 9995.85 228000
1748128475045 9986.32 228500
1748128475519 9991.71 229000
1748128476037 9978.07 229500
1748128476517 10022.13 230000
1748128476992 10035.95 230500
1748128477476 9992.79 231000
1748128477945 9988.04 231500
1748128478424 10064.09 232000
1748128478911 10040.38 232500
1748128479386 10042.64 233000
1748128479860 10013.7 233500
1748128480333 10027.54 234000
1748128480813 10034.59 234500
1748128481301 10028.18 235000
1748128481785 9994.1 235500
1748128482293 10002.38 236000
1748128482771 10030.69 236500
1748128483249 10043.8 237000
1748128483733 9975.2 237500
1748128484214 10031.81 238000
1748128484688 10000.0 238500
1748128485158 9978.79 239000
1748128485685 10004.23 239500
1748128486167 10022.32 240000
1748128486641 10001.11 240500
1748128487113 9981.28 241000
1748128487599 10006.04 241500
1748128488077 9963.78 242000
1748128488538 10002.57 242500
1748128489003 10016.08 243000
1748128489457 9994.26 243500
1748128489917 9925.44 244000
1748128490380 9966.44 244500
1748128490846 10021.47 245000
1748128491311 9948.56 245500
1748128491768 10007.41 246000
1748128492238 10006.98 246500
1748128492707 9984.68 247000
1748128493224 10030.68 247500
1748128493687 9981.56 248000
1748128494144 10002.96 248500
1748128494600 9970.81 249000
1748128495071 9992.78 249500
1748128495528 10017.91 250000
1748128495988 10009.35 250500
1748128496440 10001.13 251000
1748128496906 10004.97 251500
1748128497362 9985.89 252000
1748128497821 9972.55 252500
1748128498311 10031.71 253000
1748128498777 9999.81 253500
1748128499233 9985.65 254000
1748128499707 9966.51 254500
1748128500183 9988.1 255000
1748128500658 10027.22 255500
1748128501166 10013.6 256000
1748128501623 9977.69 256500
1748128502090 9977.28 257000
1748128502559 10014.51 257500
1748128503087 9983.26 258000
1748128503564 9991.44 258500
1748128504022 10001.94 259000
1748128504490 10005.32 259500
1748128504949 9968.74 260000
1748128505408 9982.34 260500
1748128505879 9998.8 261000
1748128506353 9997.81 261500
1748128506897 9922.22 262000
1748128507354 9972.86 262500
1748128507810 9989.03 263000
1748128508284 10023.24 263500
1748128508768 9964.77 264000
1748128509230 10025.61 264500
1748128509729 9991.37 265000
1748128510232 9965.99 265500
1748128510708 9993.95 266000
1748128511188 9978.85 266500
1748128511718 9993.59 267000
1748128512178 9978.11 267500
1748128512637 10017.24 268000
1748128513092 10016.96 268500
1748128513557 9990.8 269000
1748128514023 9954.67 269500
1748128514514 10027.59 270000
1748128514975 9991.35 270500
1748128515436 10015.98 271000
1748128515916 9999.74 271500
1748128516384 9979.75 272000
1748128516859 10014.53 272500
1748128517329 9993.1 273000
1748128517785 9971.04 273500
1748128518297 10007.46 274000
1748128518766 9974.36 274500
1748128519219 10040.57 275000
1748128519686 9998.26 275500
1748128520163 9991.05 276000
1748128520628 9984.48 276500
1748128521096 9982.41 277000
1748128521575 9993.31 277500
1748128522062 9972.75 278000
1748128522531 9970.93 278500
1748128522991 10010.76 279000
1748128523477 10007.62 279500
1748128523953 10014.74 280000
1748128524411 10005.81 280500
1748128524870 10013.88 281000
1748128525330 10015.19 281500
1748128525826 10026.24 282000
1748128526288 9999.67 282500
1748128526744 9977.79 283000
1748128527202 9991.9 283500
1748128527663 10021.97 284000
1748128528151 10005.73 284500
1748128528668 10028.59 285000
1748128529122 10005.1 285500
1748128529581 10000.76 286000
1748128530039 9995.03 286500
1748128530504 10021.88 287000
1748128530965 9982.88 287500
1748128531427 10005.74 288000
1748128531883 10021.89 288500
1748128532346 9977.34 289000
1748128532814 10011.07 289500
1748128533272 10020.45 290000
1748128533733 9989.4 290500
1748128534195 9964.93 291000
1748128534657 9972.91 291500
1748128535117 9998.75 292000
1748128535569 9997.28 292500
1748128536033 10033.18 293000
1748128536490 9999.85 293500
1748128537018 10028.29 294000
1748128537486 10021.71 294500
1748128537941 10009.45 295000
1748128538413 10014.27 295500
1748128538905 9986.58 296000
1748128539370 9973.59 296500
1748128539826 10002.09 297000
1748128540278 9968.87 297500
1748128540741 9954.37 298000
1748128541199 10004.21 298500
1748128541663 9961.22 299000
1748128542119 10003.09 299500
1748128542571 10033.23 300000
1748128543085 10014.33 300500
1748128543544 9972.35 301000
1748128544030 10036.69 301500
1748128544486 10026.7 302000
1748128544943 10012.33 302500
1748128545395 9992.73 303000
1748128545852 9967.1 303500
1748128546315 10002.78 304000
1748128546778 9985.66 304500
1748128547232 9998.23 305000
1748128547685 9992.39 305500
1748128548136 10008.13 306000
1748128548596 10020.71 306500
1748128549057 10002.95 307000
1748128549543 10016.56 307500
1748128550068 10028.82 308000
1748128550537 10000.0 308500
1748128551019 9957.72 309000
1748128551494 9980.75 309500
1748128552034 10018.36 310000
1748128552495 10031.49 310500
1748128552954 9998.45 311000
1748128553431 10006.8 311500
1748128553961 10011.36 312000
1748128554424 9975.75 312500
1748128554894 9996.12 313000
1748128555361 10026.94 313500
1748128555821 10010.63 314000
1748128556276 9978.49 314500
1748128556733 9966.3 315000
1748128557193 9971.6 315500
1748128557649 10032.21 316000
1748128558108 10029.6 316500
1748128558572 9969.77 317000
1748128559028 10017.78 317500
1748128559482 9992.95 318000
1748128559939 10026.49 318500
1748128560392 9991.5 319000
1748128560853 9976.6 319500
1748128561323 10014.99 320000
1748128561784 10001.86 320500
1748128562248 10029.82 321000
1748128562710 9972.57 321500
1748128563195 10021.93 322000
1748128563654 9991.93 322500
1748128564115 9969.61 323000
1748128564572 10031.58 323500
1748128565036 10014.2 324000
1748128565590 9979.92 324500
1748128566045 10027.04 325000
1748128566534 10016.64 325500
1748128567000 10004.88 326000
1748128567509 9986.56 326500
1748128567967 9956.46 327000
1748128568438 10015.87 327500
1748128568963 10033.16 328000
1748128569480 9983.17 328500
1748128569963 9988.42 329000
1748128570437 10015.86 329500
1748128570904 9988.87 330000
1748128571367 9980.89 330500
1748128571834 10015.52 331000
1748128572293 10023.8 331500
1748128572756 10007.54 332000
1748128573211 10033.14 332500
1748128573683 10027.4 333000
1748128574158 10004.5 333500
1748128574614 9978.24 334000
1748128575066 9984.09 334500
1748128575533 10004.07 335000
1748128576074 9972.43 335500
1748128576550 9946.77 336000
1748128577054 10023.67 336500
1748128577517 9966.36 337000
1748128577981 9997.65 337500
1748128578456 10004.95 338000
1748128578925 9981.47 338500
1748128579420 9977.38 339000
1748128579890 10032.49 339500
1748128580358 10017.32 340000
1748128580832 9985.42 340500
1748128581302 9999.74 341000
1748128581765 9977.03 341500
1748128582240 9980.9 342000
1748128582709 10017.46 342500
1748128583179 10015.27 343000
1748128583649 9994.85 343500
1748128584114 9977.07 344000
1748128584567 9998.85 344500
1748128585031 10015.89 345000
1748128585493 9982.8 345500
1748128585959 10008.33 346000
1748128586486 10026.39 346500
1748128586948 9972.01 347000
1748128587410 10024.69 347500
1748128587865 10010.75 348000
1748128588323 9983.14 348500
1748128588781 9976.94 349000
1748128589238 9973.07 349500
1748128589694 9985.07 350000
1748128590153 10003.2 350500
1748128590612 9987.37 351000
1748128591072 10020.75 351500
1748128591524 9982.23 352000
1748128591977 10012.89 352500
1748128592435 10020.41 353000
1748128592897 9981.73 353500
1748128593358 10020.67 354000
1748128593814 9992.18 354500
1748128594271 10012.92 355000
1748128594794 9995.82 355500
1748128595312 10012.09 356000
1748128595771 10004.5 356500
1748128596225 9959.13 357000
1748128596691 9966.56 357500
1748128597150 9983.18 358000
1748128597607 9966.23 358500
1748128598059 10034.73 359000
1748128598518 9962.12 359500
1748128598989 10037.56 360000
1748128599506 10013.31 360500
1748128599965 10002.92 361000
1748128600424 10021.62 361500
1748128600885 10023.21 362000
1748128601348 10026.78 362500
1748128601807 10015.35 363000
1748128602268 10013.43 363500
1748128602723 10021.96 364000
1748128603189 9985.28 364500
1748128603652 10017.39 365000
1748128604115 9982.41 365500
1748128604571 10013.25 366000
1748128605085 10016.49 366500
1748128605551 10009.85 367000
1748128606053 10008.49 367500
1748128606524 9984.43 368000
1748128606985 9998.61 368500
1748128607477 9963.16 369000
1748128607963 10008.17 369500
1748128608488 9977.94 370000
1748128608968 9997.11 370500
1748128609431 9994.22 371000
1748128609887 9984.59 371500
1748128610345 10028.17 372000
1748128610803 10003.98 372500
1748128611268 9986.77 373000
1748128611729 9977.31 373500
1748128612187 9965.18 374000
1748128612649 9988.24 374500
1748128613141 10005.72 375000
1748128613669 10029.15 375500
1748128614165 9986.26 376000
1748128614625 9997.25 376500
1748128615098 9985.09 377000
1748128615609 10022.35 377500
1748128616072 9996.93 378000
1748128616531 9975.69 378500
1748128616986 10034.38 379000
1748128617458 9993.07 379500
1748128617935 9999.18 380000
1748128618409 9970.44 380500
1748128618871 10004.57 381000
1748128619379 10008.05 381500
1748128619857 10069.6 382000
1748128620321 10039.7 382500
1748128620787 10025.27 383000
1748128621247 9991.0 383500
1748128621703 10012.19 384000
1748128622243 10055.43 384500
1748128622804 10035.75 385000
1748128623270 10070.16 385500
1748128623797 9971.68 386000
1748128624274 9984.85 386500
1748128624747 10011.51 387000
1748128625210 9959.14 387500
1748128625666 9968.22 388000
1748128626126 10021.3 388500
1748128626588 10011.53 389000
1748128627049 10055.94 389500
1748128627513 10017.88 390000
1748128627971 10053.07 390500
1748128628421 10026.06 391000
1748128628883 10043.01 391500
1748128629352 9999.24 392000
1748128629834 10009.15 392500
1748128630295 10034.41 393000
1748128630808 10035.12 393500
1748128631268 10001.21 394000
1748128631759 9995.07 394500
1748128632217 9996.33 395000
1748128632682 9988.74 395500
1748128633138 10016.66 396000
1748128633607 10011.34 396500
1748128634071 9980.97 397000
1748128634532 10018.98 397500
1748128634996 10040.26 398000
1748128635459 10027.14 398500
1748128635921 10003.21 399000
1748128636381 9992.31 399500
1748128636841 10031.33 400000
1748128637297 9997.43 400500
1748128637760 10021.69 401000
1748128638213 10004.67 401500
1748128638677 9993.47 402000
1748128639147 9964.34 402500
1748128639604 9991.55 403000
1748128640059 9976.34 403500
1748128640515 9951.37 404000
1748128641002 10023.39 404500
1748128641463 9998.36 405000
1748128641926 10000.61 405500
1748128642387 9987.69 406000
1748128642856 9994.47 406500
1748128643379 10008.62 407000
1748128643836 9997.59 407500
1748128644299 10034.91 408000
1748128644757 10043.23 408500
1748128645236 9997.86 409000
1748128645697 10018.14 409500
1748128646157 9983.31 410000
1748128646614 10018.7 410500
1748128647076 9981.75 411000
1748128647537 9988.01 411500
1748128648001 10027.75 412000
1748128648462 10035.74 412500
1748128648929 9993.76 413000
1748128649451 9963.83 413500
1748128649908 10002.55 414000
1748128650370 10018.13 414500
1748128650831 10022.42 415000
1748128651302 9959.26 415500
1748128651768 9997.29 416000
1748128652309 10032.45 416500
1748128652821 10049.67 417000
1748128653388 9982.98 417500
1748128653929 10049.11 418000
1748128654400 9984.4 418500
1748128654861 10017.75 419000
1748128655315 9972.52 419500
1748128655798 10001.51 420000
1748128656289 9970.61 420500
1748128656752 9970.85 421000
1748128657268 9987.8 421500
1748128657820 9990.77 422000
1748128658336 10035.71 422500
1748128658890 10005.99 423000
1748128659428 10006.99 423500
1748128659928 10014.93 424000
1748128660435 10038.3 424500
1748128660890 9986.76 425000
1748128661349 9996.41 425500
1748128661808 10004.47 426000
1748128662283 10029.05 426500
1748128662790 9991.01 427000
1748128663250 9982.99 427500
1748128663714 9967.2 428000
1748128664174 10008.36 428500
1748128664631 9968.74 429000
1748128665090 9967.87 429500
1748128665543 9972.35 430000
1748128666005 9975.8 430500
1748128666461 9974.76 431000
1748128666920 10023.42 431500
1748128667376 9999.1 432000
1748128667830 10035.79 432500
1748128668291 9973.6 433000
1748128668760 9998.21 433500
1748128669227 10022.34 434000
1748128669693 9988.5 434500
1748128670167 9942.57 435000
1748128670666 10008.7 435500
1748128671135 9991.93 436000
1748128671597 10021.57 436500
1748128672083 10000.0 437000
1748128672547 9976.88 437500
1748128673012 10001.21 438000
1748128673477 9978.23 438500
1748128673942 10034.71 439000
1748128674458 9999.31 439500
1748128674933 9957.03 440000
1748128675409 10026.64 440500
1748128675886 10016.89 441000
1748128676362 9996.77 441500
1748128676837 10022.07 442000
1748128677315 9983.9 442500
1748128677821 10034.7 443000
1748128678299 9968.31 443500
1748128678770 10046.08 444000
1748128679244 10017.65 444500
1748128679721 9984.36 445000
1748128680199 10039.22 445500
1748128680676 10112.75 446000
1748128681196 9987.86 446500
1748128681669 10002.84 447000
1748128682140 9997.27 447500
1748128682610 10015.63 448000
1748128683086 9952.29 448500
1748128683564 10019.32 449000
1748128684104 10012.32 449500
1748128684584 9990.81 450000
1748128685089 10033.11 450500
1748128685563 10048.48 451000
1748128686032 9971.96 451500
1748128686492 9950.31 452000
