1748128258520 1.0 500
1748128258996 2.0 1000
1748128259459 3.0 1500
1748128259922 4.0 2000
1748128260380 5.0 2500
1748128260838 6.0 3000
1748128261360 7.0 3500
1748128261848 8.0 4000
1748128262342 9.0 4500
1748128262818 10.0 5000
1748128263289 11.0 5500
1748128263775 12.0 6000
1748128264360 13.0 6500
1748128264829 14.0 7000
1748128265304 15.0 7500
1748128265777 16.0 8000
1748128266249 17.0 8500
1748128266714 18.0 9000
1748128267197 19.0 9500
1748128267672 20.0 10000
1748128268133 21.0 10500
1748128268630 22.0 11000
1748128269103 23.0 11500
1748128269570 24.0 12000
1748128270099 25.0 12500
1748128270622 26.0 13000
1748128271099 27.0 13500
1748128271575 28.0 14000
1748128272032 29.0 14500
1748128272518 30.0 15000
1748128272982 31.0 15500
1748128273479 32.0 16000
1748128273966 33.0 16500
1748128274438 34.0 17000
1748128274932 35.0 17500
1748128275423 36.0 18000
1748128275914 37.0 18500
1748128276377 38.0 19000
1748128276833 39.0 19500
1748128277298 40.0 20000
1748128277755 41.0 20500
1748128278220 42.0 21000
1748128278678 43.0 21500
1748128279135 44.0 22000
1748128279601 45.0 22500
1748128280051 46.0 23000
1748128280501 47.0 23500
1748128280953 48.0 24000
1748128281418 49.0 24500
1748128281874 50.0 25000
1748128282330 51.0 25500
1748128282780 52.0 26000
1748128283237 53.0 26500
1748128283690 54.0 27000
1748128284148 55.0 27500
1748128284612 56.0 28000
1748128285074 57.0 28500
1748128285523 58.0 29000
1748128285978 59.0 29500
1748128286430 60.0 30000
1748128286886 61.0 30500
1748128287336 62.0 31000
1748128287791 63.0 31500
1748128288245 64.0 32000
1748128288703 65.0 32500
1748128289159 66.0 33000
1748128289611 67.0 33500
1748128290070 68.0 34000
1748128290523 69.0 34500
1748128290989 70.0 35000
1748128291447 71.0 35500
1748128291902 72.0 36000
1748128292357 73.0 36500
1748128292811 74.0 37000
1748128293291 75.0 37500
1748128293808 76.0 38000
1748128294326 77.0 38500
1748128294806 78.0 39000
1748128295269 79.0 39500
1748128295729 80.0 40000
1748128296190 81.0 40500
1748128296640 82.0 41000
1748128297094 83.0 41500
1748128297548 84.0 42000
1748128298034 85.0 42500
1748128298531 86.0 43000
1748128298999 87.0 43500
1748128299451 88.0 44000
1748128299903 89.0 44500
1748128300365 90.0 45000
1748128300821 91.0 45500
1748128301272 92.0 46000
1748128301726 93.0 46500
1748128302181 94.0 47000
1748128302634 95.0 47500
1748128303156 96.0 48000
1748128303660 97.0 48500
1748128304119 98.0 49000
1748128304580 99.0 49500
1748128305034 100.0 50000
1748128305489 101.0 50500
1748128305937 102.0 51000
1748128306388 103.0 51500
1748128306843 104.0 52000
1748128307295 105.0 52500
1748128307759 106.0 53000
1748128308210 107.0 53500
1748128308661 108.0 54000
1748128309145 109.0 54500
1748128309605 110.0 55000
1748128310063 111.0 55500
1748128310517 112.0 56000
1748128310967 113.0 56500
1748128311502 114.0 57000
1748128312024 115.0 57500
1748128312493 116.0 58000
1748128312953 117.0 58500
1748128313405 118.0 59000
1748128313856 119.0 59500
1748128314359 120.0 60000
1748128314813 121.0 60500
1748128315262 122.0 61000
1748128315715 123.0 61500
1748128316168 124.0 62000
1748128316618 125.0 62500
1748128317080 126.0 63000
1748128317534 127.0 63500
1748128317980 128.0 64000
1748128318434 129.0 64500
1748128318889 130.0 65000
1748128319400 131.0 65500
1748128319901 132.0 66000
1748128320354 133.0 66500
1748128320810 134.0 67000
1748128321273 135.0 67500
1748128321728 136.0 68000
1748128322177 137.0 68500
1748128322626 138.0 69000
1748128323077 139.0 69500
1748128323535 140.0 70000
1748128323996 141.0 70500
1748128324454 142.0 71000
1748128324911 143.0 71500
1748128325366 144.0 72000
1748128325826 145.0 72500
1748128326292 146.0 73000
1748128326746 147.0 73500
1748128327199 148.0 74000
1748128327657 149.0 74500
1748128328122 150.0 75000
1748128328580 151.0 75500
1748128329032 152.0 76000
1748128329489 153.0 76500
1748128329945 154.0 77000
1748128330403 155.0 77500
1748128330860 156.0 78000
1748128331329 157.0 78500
1748128331810 158.0 79000
1748128332308 159.0 79500
1748128332805 160.0 80000
1748128333289 161.0 80500
1748128333807 162.0 81000
1748128334295 163.0 81500
1748128334767 164.0 82000
1748128335229 165.0 82500
1748128335682 166.0 83000
1748128336172 167.0 83500
1748128336625 168.0 84000
1748128337084 169.0 84500
1748128337567 170.0 85000
1748128338060 171.0 85500
1748128338524 172.0 86000
1748128338978 173.0 86500
1748128339441 174.0 87000
1748128339899 175.0 87500
1748128340356 176.0 88000
1748128340821 177.0 88500
1748128341292 178.0 89000
1748128341758 179.0 89500
1748128342226 180.0 90000
1748128342678 181.0 90500
1748128343135 182.0 91000
1748128343593 183.0 91500
1748128344052 184.0 92000
1748128344510 185.0 92500
1748128344968 186.0 93000
1748128345448 187.0 93500
1748128345903 188.0 94000
1748128346363 189.0 94500
1748128346815 190.0 95000
1748128347268 191.0 95500
1748128347724 192.0 96000
1748128348177 193.0 96500
1748128348637 194.0 97000
1748128349095 195.0 97500
1748128349551 196.0 98000
1748128350003 197.0 98500
1748128350458 198.0 99000
1748128350917 199.0 99500
1748128351375 200.0 100000
1748128351830 201.0 100500
1748128352283 202.0 101000
1748128352778 203.0 101500
1748128353250 204.0 102000
1748128353710 205.0 102500
1748128354170 206.0 103000
1748128354706 207.0 103500
1748128355181 208.0 104000
1748128355642 209.0 104500
1748128356100 210.0 105000
1748128356554 211.0 105500
1748128357010 212.0 106000
1748128357465 213.0 106500
1748128357922 214.0 107000
1748128358409 215.0 107500
1748128358910 216.0 108000
1748128359382 217.0 108500
1748128359844 218.0 109000
1748128360362 219.0 109500
1748128360852 220.0 110000
1748128361382 221.0 110500
1748128361908 222.0 111000
1748128362375 223.0 111500
1748128362842 224.0 112000
1748128363343 225.0 112500
1748128363807 226.0 113000
1748128364268 227.0 113500
1748128364729 228.0 114000
1748128365189 229.0 114500
1748128365652 230.0 115000
1748128366113 231.0 115500
1748128366571 232.0 116000
1748128367024 233.0 116500
1748128367491 234.0 117000
1748128367994 235.0 117500
1748128368456 236.0 118000
1748128368915 237.0 118500
1748128369369 238.0 119000
1748128369836 239.0 119500
1748128370289 240.0 120000
1748128370741 241.0 120500
1748128371199 242.0 121000
1748128371658 243.0 121500
1748128372118 244.0 122000
1748128372573 245.0 122500
1748128373027 246.0 123000
1748128373485 247.0 123500
1748128373945 248.0 124000
1748128374403 249.0 124500
1748128374857 250.0 125000
1748128375317 251.0 125500
1748128375771 252.0 126000
1748128376223 253.0 126500
1748128376682 254.0 127000
1748128377141 255.0 127500
1748128377598 256.0 128000
1748128378053 257.0 128500
1748128378520 258.0 129000
1748128378998 259.0 129500
1748128379457 260.0 130000
1748128379911 261.0 130500
1748128380367 262.0 131000
1748128380820 263.0 131500
1748128381279 264.0 132000
1748128381747 265.0 132500
1748128382209 266.0 133000
1748128382673 267.0 133500
1748128383145 268.0 134000
1748128383609 269.0 134500
1748128384106 270.0 135000
1748128384750 271.0 135500
1748128385255 272.0 136000
1748128385745 273.0 136500
1748128386258 274.0 137000
1748128386838 275.0 137500
1748128387342 276.0 138000
1748128387846 277.0 138500
1748128388334 278.0 139000
1748128388817 279.0 139500
1748128389297 280.0 140000
1748128389795 281.0 140500
1748128390351 282.0 141000
1748128390846 283.0 141500
1748128391355 284.0 142000
1748128391920 285.0 142500
1748128392432 286.0 143000
1748128392925 287.0 143500
1748128393399 288.0 144000
1748128393911 289.0 144500
1748128394452 290.0 145000
1748128394948 291.0 145500
1748128395444 292.0 146000
1748128395941 293.0 146500
1748128396412 294.0 147000
1748128396874 295.0 147500
1748128397360 296.0 148000
1748128397869 297.0 148500
1748128398340 298.0 149000
1748128398806 299.0 149500
1748128399266 300.0 150000
1748128399786 301.0 150500
1748128400286 302.0 151000
1748128400744 303.0 151500
1748128401201 304.0 152000
1748128401661 305.0 152500
1748128402133 306.0 153000
1748128402629 307.0 153500
1748128403123 308.0 154000
1748128403611 309.0 154500
1748128404090 310.0 155000
1748128404643 311.0 155500
1748128405201 312.0 156000
1748128405728 313.0 156500
1748128406246 314.0 157000
1748128406736 315.0 157500
1748128407198 316.0 158000
1748128407657 317.0 158500
1748128408115 318.0 159000
1748128408638 319.0 159500
1748128409165 320.0 160000
1748128409645 321.0 160500
1748128410114 322.0 161000
1748128410571 323.0 161500
1748128411045 324.0 162000
1748128411528 325.0 162500
1748128411990 326.0 163000
1748128412448 327.0 163500
1748128412915 328.0 164000
1748128413381 329.0 164500
1748128413866 330.0 165000
1748128414337 331.0 165500
1748128414857 332.0 166000
1748128415342 333.0 166500
1748128415832 334.0 167000
1748128416322 335.0 167500
1748128416862 336.0 168000
1748128417353 337.0 168500
1748128417943 338.0 169000
1748128418412 339.0 169500
1748128418933 340.0 170000
1748128419464 341.0 170500
1748128419941 342.0 171000
1748128420403 343.0 171500
1748128420866 344.0 172000
1748128421325 345.0 172500
1748128421819 346.0 173000
1748128422294 347.0 173500
1748128422800 348.0 174000
1748128423275 349.0 174500
1748128423802 350.0 175000
1748128424268 351.0 175500
1748128424736 352.0 176000
1748128425195 353.0 176500
1748128425648 354.0 177000
1748128426111 355.0 177500
1748128426565 356.0 178000
1748128427024 357.0 178500
1748128427485 358.0 179000
1748128427955 359.0 179500
1748128428416 360.0 180000
1748128428875 361.0 180500
1748128429341 362.0 181000
1748128429811 363.0 181500
1748128430270 364.0 182000
1748128430728 365.0 182500
1748128431194 366.0 183000
1748128431690 367.0 183500
1748128432168 368.0 184000
1748128432629 369.0 184500
1748128433099 370.0 185000
1748128433578 371.0 185500
1748128434053 372.0 186000
1748128434522 373.0 186500
1748128434983 374.0 187000
1748128435442 375.0 187500
1748128435907 376.0 188000
1748128436374 377.0 188500
1748128436845 378.0 189000
1748128437312 379.0 189500
1748128437773 380.0 190000
1748128438351 381.0 190500
1748128438874 382.0 191000
1748128439361 383.0 191500
1748128439858 384.0 192000
1748128440333 385.0 192500
1748128440850 386.0 193000
1748128441326 387.0 193500
1748128441792 388.0 194000
1748128442249 389.0 194500
1748128442715 390.0 195000
1748128443172 391.0 195500
1748128443633 392.0 196000
1748128444097 393.0 196500
1748128444555 394.0 197000
1748128445009 395.0 197500
1748128445466 396.0 198000
1748128445926 397.0 198500
1748128446429 398.0 199000
1748128446889 399.0 199500
1748128447351 400.0 200000
1748128447810 401.0 200500
1748128448302 402.0 201000
1748128448777 403.0 201500
1748128449282 404.0 202000
1748128449872 405.0 202500
1748128450376 406.0 203000
1748128450882 407.0 203500
1748128451384 408.0 204000
1748128451846 409.0 204500
1748128452316 410.0 205000
1748128452788 411.0 205500
1748128453255 412.0 206000
1748128453716 413.0 206500
1748128454177 414.0 207000
1748128454650 415.0 207500
1748128455167 416.0 208000
1748128455632 417.0 208500
1748128456094 418.0 209000
1748128456552 419.0 209500
1748128457015 420.0 210000
1748128457466 421.0 210500
1748128457932 422.0 211000
1748128458411 423.0 211500
1748128458881 424.0 212000
1748128459400 425.0 212500
1748128459898 426.0 213000
1748128460376 427.0 213500
1748128460848 428.0 214000
1748128461370 429.0 214500
1748128461847 430.0 215000
1748128462350 431.0 215500
1748128462832 432.0 216000
1748128463318 433.0 216500
1748128463810 434.0 217000
1748128464333 435.0 217500
1748128464823 436.0 218000
1748128465311 437.0 218500
1748128465799 438.0 219000
1748128466281 439.0 219500
1748128466753 440.0 220000
1748128467226 441.0 220500
1748128467711 442.0 221000
1748128468187 443.0 221500
1748128468672 444.0 222000
1748128469160 445.0 222500
1748128469722 446.0 223000
1748128470260 447.0 223500
1748128470740 448.0 224000
1748128471205 449.0 224500
1748128471689 450.0 225000
1748128472168 451.0 225500
1748128472648 452.0 226000
1748128473116 453.0 226500
1748128473594 454.0 227000
1748128474078 455.0 227500
1748128474562 456.0 228000
1748128475043 457.0 228500
1748128475517 458.0 229000
1748128476035 459.0 229500
1748128476516 460.0 230000
1748128476990 461.0 230500
1748128477474 462.0 231000
1748128477943 463.0 231500
1748128478423 464.0 232000
1748128478909 465.0 232500
1748128479384 466.0 233000
1748128479858 467.0 233500
1748128480331 468.0 234000
1748128480811 469.0 234500
1748128481299 470.0 235000
1748128481784 471.0 235500
1748128482292 472.0 236000
1748128482770 473.0 236500
1748128483247 474.0 237000
1748128483732 475.0 237500
1748128484212 476.0 238000
1748128484687 477.0 238500
1748128485156 478.0 239000
1748128485683 479.0 239500
1748128486165 480.0 240000
1748128486640 481.0 240500
1748128487111 482.0 241000
1748128487597 483.0 241500
1748128488075 484.0 242000
1748128488537 485.0 242500
1748128489001 486.0 243000
1748128489455 487.0 243500
1748128489915 488.0 244000
1748128490378 489.0 244500
1748128490844 490.0 245000
1748128491309 491.0 245500
1748128491767 492.0 246000
1748128492236 493.0 246500
1748128492705 494.0 247000
1748128493222 495.0 247500
1748128493685 496.0 248000
1748128494142 497.0 248500
1748128494598 498.0 249000
1748128495070 499.0 249500
1748128495527 500.0 250000
1748128495986 501.0 250500
1748128496438 502.0 251000
1748128496904 503.0 251500
1748128497360 504.0 252000
1748128497819 505.0 252500
1748128498309 506.0 253000
1748128498775 507.0 253500
1748128499231 508.0 254000
1748128499705 509.0 254500
1748128500182 510.0 255000
1748128500656 511.0 255500
1748128501164 512.0 256000
1748128501620 513.0 256500
1748128502088 514.0 257000
1748128502557 515.0 257500
1748128503085 516.0 258000
1748128503562 517.0 258500
1748128504021 518.0 259000
1748128504488 519.0 259500
1748128504948 520.0 260000
1748128505407 521.0 260500
1748128505877 522.0 261000
1748128506351 523.0 261500
1748128506895 524.0 262000
1748128507352 525.0 262500
1748128507808 526.0 263000
1748128508283 527.0 263500
1748128508766 528.0 264000
1748128509228 529.0 264500
1748128509727 530.0 265000
1748128510230 531.0 265500
1748128510706 532.0 266000
1748128511186 533.0 266500
1748128511716 534.0 267000
1748128512176 535.0 267500
1748128512635 536.0 268000
1748128513090 537.0 268500
1748128513555 538.0 269000
1748128514021 539.0 269500
1748128514512 540.0 270000
1748128514973 541.0 270500
1748128515435 542.0 271000
1748128515915 543.0 271500
1748128516382 544.0 272000
1748128516857 545.0 272500
1748128517327 546.0 273000
1748128517784 547.0 273500
1748128518295 548.0 274000
1748128518765 549.0 274500
1748128519218 550.0 275000
1748128519684 551.0 275500
1748128520161 552.0 276000
1748128520626 553.0 276500
1748128521094 554.0 277000
1748128521573 555.0 277500
1748128522060 556.0 278000
1748128522529 557.0 278500
1748128522990 558.0 279000
1748128523475 559.0 279500
1748128523951 560.0 280000
1748128524409 561.0 280500
1748128524869 562.0 281000
1748128525328 563.0 281500
1748128525824 564.0 282000
1748128526287 565.0 282500
1748128526742 566.0 283000
1748128527201 567.0 283500
1748128527661 568.0 284000
1748128528149 569.0 284500
1748128528666 570.0 285000
1748128529120 571.0 285500
1748128529579 572.0 286000
1748128530038 573.0 286500
1748128530502 574.0 287000
1748128530964 575.0 287500
1748128531425 576.0 288000
1748128531881 577.0 288500
1748128532344 578.0 289000
1748128532813 579.0 289500
1748128533270 580.0 290000
1748128533731 581.0 290500
1748128534194 582.0 291000
1748128534656 583.0 291500
1748128535115 584.0 292000
1748128535568 585.0 292500
1748128536032 586.0 293000
1748128536488 587.0 293500
1748128537016 588.0 294000
1748128537484 589.0 294500
1748128537939 590.0 295000
1748128538411 591.0 295500
1748128538903 592.0 296000
1748128539368 593.0 296500
1748128539824 594.0 297000
1748128540276 595.0 297500
1748128540739 596.0 298000
1748128541197 597.0 298500
1748128541661 598.0 299000
1748128542117 599.0 299500
1748128542570 600.0 300000
1748128543083 601.0 300500
1748128543542 602.0 301000
1748128544028 603.0 301500
1748128544484 604.0 302000
1748128544941 605.0 302500
1748128545394 606.0 303000
1748128545850 607.0 303500
1748128546313 608.0 304000
1748128546776 609.0 304500
1748128547230 610.0 305000
1748128547683 611.0 305500
1748128548135 612.0 306000
1748128548594 613.0 306500
1748128549055 614.0 307000
1748128549541 615.0 307500
1748128550066 616.0 308000
1748128550536 617.0 308500
1748128551017 618.0 309000
1748128551493 619.0 309500
1748128552033 620.0 310000
1748128552493 621.0 310500
1748128552952 622.0 311000
1748128553429 623.0 311500
1748128553960 624.0 312000
1748128554423 625.0 312500
1748128554892 626.0 313000
1748128555359 627.0 313500
1748128555819 628.0 314000
1748128556274 629.0 314500
1748128556731 630.0 315000
1748128557191 631.0 315500
1748128557648 632.0 316000
1748128558107 633.0 316500
1748128558570 634.0 317000
1748128559026 635.0 317500
1748128559480 636.0 318000
1748128559938 637.0 318500
1748128560390 638.0 319000
1748128560851 639.0 319500
1748128561321 640.0 320000
1748128561782 641.0 320500
1748128562246 642.0 321000
1748128562708 643.0 321500
1748128563194 644.0 322000
1748128563653 645.0 322500
1748128564113 646.0 323000
1748128564570 647.0 323500
1748128565035 648.0 324000
1748128565588 649.0 324500
1748128566043 650.0 325000
1748128566532 651.0 325500
1748128566998 652.0 326000
1748128567506 653.0 326500
1748128567966 654.0 327000
1748128568436 655.0 327500
1748128568961 656.0 328000
1748128569478 657.0 328500
1748128569961 658.0 329000
1748128570435 659.0 329500
1748128570902 660.0 330000
1748128571365 661.0 330500
1748128571832 662.0 331000
1748128572291 663.0 331500
1748128572753 664.0 332000
1748128573209 665.0 332500
1748128573681 666.0 333000
1748128574156 667.0 333500
1748128574612 668.0 334000
1748128575064 669.0 334500
1748128575531 670.0 335000
1748128576072 671.0 335500
1748128576548 672.0 336000
1748128577053 673.0 336500
1748128577515 674.0 337000
1748128577980 675.0 337500
1748128578454 676.0 338000
1748128578923 677.0 338500
1748128579418 678.0 339000
1748128579888 679.0 339500
1748128580356 680.0 340000
1748128580830 681.0 340500
1748128581300 682.0 341000
1748128581763 683.0 341500
1748128582238 684.0 342000
1748128582707 685.0 342500
1748128583177 686.0 343000
1748128583647 687.0 343500
1748128584112 688.0 344000
1748128584565 689.0 344500
1748128585030 690.0 345000
1748128585491 691.0 345500
1748128585957 692.0 346000
1748128586476 693.0 346500
1748128586947 694.0 347000
1748128587409 695.0 347500
1748128587863 696.0 348000
1748128588321 697.0 348500
1748128588780 698.0 349000
1748128589236 699.0 349500
1748128589693 700.0 350000
1748128590151 701.0 350500
1748128590610 702.0 351000
1748128591070 703.0 351500
1748128591522 704.0 352000
1748128591975 705.0 352500
1748128592434 706.0 353000
1748128592895 707.0 353500
1748128593356 708.0 354000
1748128593812 709.0 354500
1748128594269 710.0 355000
1748128594793 711.0 355500
1748128595310 712.0 356000
1748128595769 713.0 356500
1748128596223 714.0 357000
1748128596689 715.0 357500
1748128597149 716.0 358000
1748128597605 717.0 358500
1748128598057 718.0 359000
1748128598516 719.0 359500
1748128598987 720.0 360000
1748128599504 721.0 360500
1748128599964 722.0 361000
1748128600422 723.0 361500
1748128600884 724.0 362000
1748128601346 725.0 362500
1748128601805 726.0 363000
1748128602265 727.0 363500
1748128602722 728.0 364000
1748128603187 729.0 364500
1748128603651 730.0 365000
1748128604113 731.0 365500
1748128604569 732.0 366000
1748128605084 733.0 366500
1748128605549 734.0 367000
1748128606051 735.0 367500
1748128606523 736.0 368000
1748128606984 737.0 368500
1748128607475 738.0 369000
1748128607961 739.0 369500
1748128608485 740.0 370000
1748128608966 741.0 370500
1748128609429 742.0 371000
1748128609885 743.0 371500
1748128610343 744.0 372000
1748128610802 745.0 372500
1748128611266 746.0 373000
1748128611727 747.0 373500
1748128612185 748.0 374000
1748128612647 749.0 374500
1748128613139 750.0 375000
1748128613667 751.0 375500
1748128614163 752.0 376000
1748128614623 753.0 376500
1748128615096 754.0 377000
1748128615607 755.0 377500
1748128616070 756.0 378000
1748128616530 757.0 378500
1748128616985 758.0 379000
1748128617456 759.0 379500
1748128617934 760.0 380000
1748128618408 761.0 380500
1748128618869 762.0 381000
1748128619378 763.0 381500
1748128619855 764.0 382000
1748128620320 765.0 382500
1748128620785 766.0 383000
1748128621246 767.0 383500
1748128621702 768.0 384000
1748128622240 769.0 384500
1748128622802 770.0 385000
1748128623268 771.0 385500
1748128623796 772.0 386000
1748128624272 773.0 386500
1748128624745 774.0 387000
1748128625208 775.0 387500
1748128625664 776.0 388000
1748128626124 777.0 388500
1748128626587 778.0 389000
1748128627047 779.0 389500
1748128627512 780.0 390000
1748128627969 781.0 390500
1748128628419 782.0 391000
1748128628881 783.0 391500
1748128629350 784.0 392000
1748128629833 785.0 392500
1748128630293 786.0 393000
1748128630806 787.0 393500
1748128631267 788.0 394000
1748128631757 789.0 394500
1748128632215 790.0 395000
1748128632680 791.0 395500
1748128633136 792.0 396000
1748128633605 793.0 396500
1748128634070 794.0 397000
1748128634531 795.0 397500
1748128634995 796.0 398000
1748128635457 797.0 398500
1748128635919 798.0 399000
1748128636379 799.0 399500
1748128636839 800.0 400000
1748128637296 801.0 400500
1748128637758 802.0 401000
1748128638211 803.0 401500
1748128638676 804.0 402000
1748128639145 805.0 402500
1748128639602 806.0 403000
1748128640058 807.0 403500
1748128640513 808.0 404000
1748128641000 809.0 404500
1748128641462 810.0 405000
1748128641924 811.0 405500
1748128642385 812.0 406000
1748128642855 813.0 406500
1748128643377 814.0 407000
1748128643834 815.0 407500
1748128644297 816.0 408000
1748128644756 817.0 408500
1748128645234 818.0 409000
1748128645695 819.0 409500
1748128646156 820.0 410000
1748128646612 821.0 410500
1748128647074 822.0 411000
1748128647536 823.0 411500
1748128647999 824.0 412000
1748128648460 825.0 412500
1748128648927 826.0 413000
1748128649449 827.0 413500
1748128649907 828.0 414000
1748128650369 829.0 414500
1748128650829 830.0 415000
1748128651300 831.0 415500
1748128651766 832.0 416000
1748128652308 833.0 416500
1748128652820 834.0 417000
1748128653386 835.0 417500
1748128653927 836.0 418000
1748128654399 837.0 418500
1748128654859 838.0 419000
1748128655314 839.0 419500
1748128655796 840.0 420000
1748128656288 841.0 420500
1748128656750 842.0 421000
1748128657266 843.0 421500
1748128657818 844.0 422000
1748128658334 845.0 422500
1748128658888 846.0 423000
1748128659426 847.0 423500
1748128659926 848.0 424000
1748128660433 849.0 424500
1748128660888 850.0 425000
1748128661348 851.0 425500
1748128661806 852.0 426000
1748128662281 853.0 426500
1748128662788 854.0 427000
1748128663248 855.0 427500
1748128663712 856.0 428000
1748128664172 857.0 428500
1748128664629 858.0 429000
1748128665088 859.0 429500
1748128665541 860.0 430000
1748128666003 861.0 430500
1748128666459 862.0 431000
1748128666918 863.0 431500
1748128667374 864.0 432000
1748128667828 865.0 432500
1748128668289 866.0 433000
1748128668758 867.0 433500
1748128669225 868.0 434000
1748128669692 869.0 434500
1748128670165 870.0 435000
1748128670664 871.0 435500
1748128671133 872.0 436000
1748128671596 873.0 436500
1748128672082 874.0 437000
1748128672546 875.0 437500
1748128673011 876.0 438000
1748128673475 877.0 438500
1748128673941 878.0 439000
1748128674457 879.0 439500
1748128674931 880.0 440000
1748128675406 881.0 440500
1748128675884 882.0 441000
1748128676360 883.0 441500
1748128676836 884.0 442000
1748128677314 885.0 442500
1748128677820 886.0 443000
1748128678297 887.0 443500
1748128678769 888.0 444000
1748128679242 889.0 444500
1748128679719 890.0 445000
1748128680197 891.0 445500
1748128680675 892.0 446000
1748128681194 893.0 446500
1748128681667 894.0 447000
1748128682138 895.0 447500
1748128682608 896.0 448000
1748128683084 897.0 448500
1748128683562 898.0 449000
1748128684103 899.0 449500
1748128684582 900.0 450000
1748128685087 901.0 450500
1748128685561 902.0 451000
1748128686030 903.0 451500
1748128686491 904.0 452000
