1748128258521 500.0 500
1748128258997 500.0 1000
1748128259459 500.0 1500
1748128259923 500.0 2000
1748128260381 500.0 2500
1748128260839 500.0 3000
1748128261361 500.0 3500
1748128261848 500.0 4000
1748128262343 500.0 4500
1748128262818 500.0 5000
1748128263290 500.0 5500
1748128263776 500.0 6000
1748128264360 500.0 6500
1748128264830 500.0 7000
1748128265305 500.0 7500
1748128265778 500.0 8000
1748128266715 500.0 9000
1748128267198 500.0 9500
1748128267672 500.0 10000
1748128268133 500.0 10500
1748128268631 500.0 11000
1748128269103 500.0 11500
1748128269571 500.0 12000
1748128270099 500.0 12500
1748128270622 500.0 13000
1748128271100 500.0 13500
1748128271576 500.0 14000
1748128272032 500.0 14500
1748128272518 500.0 15000
1748128272982 500.0 15500
1748128273480 500.0 16000
1748128273967 500.0 16500
1748128274438 500.0 17000
1748128274933 500.0 17500
1748128275424 500.0 18000
1748128275914 500.0 18500
1748128276378 500.0 19000
1748128276833 500.0 19500
1748128277299 500.0 20000
1748128277756 500.0 20500
1748128278221 500.0 21000
1748128278678 500.0 21500
1748128279135 500.0 22000
1748128279601 500.0 22500
1748128280052 500.0 23000
1748128280502 500.0 23500
1748128280954 500.0 24000
1748128281419 500.0 24500
1748128281874 500.0 25000
1748128282330 500.0 25500
1748128282780 500.0 26000
1748128283238 500.0 26500
1748128283691 500.0 27000
1748128284148 500.0 27500
1748128284612 500.0 28000
1748128285075 500.0 28500
1748128285524 500.0 29000
1748128285978 500.0 29500
1748128286431 500.0 30000
1748128286886 500.0 30500
1748128287337 500.0 31000
1748128287792 500.0 31500
1748128288246 500.0 32000
1748128288704 500.0 32500
1748128289160 500.0 33000
1748128289612 500.0 33500
1748128290071 500.0 34000
1748128290523 500.0 34500
1748128290989 500.0 35000
1748128291447 500.0 35500
1748128291902 500.0 36000
1748128292358 500.0 36500
1748128292812 500.0 37000
1748128293293 500.0 37500
1748128293809 500.0 38000
1748128294327 500.0 38500
1748128294807 500.0 39000
1748128295269 500.0 39500
1748128295730 500.0 40000
1748128296190 500.0 40500
1748128296641 500.0 41000
1748128297094 500.0 41500
1748128297548 500.0 42000
1748128298034 500.0 42500
1748128298531 500.0 43000
1748128299000 500.0 43500
1748128299452 500.0 44000
1748128299904 500.0 44500
1748128300365 500.0 45000
1748128300822 500.0 45500
1748128301272 500.0 46000
1748128301727 500.0 46500
1748128302181 500.0 47000
1748128302634 500.0 47500
1748128303157 500.0 48000
1748128303661 500.0 48500
1748128304119 500.0 49000
1748128304582 500.0 49500
1748128305035 500.0 50000
1748128305490 500.0 50500
1748128306389 500.0 51500
1748128306843 500.0 52000
1748128307296 500.0 52500
1748128307760 500.0 53000
1748128308211 500.0 53500
1748128308662 500.0 54000
1748128309145 500.0 54500
1748128309606 500.0 55000
1748128310063 500.0 55500
1748128310517 500.0 56000
1748128310968 500.0 56500
1748128311503 500.0 57000
1748128312025 500.0 57500
1748128312494 500.0 58000
1748128312953 500.0 58500
1748128313406 500.0 59000
1748128313856 500.0 59500
1748128314359 500.0 60000
1748128314814 500.0 60500
1748128315262 500.0 61000
1748128315715 500.0 61500
1748128316168 500.0 62000
1748128316618 500.0 62500
1748128317081 500.0 63000
1748128317535 500.0 63500
1748128317980 500.0 64000
1748128318434 500.0 64500
1748128318890 500.0 65000
1748128319401 500.0 65500
1748128319901 500.0 66000
1748128320355 500.0 66500
1748128320811 500.0 67000
1748128321273 500.0 67500
1748128321729 500.0 68000
1748128322178 500.0 68500
1748128323077 500.0 69500
1748128323535 500.0 70000
1748128323996 500.0 70500
1748128324455 500.0 71000
1748128324912 500.0 71500
1748128325367 500.0 72000
1748128325827 500.0 72500
1748128326292 500.0 73000
1748128326746 500.0 73500
1748128327200 500.0 74000
1748128327657 500.0 74500
1748128328123 500.0 75000
1748128328581 500.0 75500
1748128329033 500.0 76000
1748128329489 500.0 76500
1748128329945 500.0 77000
1748128330404 500.0 77500
1748128330860 500.0 78000
1748128331330 500.0 78500
1748128331810 500.0 79000
1748128332309 500.0 79500
1748128332806 500.0 80000
1748128333290 500.0 80500
1748128333807 500.0 81000
1748128334296 500.0 81500
1748128334768 500.0 82000
1748128335229 500.0 82500
1748128335682 500.0 83000
1748128336172 500.0 83500
1748128336626 500.0 84000
1748128337085 500.0 84500
1748128337568 500.0 85000
1748128338060 500.0 85500
1748128338525 500.0 86000
1748128338979 500.0 86500
1748128339442 500.0 87000
1748128339899 500.0 87500
1748128340356 500.0 88000
1748128340821 500.0 88500
1748128341293 500.0 89000
1748128341758 500.0 89500
1748128342227 500.0 90000
1748128342679 500.0 90500
1748128343135 500.0 91000
1748128343594 500.0 91500
1748128344052 500.0 92000
1748128344511 500.0 92500
1748128344969 500.0 93000
1748128345448 500.0 93500
1748128345904 500.0 94000
1748128346363 500.0 94500
1748128346815 500.0 95000
1748128347268 500.0 95500
1748128347725 500.0 96000
1748128348178 500.0 96500
1748128348638 500.0 97000
1748128349096 500.0 97500
1748128349551 500.0 98000
1748128350003 500.0 98500
1748128350458 500.0 99000
1748128350917 500.0 99500
1748128351376 500.0 100000
1748128351831 500.0 100500
1748128352283 500.0 101000
1748128352779 500.0 101500
1748128353251 500.0 102000
1748128353711 500.0 102500
1748128354171 500.0 103000
1748128354707 500.0 103500
1748128355182 500.0 104000
1748128355642 500.0 104500
1748128356100 500.0 105000
1748128356555 500.0 105500
1748128357011 500.0 106000
1748128357465 500.0 106500
1748128357923 500.0 107000
1748128358410 500.0 107500
1748128358911 500.0 108000
1748128359383 500.0 108500
1748128359845 500.0 109000
1748128360362 500.0 109500
1748128360853 500.0 110000
1748128361383 500.0 110500
1748128361908 500.0 111000
1748128362376 500.0 111500
1748128362843 500.0 112000
1748128363343 500.0 112500
1748128363808 500.0 113000
1748128364269 500.0 113500
1748128364729 500.0 114000
1748128365190 500.0 114500
1748128365652 500.0 115000
1748128366113 500.0 115500
1748128366572 500.0 116000
1748128367025 500.0 116500
1748128367492 500.0 117000
1748128367994 500.0 117500
1748128368457 500.0 118000
1748128368915 500.0 118500
1748128369369 500.0 119000
1748128369837 500.0 119500
1748128370290 500.0 120000
1748128370741 500.0 120500
1748128371199 500.0 121000
1748128371658 500.0 121500
1748128372119 500.0 122000
1748128372574 500.0 122500
1748128373028 500.0 123000
1748128373486 500.0 123500
1748128373946 500.0 124000
1748128374403 500.0 124500
1748128374857 500.0 125000
1748128375317 500.0 125500
1748128375772 500.0 126000
1748128376224 500.0 126500
1748128376683 500.0 127000
1748128377141 500.0 127500
1748128377599 500.0 128000
1748128378054 500.0 128500
1748128378520 500.0 129000
1748128378998 500.0 129500
1748128379458 500.0 130000
1748128379912 500.0 130500
1748128380368 500.0 131000
1748128380820 500.0 131500
1748128381279 500.0 132000
1748128381748 500.0 132500
1748128382209 500.0 133000
1748128382674 500.0 133500
1748128383146 500.0 134000
1748128383609 500.0 134500
1748128384106 500.0 135000
1748128384751 500.0 135500
1748128385256 500.0 136000
1748128385745 500.0 136500
1748128386258 500.0 137000
1748128386838 500.0 137500
1748128387342 500.0 138000
1748128387846 500.0 138500
1748128388334 500.0 139000
1748128388818 500.0 139500
1748128389297 500.0 140000
1748128389795 500.0 140500
1748128390352 500.0 141000
1748128390847 500.0 141500
1748128391356 500.0 142000
1748128391920 500.0 142500
1748128392433 500.0 143000
1748128392926 500.0 143500
1748128393400 500.0 144000
1748128393912 500.0 144500
1748128394452 500.0 145000
1748128394949 500.0 145500
1748128395445 500.0 146000
1748128395942 500.0 146500
1748128396412 500.0 147000
1748128396875 500.0 147500
1748128397361 500.0 148000
1748128397870 500.0 148500
1748128398340 500.0 149000
1748128398806 500.0 149500
1748128399266 500.0 150000
1748128399787 500.0 150500
1748128400287 500.0 151000
1748128400744 500.0 151500
1748128401202 500.0 152000
1748128401662 500.0 152500
1748128402134 500.0 153000
1748128402630 500.0 153500
1748128403124 500.0 154000
1748128403612 500.0 154500
1748128404091 500.0 155000
1748128404643 500.0 155500
1748128405202 500.0 156000
1748128405729 500.0 156500
1748128406247 500.0 157000
1748128406737 500.0 157500
1748128407199 500.0 158000
1748128407658 500.0 158500
1748128408116 500.0 159000
1748128408638 500.0 159500
1748128409166 500.0 160000
1748128409645 500.0 160500
1748128410114 500.0 161000
1748128410572 500.0 161500
1748128411046 500.0 162000
1748128411528 500.0 162500
1748128411991 500.0 163000
1748128412449 500.0 163500
1748128412915 500.0 164000
1748128413381 500.0 164500
1748128413867 500.0 165000
1748128414338 500.0 165500
1748128414857 500.0 166000
1748128415343 500.0 166500
1748128415832 500.0 167000
1748128416323 500.0 167500
1748128416863 500.0 168000
1748128417353 500.0 168500
1748128417944 500.0 169000
1748128418413 500.0 169500
1748128418934 500.0 170000
1748128419464 500.0 170500
1748128419941 500.0 171000
1748128420403 500.0 171500
1748128420866 500.0 172000
1748128421326 500.0 172500
1748128421820 500.0 173000
1748128422295 500.0 173500
1748128422801 500.0 174000
1748128423275 500.0 174500
1748128423803 500.0 175000
1748128424268 500.0 175500
1748128424736 500.0 176000
1748128425196 500.0 176500
1748128425648 500.0 177000
1748128426111 500.0 177500
1748128426566 500.0 178000
1748128427025 500.0 178500
1748128427486 500.0 179000
1748128427956 500.0 179500
1748128428416 500.0 180000
1748128428875 500.0 180500
1748128429342 500.0 181000
1748128429811 500.0 181500
1748128430271 500.0 182000
1748128430729 500.0 182500
1748128431195 500.0 183000
1748128431691 500.0 183500
1748128432168 500.0 184000
1748128432630 500.0 184500
1748128433100 500.0 185000
1748128433579 500.0 185500
1748128434053 500.0 186000
1748128434522 500.0 186500
1748128434984 500.0 187000
1748128435443 500.0 187500
1748128435908 500.0 188000
1748128436375 500.0 188500
1748128436846 500.0 189000
1748128437774 500.0 190000
1748128438351 500.0 190500
1748128438874 500.0 191000
1748128439361 500.0 191500
1748128439859 500.0 192000
1748128440334 500.0 192500
1748128440851 500.0 193000
1748128441327 500.0 193500
1748128441792 500.0 194000
1748128442250 500.0 194500
1748128442716 500.0 195000
1748128443173 500.0 195500
1748128443634 500.0 196000
1748128444097 500.0 196500
1748128444555 500.0 197000
1748128445009 500.0 197500
1748128445467 500.0 198000
1748128445927 500.0 198500
1748128446430 500.0 199000
1748128446890 500.0 199500
1748128447351 500.0 200000
1748128447811 500.0 200500
1748128448303 500.0 201000
1748128448778 500.0 201500
1748128449283 500.0 202000
1748128449873 500.0 202500
1748128450377 500.0 203000
1748128450883 500.0 203500
1748128451384 500.0 204000
1748128451846 500.0 204500
1748128452316 500.0 205000
1748128452788 500.0 205500
1748128453255 500.0 206000
1748128453716 500.0 206500
1748128454178 500.0 207000
1748128454651 500.0 207500
1748128455168 500.0 208000
1748128455632 500.0 208500
1748128456095 500.0 209000
1748128456552 500.0 209500
1748128457016 500.0 210000
1748128457467 500.0 210500
1748128457932 500.0 211000
1748128458411 500.0 211500
1748128458882 500.0 212000
1748128459401 500.0 212500
1748128459899 500.0 213000
1748128460377 500.0 213500
1748128460849 500.0 214000
1748128461371 500.0 214500
1748128461848 500.0 215000
1748128462352 500.0 215500
1748128462833 500.0 216000
1748128463319 500.0 216500
1748128463811 500.0 217000
1748128464333 500.0 217500
1748128464823 500.0 218000
1748128465312 500.0 218500
1748128465800 500.0 219000
1748128466282 500.0 219500
1748128466754 500.0 220000
1748128467227 500.0 220500
1748128467712 500.0 221000
1748128468188 500.0 221500
1748128468673 500.0 222000
1748128469161 500.0 222500
1748128469723 500.0 223000
1748128470261 500.0 223500
1748128470741 500.0 224000
1748128471206 500.0 224500
1748128471689 500.0 225000
1748128472169 500.0 225500
1748128472648 500.0 226000
1748128473117 500.0 226500
1748128473594 500.0 227000
1748128474078 500.0 227500
1748128474563 500.0 228000
1748128475044 500.0 228500
1748128475518 500.0 229000
1748128476036 500.0 229500
1748128476516 500.0 230000
1748128476991 500.0 230500
1748128477475 500.0 231000
1748128477944 500.0 231500
1748128478423 500.0 232000
1748128478909 500.0 232500
1748128479385 500.0 233000
1748128479859 500.0 233500
1748128480332 500.0 234000
1748128480812 500.0 234500
1748128481300 500.0 235000
1748128481784 500.0 235500
1748128482292 500.0 236000
1748128482770 500.0 236500
1748128483248 500.0 237000
1748128483732 500.0 237500
1748128484212 500.0 238000
1748128485157 500.0 239000
1748128485684 500.0 239500
1748128486165 500.0 240000
1748128486640 500.0 240500
1748128487112 500.0 241000
1748128487597 500.0 241500
1748128488076 500.0 242000
1748128488537 500.0 242500
1748128489002 500.0 243000
1748128489456 500.0 243500
1748128489916 500.0 244000
1748128490379 500.0 244500
1748128490845 500.0 245000
1748128491309 500.0 245500
1748128491767 500.0 246000
1748128492237 500.0 246500
1748128492706 500.0 247000
1748128493222 500.0 247500
1748128493685 500.0 248000
1748128494143 500.0 248500
1748128494599 500.0 249000
1748128495070 500.0 249500
1748128495527 500.0 250000
1748128495987 500.0 250500
1748128496439 500.0 251000
1748128496905 500.0 251500
1748128497361 500.0 252000
1748128497820 500.0 252500
1748128498310 500.0 253000
1748128498776 500.0 253500
1748128499232 500.0 254000
1748128499706 500.0 254500
1748128500182 500.0 255000
1748128500657 500.0 255500
1748128501165 500.0 256000
1748128501621 500.0 256500
1748128502089 500.0 257000
1748128502558 500.0 257500
1748128503086 500.0 258000
1748128503563 500.0 258500
1748128504021 500.0 259000
1748128504489 500.0 259500
1748128504948 500.0 260000
1748128505407 500.0 260500
1748128505878 500.0 261000
1748128506352 500.0 261500
1748128506895 500.0 262000
1748128507353 500.0 262500
1748128507809 500.0 263000
1748128508283 500.0 263500
1748128508767 500.0 264000
1748128509228 500.0 264500
1748128509728 500.0 265000
1748128510231 500.0 265500
1748128510707 500.0 266000
1748128511186 500.0 266500
1748128511717 500.0 267000
1748128512177 500.0 267500
1748128512636 500.0 268000
1748128513091 500.0 268500
1748128513555 500.0 269000
1748128514022 500.0 269500
1748128514513 500.0 270000
1748128514974 500.0 270500
1748128515435 500.0 271000
1748128515915 500.0 271500
1748128516382 500.0 272000
1748128516858 500.0 272500
1748128517328 500.0 273000
1748128517784 500.0 273500
1748128518296 500.0 274000
1748128518765 500.0 274500
1748128519218 500.0 275000
1748128519684 500.0 275500
1748128520162 500.0 276000
1748128520626 500.0 276500
1748128521094 500.0 277000
1748128521574 500.0 277500
1748128522060 500.0 278000
1748128522530 500.0 278500
1748128522990 500.0 279000
1748128523476 500.0 279500
1748128523952 500.0 280000
1748128524409 500.0 280500
1748128524869 500.0 281000
1748128525329 500.0 281500
1748128525825 500.0 282000
1748128526287 500.0 282500
1748128526743 500.0 283000
1748128527201 500.0 283500
1748128527662 500.0 284000
1748128528150 500.0 284500
1748128528667 500.0 285000
1748128529121 500.0 285500
1748128529580 500.0 286000
1748128530038 500.0 286500
1748128530503 500.0 287000
1748128530964 500.0 287500
1748128531426 500.0 288000
1748128531882 500.0 288500
1748128532345 500.0 289000
1748128532813 500.0 289500
1748128533271 500.0 290000
1748128533732 500.0 290500
1748128534194 500.0 291000
1748128534656 500.0 291500
1748128535116 500.0 292000
1748128535568 500.0 292500
1748128536032 500.0 293000
1748128536489 500.0 293500
1748128537017 500.0 294000
1748128537485 500.0 294500
1748128537940 500.0 295000
1748128538412 500.0 295500
1748128538904 500.0 296000
1748128539369 500.0 296500
1748128539825 500.0 297000
1748128540277 500.0 297500
1748128540739 500.0 298000
1748128541198 500.0 298500
1748128541662 500.0 299000
1748128542118 500.0 299500
1748128542570 500.0 300000
1748128543084 500.0 300500
1748128543543 500.0 301000
1748128544029 500.0 301500
1748128544485 500.0 302000
1748128544941 500.0 302500
1748128545394 500.0 303000
1748128545851 500.0 303500
1748128546314 500.0 304000
1748128546777 500.0 304500
1748128547231 500.0 305000
1748128547684 500.0 305500
1748128548135 500.0 306000
1748128548595 500.0 306500
1748128549055 500.0 307000
1748128549541 500.0 307500
1748128550066 500.0 308000
1748128551017 500.0 309000
1748128551493 500.0 309500
1748128552033 500.0 310000
1748128552494 500.0 310500
1748128552953 500.0 311000
1748128553430 500.0 311500
1748128553960 500.0 312000
1748128554423 500.0 312500
1748128554893 500.0 313000
1748128555360 500.0 313500
1748128555820 500.0 314000
1748128556275 500.0 314500
1748128556731 500.0 315000
1748128557191 500.0 315500
1748128557648 500.0 316000
1748128558107 500.0 316500
1748128558571 500.0 317000
1748128559027 500.0 317500
1748128559481 500.0 318000
1748128559938 500.0 318500
1748128560391 500.0 319000
1748128560852 500.0 319500
1748128561322 500.0 320000
1748128561783 500.0 320500
1748128562247 500.0 321000
1748128562709 500.0 321500
1748128563194 500.0 322000
1748128563653 500.0 322500
1748128564114 500.0 323000
1748128564571 500.0 323500
1748128565035 500.0 324000
1748128565589 500.0 324500
1748128566044 500.0 325000
1748128566532 500.0 325500
1748128566999 500.0 326000
1748128567507 500.0 326500
1748128567966 500.0 327000
1748128568437 500.0 327500
1748128568961 500.0 328000
1748128569478 500.0 328500
1748128569962 500.0 329000
1748128570436 500.0 329500
1748128570903 500.0 330000
1748128571365 500.0 330500
1748128571833 500.0 331000
1748128572291 500.0 331500
1748128572754 500.0 332000
1748128573210 500.0 332500
1748128573682 500.0 333000
1748128574157 500.0 333500
1748128574613 500.0 334000
1748128575065 500.0 334500
1748128575532 500.0 335000
1748128576073 500.0 335500
1748128576549 500.0 336000
1748128577053 500.0 336500
1748128577516 500.0 337000
1748128577980 500.0 337500
1748128578455 500.0 338000
1748128578924 500.0 338500
1748128579419 500.0 339000
1748128579889 500.0 339500
1748128580357 500.0 340000
1748128580831 500.0 340500
1748128581300 500.0 341000
1748128581764 500.0 341500
1748128582239 500.0 342000
1748128582708 500.0 342500
1748128583177 500.0 343000
1748128583648 500.0 343500
1748128584113 500.0 344000
1748128584566 500.0 344500
1748128585030 500.0 345000
1748128585492 500.0 345500
1748128585958 500.0 346000
1748128586484 500.0 346500
1748128586947 500.0 347000
1748128587409 500.0 347500
1748128587864 500.0 348000
1748128588322 500.0 348500
1748128588780 500.0 349000
1748128589237 500.0 349500
1748128589693 500.0 350000
1748128590152 500.0 350500
1748128590611 500.0 351000
1748128591071 500.0 351500
1748128591523 500.0 352000
1748128591976 500.0 352500
1748128592434 500.0 353000
1748128592896 500.0 353500
1748128593357 500.0 354000
1748128593812 500.0 354500
1748128594270 500.0 355000
1748128594793 500.0 355500
1748128595311 500.0 356000
1748128595770 500.0 356500
1748128596224 500.0 357000
1748128596690 500.0 357500
1748128597149 500.0 358000
1748128597606 500.0 358500
1748128598058 500.0 359000
1748128598517 500.0 359500
1748128598988 500.0 360000
1748128599505 500.0 360500
1748128599964 500.0 361000
1748128600423 500.0 361500
1748128600884 500.0 362000
1748128601346 500.0 362500
1748128601806 500.0 363000
1748128602266 500.0 363500
1748128602722 500.0 364000
1748128603188 500.0 364500
1748128603651 500.0 365000
1748128604114 500.0 365500
1748128604570 500.0 366000
1748128605084 500.0 366500
1748128605550 500.0 367000
1748128606051 500.0 367500
1748128606523 500.0 368000
1748128606984 500.0 368500
1748128607475 500.0 369000
1748128607962 500.0 369500
1748128608486 500.0 370000
1748128608967 500.0 370500
1748128609430 500.0 371000
1748128609886 500.0 371500
1748128610343 500.0 372000
1748128610802 500.0 372500
1748128611267 500.0 373000
1748128611727 500.0 373500
1748128612186 500.0 374000
1748128612648 500.0 374500
1748128613140 500.0 375000
1748128613668 500.0 375500
1748128614164 500.0 376000
1748128614624 500.0 376500
1748128615097 500.0 377000
1748128615608 500.0 377500
1748128616071 500.0 378000
1748128616530 500.0 378500
1748128616985 500.0 379000
1748128617456 500.0 379500
1748128617934 500.0 380000
1748128618408 500.0 380500
1748128618869 500.0 381000
1748128619378 500.0 381500
1748128619856 500.0 382000
1748128620320 500.0 382500
1748128620786 500.0 383000
1748128621246 500.0 383500
1748128621702 500.0 384000
1748128622241 500.0 384500
1748128622803 500.0 385000
1748128623269 500.0 385500
1748128623796 500.0 386000
1748128624273 500.0 386500
1748128624746 500.0 387000
1748128625209 500.0 387500
1748128625665 500.0 388000
1748128626125 500.0 388500
1748128626587 500.0 389000
1748128627048 500.0 389500
1748128627512 500.0 390000
1748128627970 500.0 390500
1748128628420 500.0 391000
1748128628882 500.0 391500
1748128629351 500.0 392000
1748128629833 500.0 392500
1748128630294 500.0 393000
1748128630806 500.0 393500
1748128631267 500.0 394000
1748128631757 500.0 394500
1748128632216 500.0 395000
1748128632680 500.0 395500
1748128633137 500.0 396000
1748128633606 500.0 396500
1748128634070 500.0 397000
1748128634531 500.0 397500
1748128634995 500.0 398000
1748128635458 500.0 398500
1748128635920 500.0 399000
1748128636380 500.0 399500
1748128636839 500.0 400000
1748128637296 500.0 400500
1748128637758 500.0 401000
1748128638212 500.0 401500
1748128638676 500.0 402000
1748128639146 500.0 402500
1748128639603 500.0 403000
1748128640058 500.0 403500
1748128640514 500.0 404000
1748128641001 500.0 404500
1748128641462 500.0 405000
1748128641925 500.0 405500
1748128642385 500.0 406000
1748128642855 500.0 406500
1748128643378 500.0 407000
1748128643834 500.0 407500
1748128644298 500.0 408000
1748128644756 500.0 408500
1748128645235 500.0 409000
1748128645696 500.0 409500
1748128646156 500.0 410000
1748128646613 500.0 410500
1748128647074 500.0 411000
1748128647536 500.0 411500
1748128648000 500.0 412000
1748128648461 500.0 412500
1748128648927 500.0 413000
1748128649450 500.0 413500
1748128649907 500.0 414000
1748128650369 500.0 414500
1748128650830 500.0 415000
1748128651301 500.0 415500
1748128651767 500.0 416000
1748128652308 500.0 416500
1748128652820 500.0 417000
1748128653386 500.0 417500
1748128653928 500.0 418000
1748128654399 500.0 418500
1748128654860 500.0 419000
1748128655314 500.0 419500
1748128655797 500.0 420000
1748128656288 500.0 420500
1748128656751 500.0 421000
1748128657267 500.0 421500
1748128657818 500.0 422000
1748128658335 500.0 422500
1748128658888 500.0 423000
1748128659426 500.0 423500
1748128659926 500.0 424000
1748128660434 500.0 424500
1748128660889 500.0 425000
1748128661348 500.0 425500
1748128661807 500.0 426000
1748128662282 500.0 426500
1748128662789 500.0 427000
1748128663248 500.0 427500
1748128663713 500.0 428000
1748128664173 500.0 428500
1748128664629 500.0 429000
1748128665089 500.0 429500
1748128665542 500.0 430000
1748128666004 500.0 430500
1748128666460 500.0 431000
1748128666919 500.0 431500
1748128667375 500.0 432000
1748128667828 500.0 432500
1748128668290 500.0 433000
1748128668759 500.0 433500
1748128669225 500.0 434000
1748128669692 500.0 434500
1748128670166 500.0 435000
1748128670665 500.0 435500
1748128671134 500.0 436000
1748128671596 500.0 436500
1748128672546 500.0 437500
1748128673011 500.0 438000
1748128673476 500.0 438500
1748128673941 500.0 439000
1748128674457 500.0 439500
1748128674932 500.0 440000
1748128675407 500.0 440500
1748128675885 500.0 441000
1748128676361 500.0 441500
1748128676836 500.0 442000
1748128677314 500.0 442500
1748128677820 500.0 443000
1748128678298 500.0 443500
1748128678769 500.0 444000
1748128679243 500.0 444500
1748128679719 500.0 445000
1748128680198 500.0 445500
1748128680675 500.0 446000
1748128681195 500.0 446500
1748128681667 500.0 447000
1748128682139 500.0 447500
1748128682609 500.0 448000
1748128683085 500.0 448500
1748128683563 500.0 449000
1748128684103 500.0 449500
1748128684583 500.0 450000
1748128685088 500.0 450500
1748128685562 500.0 451000
1748128686031 500.0 451500
1748128686491 500.0 452000
