1748128258522 10.0 500
1748128258998 1.0 1000
1748128259460 1.0 1500
1748128259924 5.0 2000
1748128260382 3.0 2500
1748128260841 2.0 3000
1748128261363 2.0 3500
1748128261850 2.0 4000
1748128262344 2.0 4500
1748128262820 4.0 5000
1748128263291 2.0 5500
1748128263777 1.0 6000
1748128264362 7.0 6500
1748128264831 1.0 7000
1748128265306 2.0 7500
1748128265779 1.0 8000
1748128266251 0.0 8500
1748128266716 2.0 9000
1748128267200 2.0 9500
1748128267674 4.0 10000
1748128268135 12.0 10500
1748128268632 1.0 11000
1748128269105 9.0 11500
1748128269572 3.0 12000
1748128270101 1.0 12500
1748128270624 19.0 13000
1748128271102 3.0 13500
1748128271577 23.0 14000
1748128272034 3.0 14500
1748128272520 37.0 15000
1748128272984 227.0 15500
1748128273481 210.0 16000
1748128273968 9.0 16500
1748128274440 138.0 17000
1748128274935 1.0 17500
1748128275425 1.0 18000
1748128275916 1.0 18500
1748128276379 15.0 19000
1748128276835 3.0 19500
1748128277300 29.0 20000
1748128277757 1.0 20500
1748128278222 3.0 21000
1748128278680 4.0 21500
1748128279137 48.0 22000
1748128279602 18.0 22500
1748128280053 9.0 23000
1748128280503 14.0 23500
1748128280955 40.0 24000
1748128281420 72.0 24500
1748128281876 43.0 25000
1748128282332 27.0 25500
1748128282782 46.0 26000
1748128283239 20.0 26500
1748128283692 64.0 27000
1748128284150 85.0 27500
1748128284614 118.0 28000
1748128285076 74.0 28500
1748128285525 60.0 29000
1748128285980 70.0 29500
1748128286432 77.0 30000
1748128286888 33.0 30500
1748128287338 1.0 31000
1748128287793 33.0 31500
1748128288247 30.0 32000
1748128288705 56.0 32500
1748128289162 59.0 33000
1748128289613 69.0 33500
1748128290072 47.0 34000
1748128290525 39.0 34500
1748128290991 56.0 35000
1748128291449 119.0 35500
1748128291904 121.0 36000
1748128292359 106.0 36500
1748128292813 100.0 37000
1748128293294 120.0 37500
1748128293810 162.0 38000
1748128294328 188.0 38500
1748128294808 136.0 39000
1748128295271 203.0 39500
1748128295731 152.0 40000
1748128296191 144.0 40500
1748128296642 170.0 41000
1748128297096 189.0 41500
1748128297550 23.0 42000
1748128298036 29.0 42500
1748128298533 8.0 43000
1748128299001 13.0 43500
1748128299453 1.0 44000
1748128299905 1.0 44500
1748128300367 3.0 45000
1748128300823 9.0 45500
1748128301274 1.0 46000
1748128301728 7.0 46500
1748128302183 112.0 47000
1748128302636 132.0 47500
1748128303158 190.0 48000
1748128303663 205.0 48500
1748128304120 273.0 49000
1748128304584 130.0 49500
1748128305036 48.0 50000
1748128305491 1.0 50500
1748128305939 0.0 51000
1748128306390 15.0 51500
1748128306845 7.0 52000
1748128307297 1.0 52500
1748128307761 7.0 53000
1748128308212 1.0 53500
1748128308663 3.0 54000
1748128309147 3.0 54500
1748128309607 11.0 55000
1748128310065 11.0 55500
1748128310519 3.0 56000
1748128310969 1.0 56500
1748128311504 13.0 57000
1748128312027 1.0 57500
1748128312496 1.0 58000
1748128312955 13.0 58500
1748128313407 1.0 59000
1748128313858 1.0 59500
1748128314361 5.0 60000
1748128314815 1.0 60500
1748128315264 1.0 61000
1748128315717 7.0 61500
1748128316170 1.0 62000
1748128316620 7.0 62500
1748128317082 1.0 63000
1748128317536 1.0 63500
1748128317982 9.0 64000
1748128318436 9.0 64500
1748128318891 15.0 65000
1748128319402 7.0 65500
1748128319903 13.0 66000
1748128320356 1.0 66500
1748128320812 1.0 67000
1748128321275 1.0 67500
1748128321730 1.0 68000
1748128322180 1.0 68500
1748128322627 0.0 69000
1748128323078 1.0 69500
1748128323537 3.0 70000
1748128323998 1.0 70500
1748128324456 15.0 71000
1748128324913 13.0 71500
1748128325368 7.0 72000
1748128325828 13.0 72500
1748128326294 1.0 73000
1748128326748 1.0 73500
1748128327201 11.0 74000
1748128327659 1.0 74500
1748128328124 1.0 75000
1748128328582 15.0 75500
1748128329034 1.0 76000
1748128329490 1.0 76500
1748128329947 1.0 77000
1748128330405 9.0 77500
1748128330861 9.0 78000
1748128331331 7.0 78500
1748128331812 13.0 79000
1748128332310 1.0 79500
1748128332807 9.0 80000
1748128333292 1.0 80500
1748128333809 1.0 81000
1748128334298 5.0 81500
1748128334769 1.0 82000
1748128335230 5.0 82500
1748128335684 7.0 83000
1748128336174 11.0 83500
1748128336627 13.0 84000
1748128337087 5.0 84500
1748128337569 13.0 85000
1748128338062 15.0 85500
1748128338526 5.0 86000
1748128338980 1.0 86500
1748128339443 1.0 87000
1748128339901 11.0 87500
1748128340358 5.0 88000
1748128340823 15.0 88500
1748128341295 15.0 89000
1748128341759 1.0 89500
1748128342228 11.0 90000
1748128342680 1.0 90500
1748128343137 1.0 91000
1748128343595 1.0 91500
1748128344054 1.0 92000
1748128344512 17.0 92500
1748128344970 1.0 93000
1748128345450 3.0 93500
1748128345905 15.0 94000
1748128346364 1.0 94500
1748128346817 5.0 95000
1748128347270 3.0 95500
1748128347726 13.0 96000
1748128348179 3.0 96500
1748128348639 1.0 97000
1748128349097 1.0 97500
1748128349553 5.0 98000
1748128350005 1.0 98500
1748128350460 1.0 99000
1748128350919 1.0 99500
1748128351377 7.0 100000
1748128351832 1.0 100500
1748128352284 15.0 101000
1748128352781 7.0 101500
1748128353252 1.0 102000
1748128353712 13.0 102500
1748128354172 1.0 103000
1748128354708 1.0 103500
1748128355184 13.0 104000
1748128355644 1.0 104500
1748128356102 3.0 105000
1748128356556 1.0 105500
1748128357012 1.0 106000
1748128357467 5.0 106500
1748128357925 7.0 107000
1748128358411 7.0 107500
1748128358912 15.0 108000
1748128359384 7.0 108500
1748128359846 7.0 109000
1748128360364 13.0 109500
1748128360855 1.0 110000
1748128361384 7.0 110500
1748128361910 15.0 111000
1748128362378 1.0 111500
1748128362844 3.0 112000
1748128363345 9.0 112500
1748128363809 1.0 113000
1748128364270 9.0 113500
1748128364731 1.0 114000
1748128365191 1.0 114500
1748128365654 1.0 115000
1748128366115 1.0 115500
1748128366573 1.0 116000
1748128367026 5.0 116500
1748128367493 13.0 117000
1748128367996 1.0 117500
1748128368458 1.0 118000
1748128368917 1.0 118500
1748128369371 1.0 119000
1748128369838 1.0 119500
1748128370292 9.0 120000
1748128370743 1.0 120500
1748128371201 9.0 121000
1748128371660 1.0 121500
1748128372120 1.0 122000
1748128372575 13.0 122500
1748128373029 1.0 123000
1748128373487 1.0 123500
1748128373947 11.0 124000
1748128374405 5.0 124500
1748128374859 1.0 125000
1748128375318 11.0 125500
1748128375773 11.0 126000
1748128376225 5.0 126500
1748128376685 1.0 127000
1748128377143 3.0 127500
1748128377600 1.0 128000
1748128378055 44.0 128500
1748128378521 1.0 129000
1748128379000 12.0 129500
1748128379459 11.0 130000
1748128379913 1.0 130500
1748128380369 23.0 131000
1748128380822 1.0 131500
1748128381281 26.0 132000
1748128381749 5.0 132500
1748128382211 65.0 133000
1748128382675 14.0 133500
1748128383147 1.0 134000
1748128383611 59.0 134500
1748128384108 15.0 135000
1748128384752 7.0 135500
1748128385257 14.0 136000
1748128385747 65.0 136500
1748128386260 107.0 137000
1748128386840 26.0 137500
1748128387344 3.0 138000
1748128387848 9.0 138500
1748128388336 79.0 139000
1748128388819 72.0 139500
1748128389299 41.0 140000
1748128389797 157.0 140500
1748128390353 71.0 141000
1748128390848 102.0 141500
1748128391357 1.0 142000
1748128391922 35.0 142500
1748128392435 1.0 143000
1748128392927 28.0 143500
1748128393401 43.0 144000
1748128393920 54.0 144500
1748128394454 1.0 145000
1748128394950 7.0 145500
1748128395447 13.0 146000
1748128395943 48.0 146500
1748128396414 89.0 147000
1748128396876 22.0 147500
1748128397362 84.0 148000
1748128397872 32.0 148500
1748128398342 49.0 149000
1748128398808 113.0 149500
1748128399268 24.0 150000
1748128399788 3.0 150500
1748128400288 28.0 151000
1748128400746 25.0 151500
1748128401203 62.0 152000
1748128401663 26.0 152500
1748128402135 53.0 153000
1748128402632 51.0 153500
1748128403125 70.0 154000
1748128403613 33.0 154500
1748128404092 38.0 155000
1748128404645 43.0 155500
1748128405204 90.0 156000
1748128405730 31.0 156500
1748128406249 111.0 157000
1748128406739 151.0 157500
1748128407200 23.0 158000
1748128407660 77.0 158500
1748128408117 16.0 159000
1748128408640 128.0 159500
1748128409167 73.0 160000
1748128409647 22.0 160500
1748128410116 68.0 161000
1748128410573 92.0 161500
1748128411047 137.0 162000
1748128411530 55.0 162500
1748128411993 51.0 163000
1748128412450 107.0 163500
1748128412917 112.0 164000
1748128413383 24.0 164500
1748128413868 14.0 165000
1748128414339 56.0 165500
1748128414859 30.0 166000
1748128415344 13.0 166500
1748128415835 17.0 167000
1748128416324 1.0 167500
1748128416866 57.0 168000
1748128417355 78.0 168500
1748128417946 20.0 169000
1748128418415 24.0 169500
1748128418936 20.0 170000
1748128419466 3.0 170500
1748128419943 48.0 171000
1748128420405 33.0 171500
1748128420868 100.0 172000
1748128421327 66.0 172500
1748128421821 128.0 173000
1748128422296 34.0 173500
1748128422803 104.0 174000
1748128423277 68.0 174500
1748128423804 32.0 175000
1748128424270 140.0 175500
1748128424738 47.0 176000
1748128425197 273.0 176500
1748128425650 111.0 177000
1748128426113 229.0 177500
1748128426567 70.0 178000
1748128427026 14.0 178500
1748128427487 140.0 179000
1748128427957 94.0 179500
1748128428418 102.0 180000
1748128428877 144.0 180500
1748128429343 204.0 181000
1748128429813 257.0 181500
1748128430272 106.0 182000
1748128430730 170.0 182500
1748128431196 227.0 183000
1748128431692 158.0 183500
1748128432170 178.0 184000
1748128432631 151.0 184500
1748128433101 274.0 185000
1748128433580 202.0 185500
1748128434055 233.0 186000
1748128434524 256.0 186500
1748128434985 240.0 187000
1748128435444 288.0 187500
1748128435909 192.0 188000
1748128436376 306.0 188500
1748128436847 330.0 189000
1748128437313 0.0 189500
1748128437775 185.0 190000
1748128438353 276.0 190500
1748128438876 231.0 191000
1748128439363 122.0 191500
1748128439860 243.0 192000
1748128440335 285.0 192500
1748128440852 84.0 193000
1748128441328 163.0 193500
1748128441794 50.0 194000
1748128442251 1.0 194500
1748128442717 69.0 195000
1748128443174 52.0 195500
1748128443636 152.0 196000
1748128444099 92.0 196500
1748128444557 74.0 197000
1748128445011 22.0 197500
1748128445468 56.0 198000
1748128445928 50.0 198500
1748128446431 47.0 199000
1748128446891 146.0 199500
1748128447353 13.0 200000
1748128447812 50.0 200500
1748128448304 73.0 201000
1748128448780 155.0 201500
1748128449285 25.0 202000
1748128449875 36.0 202500
1748128450378 136.0 203000
1748128450884 80.0 203500
1748128451386 148.0 204000
1748128451848 48.0 204500
1748128452318 81.0 205000
1748128452790 104.0 205500
1748128453257 87.0 206000
1748128453718 40.0 206500
1748128454179 64.0 207000
1748128454652 76.0 207500
1748128455169 28.0 208000
1748128455634 80.0 208500
1748128456096 48.0 209000
1748128456554 129.0 209500
1748128457017 102.0 210000
1748128457468 33.0 210500
1748128457934 144.0 211000
1748128458413 106.0 211500
1748128458883 25.0 212000
1748128459403 27.0 212500
1748128459900 61.0 213000
1748128460378 67.0 213500
1748128460850 66.0 214000
1748128461373 60.0 214500
1748128461849 88.0 215000
1748128462353 51.0 215500
1748128462834 90.0 216000
1748128463320 50.0 216500
1748128463812 60.0 217000
1748128464335 84.0 217500
1748128464825 54.0 218000
1748128465313 73.0 218500
1748128465801 18.0 219000
1748128466283 136.0 219500
1748128466755 64.0 220000
1748128467229 111.0 220500
1748128467713 37.0 221000
1748128468189 3.0 221500
1748128468675 50.0 222000
1748128469162 61.0 222500
1748128469724 49.0 223000
1748128470263 161.0 223500
1748128470742 144.0 224000
1748128471207 261.0 224500
1748128471691 148.0 225000
1748128472170 176.0 225500
1748128472650 356.0 226000
1748128473118 317.0 226500
1748128473596 58.0 227000
1748128474080 268.0 227500
1748128474564 272.0 228000
1748128475045 80.0 228500
1748128475520 50.0 229000
1748128476038 103.0 229500
1748128476518 78.0 230000
1748128476992 78.0 230500
1748128477476 117.0 231000
1748128477945 172.0 231500
1748128478425 211.0 232000
1748128478911 118.0 232500
1748128479386 36.0 233000
1748128479860 155.0 233500
1748128480334 183.0 234000
1748128480813 304.0 234500
1748128481301 90.0 235000
1748128481786 101.0 235500
1748128482294 77.0 236000
1748128482772 172.0 236500
1748128483249 179.0 237000
1748128483733 57.0 237500
1748128484214 73.0 238000
1748128484688 0.0 238500
1748128485158 33.0 239000
1748128485686 77.0 239500
1748128486167 29.0 240000
1748128486642 14.0 240500
1748128487113 11.0 241000
1748128487599 5.0 241500
1748128488077 33.0 242000
1748128488539 9.0 242500
1748128489003 67.0 243000
1748128489457 3.0 243500
1748128489918 97.0 244000
1748128490380 123.0 244500
1748128490846 79.0 245000
1748128491311 97.0 245500
1748128491769 50.0 246000
1748128492238 5.0 246500
1748128492707 74.0 247000
1748128493224 5.0 247500
1748128493687 13.0 248000
1748128494144 14.0 248500
1748128494600 37.0 249000
1748128495072 53.0 249500
1748128495529 5.0 250000
1748128495988 44.0 250500
1748128496440 19.0 251000
1748128496906 50.0 251500
1748128497363 26.0 252000
1748128497822 24.0 252500
1748128498311 5.0 253000
1748128498778 15.0 253500
1748128499233 14.0 254000
1748128499707 27.0 254500
1748128500184 20.0 255000
1748128500658 63.0 255500
1748128501166 11.0 256000
1748128501623 44.0 256500
1748128502090 65.0 257000
1748128502559 73.0 257500
1748128503088 67.0 258000
1748128503565 51.0 258500
1748128504023 7.0 259000
1748128504490 27.0 259500
1748128504950 21.0 260000
1748128505409 46.0 260500
1748128505879 9.0 261000
1748128506353 11.0 261500
1748128506897 67.0 262000
1748128507354 9.0 262500
1748128507810 101.0 263000
1748128508285 1.0 263500
1748128508768 42.0 264000
1748128509230 57.0 264500
1748128509729 64.0 265000
1748128510232 23.0 265500
1748128510708 15.0 266000
1748128511188 10.0 266500
1748128511718 48.0 267000
1748128512178 7.0 267500
1748128512637 11.0 268000
1748128513092 1.0 268500
1748128513557 72.0 269000
1748128514023 86.0 269500
1748128514515 9.0 270000
1748128514975 22.0 270500
1748128515437 41.0 271000
1748128515917 11.0 271500
1748128516384 49.0 272000
1748128516860 1.0 272500
1748128517329 9.0 273000
1748128517786 3.0 273500
1748128518297 14.0 274000
1748128518767 21.0 274500
1748128519220 21.0 275000
1748128519686 13.0 275500
1748128520164 25.0 276000
1748128520628 47.0 276500
1748128521096 16.0 277000
1748128521576 24.0 277500
1748128522062 77.0 278000
1748128522531 135.0 278500
1748128522992 19.0 279000
1748128523478 37.0 279500
1748128523953 102.0 280000
1748128524411 13.0 280500
1748128524871 14.0 281000
1748128525330 7.0 281500
1748128525827 45.0 282000
1748128526289 114.0 282500
1748128526744 15.0 283000
1748128527203 60.0 283500
1748128527663 3.0 284000
1748128528151 19.0 284500
1748128528668 13.0 285000
1748128529122 5.0 285500
1748128529581 11.0 286000
1748128530040 49.0 286500
1748128530505 23.0 287000
1748128530966 9.0 287500
1748128531427 38.0 288000
1748128531883 3.0 288500
1748128532346 54.0 289000
1748128532815 8.0 289500
1748128533272 3.0 290000
1748128533733 1.0 290500
1748128534196 60.0 291000
1748128534658 24.0 291500
1748128535117 5.0 292000
1748128535570 29.0 292500
1748128536034 6.0 293000
1748128536490 13.0 293500
1748128537018 11.0 294000
1748128537486 3.0 294500
1748128537941 41.0 295000
1748128538413 5.0 295500
1748128538905 17.0 296000
1748128539370 53.0 296500
1748128539826 21.0 297000
1748128540279 22.0 297500
1748128540741 22.0 298000
1748128541199 3.0 298500
1748128541663 33.0 299000
1748128542119 7.0 299500
1748128542572 1.0 300000
1748128543085 1.0 300500
1748128543544 11.0 301000
1748128544030 1.0 301500
1748128544486 1.0 302000
1748128544943 3.0 302500
1748128545396 11.0 303000
1748128545852 19.0 303500
1748128546315 1.0 304000
1748128546779 5.0 304500
1748128547232 13.0 305000
1748128547685 1.0 305500
1748128548137 3.0 306000
1748128548596 1.0 306500
1748128549057 13.0 307000
1748128549543 7.0 307500
1748128550068 11.0 308000
1748128550538 0.0 308500
1748128551019 20.0 309000
1748128551495 23.0 309500
1748128552035 1.0 310000
1748128552496 1.0 310500
1748128552954 3.0 311000
1748128553431 3.0 311500
1748128553962 11.0 312000
1748128554425 5.0 312500
1748128554894 13.0 313000
1748128555361 1.0 313500
1748128555821 1.0 314000
1748128556276 12.0 314500
1748128556733 9.0 315000
1748128557193 11.0 315500
1748128557650 1.0 316000
1748128558109 9.0 316500
1748128558572 15.0 317000
1748128559028 1.0 317500
1748128559482 14.0 318000
1748128559940 9.0 318500
1748128560392 15.0 319000
1748128560853 1.0 319500
1748128561323 1.0 320000
1748128561784 5.0 320500
1748128562248 1.0 321000
1748128562711 13.0 321500
1748128563195 5.0 322000
1748128563654 16.0 322500
1748128564115 15.0 323000
1748128564573 1.0 323500
1748128565037 3.0 324000
1748128565590 10.0 324500
1748128566045 1.0 325000
1748128566534 1.0 325500
1748128567000 7.0 326000
1748128567509 25.0 326500
1748128567968 18.0 327000
1748128568438 1.0 327500
1748128568963 1.0 328000
1748128569481 13.0 328500
1748128569963 10.0 329000
1748128570437 11.0 329500
1748128570905 13.0 330000
1748128571367 15.0 330500
1748128571834 1.0 331000
1748128572293 1.0 331500
1748128572756 7.0 332000
1748128573211 1.0 332500
1748128573683 1.0 333000
1748128574158 1.0 333500
1748128574614 11.0 334000
1748128575066 7.0 334500
1748128575533 1.0 335000
1748128576074 15.0 335500
1748128576550 19.0 336000
1748128577055 1.0 336500
1748128577517 15.0 337000
1748128577982 11.0 337500
1748128578456 5.0 338000
1748128578926 3.0 338500
1748128579421 11.0 339000
1748128579890 1.0 339500
1748128580358 7.0 340000
1748128580832 1.0 340500
1748128581302 3.0 341000
1748128581765 17.0 341500
1748128582240 9.0 342000
1748128582709 1.0 342500
1748128583179 1.0 343000
1748128583649 22.0 343500
1748128584114 9.0 344000
1748128584567 1.0 344500
1748128585032 9.0 345000
1748128585493 13.0 345500
1748128585959 1.0 346000
1748128586488 1.0 346500
1748128586949 38.0 347000
1748128587411 1.0 347500
1748128587865 1.0 348000
1748128588323 14.0 348500
1748128588782 14.0 349000
1748128589238 15.0 349500
1748128589694 12.0 350000
1748128590153 13.0 350500
1748128590612 3.0 351000
1748128591072 1.0 351500
1748128591524 9.0 352000
1748128591977 1.0 352500
1748128592436 1.0 353000
1748128592897 13.0 353500
1748128593359 1.0 354000
1748128593814 1.0 354500
1748128594271 1.0 355000
1748128594795 5.0 355500
1748128595312 1.0 356000
1748128595771 1.0 356500
1748128596225 14.0 357000
1748128596692 15.0 357500
1748128597151 13.0 358000
1748128597607 9.0 358500
1748128598059 1.0 359000
1748128598518 25.0 359500
1748128598989 7.0 360000
1748128599506 1.0 360500
1748128599966 1.0 361000
1748128600424 1.0 361500
1748128600886 1.0 362000
1748128601348 11.0 362500
1748128601808 12.0 363000
1748128602268 1.0 363500
1748128602724 13.0 364000
1748128603189 15.0 364500
1748128603653 1.0 365000
1748128604115 15.0 365500
1748128604571 7.0 366000
1748128605086 13.0 366500
1748128605551 33.0 367000
1748128606053 1.0 367500
1748128606525 13.0 368000
1748128606986 10.0 368500
1748128607477 43.0 369000
1748128607964 3.0 369500
1748128608488 15.0 370000
1748128608968 10.0 370500
1748128609431 15.0 371000
1748128609887 1.0 371500
1748128610345 15.0 372000
1748128610804 5.0 372500
1748128611269 26.0 373000
1748128611729 22.0 373500
1748128612187 14.0 374000
1748128612649 22.0 374500
1748128613142 39.0 375000
1748128613669 1.0 375500
1748128614165 12.0 376000
1748128614625 25.0 376500
1748128615098 36.0 377000
1748128615610 1.0 377500
1748128616072 20.0 378000
1748128616532 30.0 378500
1748128616987 1.0 379000
1748128617458 4.0 379500
1748128617936 68.0 380000
1748128618410 48.0 380500
1748128618871 50.0 381000
1748128619380 45.0 381500
1748128619857 21.0 382000
1748128620322 69.0 382500
1748128620787 5.0 383000
1748128621248 51.0 383500
1748128621704 22.0 384000
1748128622243 61.0 384500
1748128622804 35.0 385000
1748128623270 93.0 385500
1748128623798 34.0 386000
1748128624275 30.0 386500
1748128624747 81.0 387000
1748128625210 62.0 387500
1748128625666 66.0 388000
1748128626126 66.0 388500
1748128626588 28.0 389000
1748128627049 135.0 389500
1748128627514 75.0 390000
1748128627971 35.0 390500
1748128628421 34.0 391000
1748128628884 81.0 391500
1748128629352 47.0 392000
1748128629835 35.0 392500
1748128630295 1.0 393000
1748128630808 75.0 393500
1748128631269 16.0 394000
1748128631759 30.0 394500
1748128632217 52.0 395000
1748128632682 42.0 395500
1748128633138 12.0 396000
1748128633607 58.0 396500
1748128634071 95.0 397000
1748128634532 22.0 397500
1748128634997 102.0 398000
1748128635459 29.0 398500
1748128635921 31.0 399000
1748128636381 32.0 399500
1748128636841 27.0 400000
1748128637298 36.0 400500
1748128637760 54.0 401000
1748128638213 34.0 401500
1748128638678 59.0 402000
1748128639148 92.0 402500
1748128639604 5.0 403000
1748128640060 24.0 403500
1748128640515 68.0 404000
1748128641002 3.0 404500
1748128641464 79.0 405000
1748128641926 44.0 405500
1748128642387 43.0 406000
1748128642857 87.0 406500
1748128643379 43.0 407000
1748128643836 43.0 407500
1748128644299 5.0 408000
1748128644758 75.0 408500
1748128645236 39.0 409000
1748128645697 20.0 409500
1748128646158 32.0 410000
1748128646614 12.0 410500
1748128647076 16.0 411000
1748128647538 69.0 411500
1748128648001 23.0 412000
1748128648462 1.0 412500
1748128648929 18.0 413000
1748128649451 126.0 413500
1748128649909 27.0 414000
1748128650371 55.0 414500
1748128650831 21.0 415000
1748128651302 58.0 415500
1748128651768 96.0 416000
1748128652310 31.0 416500
1748128652821 42.0 417000
1748128653388 20.0 417500
1748128653929 65.0 418000
1748128654401 25.0 418500
1748128654861 28.0 419000
1748128655315 103.0 419500
1748128655798 7.0 420000
1748128656290 40.0 420500
1748128656752 23.0 421000
1748128657268 9.0 421500
1748128657820 29.0 422000
1748128658336 22.0 422500
1748128658890 13.0 423000
1748128659428 54.0 423500
1748128659928 46.0 424000
1748128660435 53.0 424500
1748128660890 49.0 425000
1748128661350 9.0 425500
1748128661808 65.0 426000
1748128662283 1.0 426500
1748128662791 28.0 427000
1748128663250 40.0 427500
1748128663714 48.0 428000
1748128664174 40.0 428500
1748128664631 52.0 429000
1748128665090 42.0 429500
1748128665543 66.0 430000
1748128666005 11.0 430500
1748128666461 13.0 431000
1748128666920 83.0 431500
1748128667376 59.0 432000
1748128667830 11.0 432500
1748128668291 28.0 433000
1748128668760 13.0 433500
1748128669227 5.0 434000
1748128669694 64.0 434500
1748128670168 119.0 435000
1748128670666 68.0 435500
1748128671135 7.0 436000
1748128671598 44.0 436500
1748128672084 0.0 437000
1748128672548 45.0 437500
1748128673013 48.0 438000
1748128673477 96.0 438500
1748128673943 71.0 439000
1748128674459 96.0 439500
1748128674933 164.0 440000
1748128675409 117.0 440500
1748128675886 17.0 441000
1748128676362 13.0 441500
1748128676838 43.0 442000
1748128677316 25.0 442500
1748128677822 199.0 443000
1748128678299 116.0 443500
1748128678770 67.0 444000
1748128679244 37.0 444500
1748128679721 157.0 445000
1748128680199 91.0 445500
1748128680677 104.0 446000
1748128681197 68.0 446500
1748128681669 23.0 447000
1748128682140 108.0 447500
1748128682610 7.0 448000
1748128683086 90.0 448500
1748128683565 37.0 449000
1748128684105 59.0 449500
1748128684585 118.0 450000
1748128685089 25.0 450500
1748128685563 45.0 451000
1748128686033 53.0 451500
1748128686493 36.0 452000
