1748128258523 2.386634844868735 500
1748128258999 0.23866348448687352 1000
1748128259461 0.23866348448687352 1500
1748128259924 1.1933174224343674 2000
1748128260383 0.7159904534606205 2500
1748128260841 0.47732696897374705 3000
1748128261363 0.47732696897374705 3500
1748128261850 0.47732696897374705 4000
1748128262345 0.47732696897374705 4500
1748128262820 0.9546539379474941 5000
1748128263292 0.47732696897374705 5500
1748128263778 0.23866348448687352 6000
1748128264362 1.6706443914081146 6500
1748128264832 0.23866348448687352 7000
1748128265306 0.47732696897374705 7500
1748128265780 0.23866348448687352 8000
1748128266251 0.0 8500
1748128266716 0.47732696897374705 9000
1748128267200 0.47732696897374705 9500
1748128267674 0.9546539379474941 10000
1748128268135 2.863961813842482 10500
1748128268632 0.23866348448687352 11000
1748128269105 2.1479713603818613 11500
1748128269572 0.7159904534606205 12000
1748128270102 0.23866348448687352 12500
1748128270625 4.534606205250596 13000
1748128271103 0.7159904534606205 13500
1748128271578 5.4892601431980905 14000
1748128272034 0.7159904534606205 14500
1748128272520 8.83054892601432 15000
1748128272985 54.17661097852029 15500
1748128273482 50.11933174224343 16000
1748128273968 2.1479713603818613 16500
1748128274440 32.93556085918855 17000
1748128274935 0.23866348448687352 17500
1748128275425 0.23866348448687352 18000
1748128275916 0.23866348448687352 18500
1748128276380 3.579952267303103 19000
1748128276835 0.7159904534606205 19500
1748128277301 6.921241050119331 20000
1748128277757 0.23866348448687352 20500
1748128278222 0.7159904534606205 21000
1748128278680 0.9546539379474941 21500
1748128279137 11.455847255369928 22000
1748128279603 4.295942720763723 22500
1748128280054 2.1479713603818613 23000
1748128280503 3.341288782816229 23500
1748128280955 9.54653937947494 24000
1748128281421 17.18377088305489 24500
1748128281876 10.26252983293556 25000
1748128282332 6.443914081145586 25500
1748128282782 10.978520286396181 26000
1748128283239 4.77326968973747 26500
1748128283693 15.274463007159905 27000
1748128284150 20.286396181384248 27500
1748128284614 28.162291169451077 28000
1748128285077 17.66109785202864 28500
1748128285525 14.319809069212411 29000
1748128285980 16.706443914081145 29500
1748128286432 18.377088305489263 30000
1748128286888 7.875894988066825 30500
1748128287339 0.23866348448687352 31000
1748128287794 7.875894988066825 31500
1748128288247 7.159904534606206 32000
1748128288705 13.365155131264917 32500
1748128289162 14.081145584725538 33000
1748128289614 16.467780429594274 33500
1748128290072 11.217183770883054 34000
1748128290525 9.307875894988067 34500
1748128290991 13.365155131264917 35000
1748128291449 28.400954653937948 35500
1748128291904 28.878281622911693 36000
1748128292360 25.29832935560859 36500
1748128292814 23.86634844868735 37000
1748128293295 28.639618138424822 37500
1748128293811 38.66348448687351 38000
1748128294328 44.868735083532215 38500
1748128294808 32.4582338902148 39000
1748128295271 48.44868735083532 39500
1748128295732 36.27684964200477 40000
1748128296192 34.36754176610978 40500
1748128296643 40.572792362768496 41000
1748128297096 45.10739856801909 41500
1748128297550 5.4892601431980905 42000
1748128298036 6.921241050119331 42500
1748128298533 1.9093078758949882 43000
1748128299002 3.1026252983293556 43500
1748128299454 0.23866348448687352 44000
1748128299905 0.23866348448687352 44500
1748128300367 0.7159904534606205 45000
1748128300824 2.1479713603818613 45500
1748128301274 0.23866348448687352 46000
1748128301728 1.6706443914081146 46500
1748128302183 26.730310262529834 47000
1748128302636 31.5035799522673 47500
1748128303159 45.346062052505964 48000
1748128303663 48.92601431980907 48500
1748128304121 65.15513126491646 49000
1748128304584 31.026252983293556 49500
1748128305037 11.455847255369928 50000
1748128305492 0.23866348448687352 50500
1748128305940 0.0 51000
1748128306390 3.579952267303103 51500
1748128306845 1.6706443914081146 52000
1748128307297 0.23866348448687352 52500
1748128307762 1.6706443914081146 53000
1748128308212 0.23866348448687352 53500
1748128308663 0.7159904534606205 54000
1748128309147 0.7159904534606205 54500
1748128309608 2.6252983293556085 55000
1748128310065 2.6252983293556085 55500
1748128310519 0.7159904534606205 56000
1748128310969 0.23866348448687352 56500
1748128311504 3.1026252983293556 57000
1748128312027 0.23866348448687352 57500
1748128312496 0.23866348448687352 58000
1748128312955 3.1026252983293556 58500
1748128313408 0.23866348448687352 59000
1748128313858 0.23866348448687352 59500
1748128314361 1.1933174224343674 60000
1748128314815 0.23866348448687352 60500
1748128315264 0.23866348448687352 61000
1748128315717 1.6706443914081146 61500
1748128316170 0.23866348448687352 62000
1748128316620 1.6706443914081146 62500
1748128317082 0.23866348448687352 63000
1748128317537 0.23866348448687352 63500
1748128317982 2.1479713603818613 64000
1748128318436 2.1479713603818613 64500
1748128318892 3.579952267303103 65000
1748128319403 1.6706443914081146 65500
1748128319903 3.1026252983293556 66000
1748128320356 0.23866348448687352 66500
1748128320813 0.23866348448687352 67000
1748128321275 0.23866348448687352 67500
1748128321731 0.23866348448687352 68000
1748128322180 0.23866348448687352 68500
1748128322628 0.0 69000
1748128323079 0.23866348448687352 69500
1748128323537 0.7159904534606205 70000
1748128323998 0.23866348448687352 70500
1748128324457 3.579952267303103 71000
1748128324913 3.1026252983293556 71500
1748128325368 1.6706443914081146 72000
1748128325829 3.1026252983293556 72500
1748128326294 0.23866348448687352 73000
1748128326748 0.23866348448687352 73500
1748128327201 2.6252983293556085 74000
1748128327659 0.23866348448687352 74500
1748128328124 0.23866348448687352 75000
1748128328582 3.579952267303103 75500
1748128329035 0.23866348448687352 76000
1748128329491 0.23866348448687352 76500
1748128329947 0.23866348448687352 77000
1748128330405 2.1479713603818613 77500
1748128330862 2.1479713603818613 78000
1748128331332 1.6706443914081146 78500
1748128331813 3.1026252983293556 79000
1748128332311 0.23866348448687352 79500
1748128332807 2.1479713603818613 80000
1748128333292 0.23866348448687352 80500
1748128333809 0.23866348448687352 81000
1748128334298 1.1933174224343674 81500
1748128334770 0.23866348448687352 82000
1748128335231 1.1933174224343674 82500
1748128335684 1.6706443914081146 83000
1748128336174 2.6252983293556085 83500
1748128336628 3.1026252983293556 84000
1748128337087 1.1933174224343674 84500
1748128337570 3.1026252983293556 85000
1748128338062 3.579952267303103 85500
1748128338526 1.1933174224343674 86000
1748128338981 0.23866348448687352 86500
1748128339443 0.23866348448687352 87000
1748128339901 2.6252983293556085 87500
1748128340358 1.1933174224343674 88000
1748128340823 3.579952267303103 88500
1748128341295 3.579952267303103 89000
1748128341760 0.23866348448687352 89500
1748128342229 2.6252983293556085 90000
1748128342680 0.23866348448687352 90500
1748128343137 0.23866348448687352 91000
1748128343595 0.23866348448687352 91500
1748128344054 0.23866348448687352 92000
1748128344513 4.05727923627685 92500
1748128344971 0.23866348448687352 93000
1748128345450 0.7159904534606205 93500
1748128345905 3.579952267303103 94000
1748128346365 0.23866348448687352 94500
1748128346817 1.1933174224343674 95000
1748128347270 0.7159904534606205 95500
1748128347726 3.1026252983293556 96000
1748128348179 0.7159904534606205 96500
1748128348639 0.23866348448687352 97000
1748128349098 0.23866348448687352 97500
1748128349553 1.1933174224343674 98000
1748128350005 0.23866348448687352 98500
1748128350460 0.23866348448687352 99000
1748128350919 0.23866348448687352 99500
1748128351377 1.6706443914081146 100000
1748128351833 0.23866348448687352 100500
1748128352285 3.579952267303103 101000
1748128352781 1.6706443914081146 101500
1748128353252 0.23866348448687352 102000
1748128353712 3.1026252983293556 102500
1748128354172 0.23866348448687352 103000
1748128354709 0.23866348448687352 103500
1748128355184 3.1026252983293556 104000
1748128355644 0.23866348448687352 104500
1748128356102 0.7159904534606205 105000
1748128356557 0.23866348448687352 105500
1748128357013 0.23866348448687352 106000
1748128357467 1.1933174224343674 106500
1748128357925 1.6706443914081146 107000
1748128358412 1.6706443914081146 107500
1748128358913 3.579952267303103 108000
1748128359384 1.6706443914081146 108500
1748128359847 1.6706443914081146 109000
1748128360364 3.1026252983293556 109500
1748128360855 0.23866348448687352 110000
1748128361384 1.6706443914081146 110500
1748128361910 3.579952267303103 111000
1748128362378 0.23866348448687352 111500
1748128362845 0.7159904534606205 112000
1748128363345 2.1479713603818613 112500
1748128363809 0.23866348448687352 113000
1748128364271 2.1479713603818613 113500
1748128364731 0.23866348448687352 114000
1748128365191 0.23866348448687352 114500
1748128365654 0.23866348448687352 115000
1748128366115 0.23866348448687352 115500
1748128366573 0.23866348448687352 116000
1748128367026 1.1933174224343674 116500
1748128367493 3.1026252983293556 117000
1748128367996 0.23866348448687352 117500
1748128368459 0.23866348448687352 118000
1748128368917 0.23866348448687352 118500
1748128369371 0.23866348448687352 119000
1748128369839 0.23866348448687352 119500
1748128370292 2.1479713603818613 120000
1748128370743 0.23866348448687352 120500
1748128371201 2.1479713603818613 121000
1748128371660 0.23866348448687352 121500
1748128372120 0.23866348448687352 122000
1748128372575 3.1026252983293556 122500
1748128373030 0.23866348448687352 123000
1748128373488 0.23866348448687352 123500
1748128373947 2.6252983293556085 124000
1748128374406 1.1933174224343674 124500
1748128374859 0.23866348448687352 125000
1748128375319 2.6252983293556085 125500
1748128375774 2.6252983293556085 126000
1748128376225 1.1933174224343674 126500
1748128376685 0.23866348448687352 127000
1748128377143 0.7159904534606205 127500
1748128377600 0.23866348448687352 128000
1748128378055 10.501193317422434 128500
1748128378522 0.23866348448687352 129000
1748128379000 2.863961813842482 129500
1748128379460 2.6252983293556085 130000
1748128379914 0.23866348448687352 130500
1748128380370 5.4892601431980905 131000
1748128380822 0.23866348448687352 131500
1748128381281 6.205250596658711 132000
1748128381749 1.1933174224343674 132500
1748128382211 15.513126491646778 133000
1748128382676 3.341288782816229 133500
1748128383147 0.23866348448687352 134000
1748128383611 14.081145584725538 134500
1748128384108 3.579952267303103 135000
1748128384753 1.6706443914081146 135500
1748128385258 3.341288782816229 136000
1748128385747 15.513126491646778 136500
1748128386261 25.53699284009546 137000
1748128386840 6.205250596658711 137500
1748128387344 0.7159904534606205 138000
1748128387848 2.1479713603818613 138500
1748128388336 18.85441527446301 139000
1748128388820 17.18377088305489 139500
1748128389299 9.785202863961814 140000
1748128389797 37.47016706443914 140500
1748128390353 16.94510739856802 141000
1748128390849 24.3436754176611 141500
1748128391358 0.23866348448687352 142000
1748128391922 8.353221957040573 142500
1748128392435 0.23866348448687352 143000
1748128392928 6.682577565632458 143500
1748128393401 10.26252983293556 144000
1748128393924 12.887828162291171 144500
1748128394454 0.23866348448687352 145000
1748128394950 1.6706443914081146 145500
1748128395447 3.1026252983293556 146000
1748128395943 11.455847255369928 146500
1748128396414 21.241050119331742 147000
1748128396877 5.250596658711217 147500
1748128397363 20.047732696897373 148000
1748128397872 7.637231503579953 148500
1748128398342 11.694510739856803 149000
1748128398808 26.968973747016705 149500
1748128399268 5.727923627684964 150000
1748128399788 0.7159904534606205 150500
1748128400289 6.682577565632458 151000
1748128400746 5.966587112171838 151500
1748128401204 14.797136038186157 152000
1748128401664 6.205250596658711 152500
1748128402135 12.649164677804295 153000
1748128402632 12.17183770883055 153500
1748128403126 16.706443914081145 154000
1748128403614 7.875894988066825 154500
1748128404093 9.069212410501192 155000
1748128404645 10.26252983293556 155500
1748128405205 21.479713603818613 156000
1748128405731 7.398568019093078 156500
1748128406249 26.49164677804296 157000
1748128406739 36.0381861575179 157500
1748128407201 5.4892601431980905 158000
1748128407660 18.377088305489263 158500
1748128408118 3.8186157517899764 159000
1748128408640 30.54892601431981 159500
1748128409167 17.42243436754177 160000
1748128409647 5.250596658711217 160500
1748128410116 16.2291169451074 161000
1748128410574 21.957040572792362 161500
1748128411048 32.69689737470167 162000
1748128411530 13.126491646778044 162500
1748128411993 12.17183770883055 163000
1748128412451 25.53699284009546 163500
1748128412917 26.730310262529834 164000
1748128413383 5.727923627684964 164500
1748128413869 3.341288782816229 165000
1748128414340 13.365155131264917 165500
1748128414860 7.159904534606206 166000
1748128415344 3.1026252983293556 166500
1748128415835 4.05727923627685 167000
1748128416325 0.23866348448687352 167500
1748128416866 13.60381861575179 168000
1748128417355 18.615751789976134 168500
1748128417947 4.77326968973747 169000
1748128418415 5.727923627684964 169500
1748128418936 4.77326968973747 170000
1748128419466 0.7159904534606205 170500
1748128419943 11.455847255369928 171000
1748128420405 7.875894988066825 171500
1748128420868 23.86634844868735 172000
1748128421328 15.75178997613365 172500
1748128421822 30.54892601431981 173000
1748128422297 8.1145584725537 173500
1748128422803 24.821002386634845 174000
1748128423278 16.2291169451074 174500
1748128423805 7.637231503579953 175000
1748128424270 33.41288782816229 175500
1748128424738 11.217183770883054 176000
1748128425198 65.15513126491646 176500
1748128425650 26.49164677804296 177000
1748128426113 54.653937947494036 177500
1748128426568 16.706443914081145 178000
1748128427026 3.341288782816229 178500
1748128427487 33.41288782816229 179000
1748128427957 22.434367541766107 179500
1748128428418 24.3436754176611 180000
1748128428877 34.36754176610978 180500
1748128429343 48.6873508353222 181000
1748128429813 61.336515513126486 181500
1748128430273 25.29832935560859 182000
1748128430730 40.572792362768496 182500
1748128431196 54.17661097852029 183000
1748128431693 37.70883054892602 183500
1748128432170 42.482100238663485 184000
1748128432632 36.0381861575179 184500
1748128433101 65.39379474940334 185000
1748128433580 48.21002386634845 185500
1748128434055 55.60859188544153 186000
1748128434524 61.09785202863962 186500
1748128434985 57.279236276849645 187000
1748128435445 68.73508353221956 187500
1748128435910 45.82338902147971 188000
1748128436377 73.0310262529833 188500
1748128436847 78.75894988066825 189000
1748128437314 0.0 189500
1748128437776 44.1527446300716 190000
1748128438353 65.8711217183771 190500
1748128438876 55.131264916467785 191000
1748128439363 29.116945107398568 191500
1748128439860 57.995226730310264 192000
1748128440335 68.01909307875896 192500
1748128440853 20.047732696897373 193000
1748128441328 38.902147971360385 193500
1748128441794 11.933174224343675 194000
1748128442252 0.23866348448687352 194500
1748128442717 16.467780429594274 195000
1748128443174 12.410501193317423 195500
1748128443636 36.27684964200477 196000
1748128444099 21.957040572792362 196500
1748128444557 17.66109785202864 197000
1748128445011 5.250596658711217 197500
1748128445469 13.365155131264917 198000
1748128445928 11.933174224343675 198500
1748128446432 11.217183770883054 199000
1748128446891 34.84486873508354 199500
1748128447353 3.1026252983293556 200000
1748128447812 11.933174224343675 200500
1748128448305 17.42243436754177 201000
1748128448780 36.9928400954654 201500
1748128449285 5.966587112171838 202000
1748128449875 8.591885441527445 202500
1748128450379 32.4582338902148 203000
1748128450885 19.09307875894988 203500
1748128451386 35.32219570405728 204000
1748128451848 11.455847255369928 204500
1748128452318 19.331742243436754 205000
1748128452790 24.821002386634845 205500
1748128453257 20.763723150357997 206000
1748128453718 9.54653937947494 206500
1748128454180 15.274463007159905 207000
1748128454652 18.138424821002385 207500
1748128455170 6.682577565632458 208000
1748128455634 19.09307875894988 208500
1748128456096 11.455847255369928 209000
1748128456554 30.787589498806682 209500
1748128457017 24.3436754176611 210000
1748128457469 7.875894988066825 210500
1748128457934 34.36754176610978 211000
1748128458413 25.29832935560859 211500
1748128458884 5.966587112171838 212000
1748128459403 6.443914081145586 212500
1748128459900 14.558472553699284 213000
1748128460378 15.990453460620524 213500
1748128460850 15.75178997613365 214000
1748128461375 14.319809069212411 214500
1748128461850 21.002386634844868 215000
1748128462354 12.17183770883055 215500
1748128462835 21.479713603818613 216000
1748128463321 11.933174224343675 216500
1748128463813 14.319809069212411 217000
1748128464335 20.047732696897373 217500
1748128464825 12.887828162291171 218000
1748128465314 17.42243436754177 218500
1748128465802 4.295942720763723 219000
1748128466283 32.4582338902148 219500
1748128466756 15.274463007159905 220000
1748128467229 26.49164677804296 220500
1748128467714 8.83054892601432 221000
1748128468189 0.7159904534606205 221500
1748128468675 11.933174224343675 222000
1748128469163 14.558472553699284 222500
1748128469724 11.694510739856803 223000
1748128470264 38.424821002386636 223500
1748128470742 34.36754176610978 224000
1748128471208 62.29116945107399 224500
1748128471691 35.32219570405728 225000
1748128472171 42.004773269689736 225500
1748128472650 84.96420047732697 226000
1748128473118 75.65632458233891 226500
1748128473596 13.842482100238662 227000
1748128474080 63.961813842482094 227500
1748128474565 64.9164677804296 228000
1748128475045 19.09307875894988 228500
1748128475520 11.933174224343675 229000
1748128476038 24.58233890214797 229500
1748128476518 18.615751789976134 230000
1748128476993 18.615751789976134 230500
1748128477476 27.923627684964202 231000
1748128477946 41.05011933174224 231500
1748128478425 50.35799522673031 232000
1748128478911 28.162291169451077 232500
1748128479386 8.591885441527445 233000
1748128479861 36.9928400954654 233500
1748128480334 43.67541766109785 234000
1748128480813 72.55369928400954 234500
1748128481301 21.479713603818613 235000
1748128481786 24.105011933174225 235500
1748128482294 18.377088305489263 236000
1748128482772 41.05011933174224 236500
1748128483250 42.720763723150355 237000
1748128483734 13.60381861575179 237500
1748128484215 17.42243436754177 238000
1748128484689 0.0 238500
1748128485158 7.875894988066825 239000
1748128485686 18.377088305489263 239500
1748128486167 6.921241050119331 240000
1748128486642 3.341288782816229 240500
1748128487114 2.6252983293556085 241000
1748128487599 1.1933174224343674 241500
1748128488078 7.875894988066825 242000
1748128488539 2.1479713603818613 242500
1748128489003 15.990453460620524 243000
1748128489458 0.7159904534606205 243500
1748128489918 23.15035799522673 244000
1748128490381 29.355608591885442 244500
1748128490847 18.85441527446301 245000
1748128491311 23.15035799522673 245500
1748128491769 11.933174224343675 246000
1748128492239 1.1933174224343674 246500
1748128492708 17.66109785202864 247000
1748128493224 1.1933174224343674 247500
1748128493687 3.1026252983293556 248000
1748128494145 3.341288782816229 248500
1748128494600 8.83054892601432 249000
1748128495072 12.649164677804295 249500
1748128495529 1.1933174224343674 250000
1748128495989 10.501193317422434 250500
1748128496440 4.534606205250596 251000
1748128496906 11.933174224343675 251500
1748128497363 6.205250596658711 252000
1748128497822 5.727923627684964 252500
1748128498312 1.1933174224343674 253000
1748128498778 3.579952267303103 253500
1748128499233 3.341288782816229 254000
1748128499708 6.443914081145586 254500
1748128500184 4.77326968973747 255000
1748128500658 15.035799522673033 255500
1748128501166 2.6252983293556085 256000
1748128501623 10.501193317422434 256500
1748128502090 15.513126491646778 257000
1748128502559 17.42243436754177 257500
1748128503088 15.990453460620524 258000
1748128503565 12.17183770883055 258500
1748128504023 1.6706443914081146 259000
1748128504490 6.443914081145586 259500
1748128504950 5.011933174224343 260000
1748128505409 10.978520286396181 260500
1748128505880 2.1479713603818613 261000
1748128506354 2.6252983293556085 261500
1748128506898 15.990453460620524 262000
1748128507355 2.1479713603818613 262500
1748128507810 24.105011933174225 263000
1748128508285 0.23866348448687352 263500
1748128508769 10.023866348448687 264000
1748128509230 13.60381861575179 264500
1748128509729 15.274463007159905 265000
1748128510233 5.4892601431980905 265500
1748128510709 3.579952267303103 266000
1748128511188 2.386634844868735 266500
1748128511719 11.455847255369928 267000
1748128512178 1.6706443914081146 267500
1748128512638 2.6252983293556085 268000
1748128513092 0.23866348448687352 268500
1748128513557 17.18377088305489 269000
1748128514024 20.52505966587112 269500
1748128514515 2.1479713603818613 270000
1748128514976 5.250596658711217 270500
1748128515437 9.785202863961814 271000
1748128515917 2.6252983293556085 271500
1748128516384 11.694510739856803 272000
1748128516860 0.23866348448687352 272500
1748128517330 2.1479713603818613 273000
1748128517786 0.7159904534606205 273500
1748128518298 3.341288782816229 274000
1748128518767 5.011933174224343 274500
1748128519220 5.011933174224343 275000
1748128519686 3.1026252983293556 275500
1748128520164 5.966587112171838 276000
1748128520628 11.217183770883054 276500
1748128521096 3.8186157517899764 277000
1748128521576 5.727923627684964 277500
1748128522062 18.377088305489263 278000
1748128522532 32.21957040572792 278500
1748128522992 4.534606205250596 279000
1748128523478 8.83054892601432 279500
1748128523953 24.3436754176611 280000
1748128524411 3.1026252983293556 280500
1748128524871 3.341288782816229 281000
1748128525331 1.6706443914081146 281500
1748128525827 10.739856801909307 282000
1748128526289 27.20763723150358 282500
1748128526745 3.579952267303103 283000
1748128527203 14.319809069212411 283500
1748128527663 0.7159904534606205 284000
1748128528151 4.534606205250596 284500
1748128528668 3.1026252983293556 285000
1748128529123 1.1933174224343674 285500
1748128529582 2.6252983293556085 286000
1748128530040 11.694510739856803 286500
1748128530505 5.4892601431980905 287000
1748128530966 2.1479713603818613 287500
1748128531427 9.069212410501192 288000
1748128531884 0.7159904534606205 288500
1748128532347 12.887828162291171 289000
1748128532815 1.9093078758949882 289500
1748128533273 0.7159904534606205 290000
1748128533734 0.23866348448687352 290500
1748128534196 14.319809069212411 291000
1748128534658 5.727923627684964 291500
1748128535118 1.1933174224343674 292000
1748128535570 6.921241050119331 292500
1748128536034 1.431980906921241 293000
1748128536491 3.1026252983293556 293500
1748128537019 2.6252983293556085 294000
1748128537487 0.7159904534606205 294500
1748128537941 9.785202863961814 295000
1748128538413 1.1933174224343674 295500
1748128538906 4.05727923627685 296000
1748128539370 12.649164677804295 296500
1748128539827 5.011933174224343 297000
1748128540279 5.250596658711217 297500
1748128540741 5.250596658711217 298000
1748128541200 0.7159904534606205 298500
1748128541664 7.875894988066825 299000
1748128542119 1.6706443914081146 299500
1748128542572 0.23866348448687352 300000
1748128543085 0.23866348448687352 300500
1748128543544 2.6252983293556085 301000
1748128544031 0.23866348448687352 301500
1748128544486 0.23866348448687352 302000
1748128544943 0.7159904534606205 302500
1748128545396 2.6252983293556085 303000
1748128545853 4.534606205250596 303500
1748128546315 0.23866348448687352 304000
1748128546779 1.1933174224343674 304500
1748128547232 3.1026252983293556 305000
1748128547686 0.23866348448687352 305500
1748128548137 0.7159904534606205 306000
1748128548597 0.23866348448687352 306500
1748128549057 3.1026252983293556 307000
1748128549543 1.6706443914081146 307500
1748128550069 2.6252983293556085 308000
1748128550539 0.0 308500
1748128551020 4.77326968973747 309000
1748128551495 5.4892601431980905 309500
1748128552035 0.23866348448687352 310000
1748128552496 0.23866348448687352 310500
1748128552955 0.7159904534606205 311000
1748128553432 0.7159904534606205 311500
1748128553962 2.6252983293556085 312000
1748128554425 1.1933174224343674 312500
1748128554895 3.1026252983293556 313000
1748128555362 0.23866348448687352 313500
1748128555821 0.23866348448687352 314000
1748128556276 2.863961813842482 314500
1748128556733 2.1479713603818613 315000
1748128557193 2.6252983293556085 315500
1748128557650 0.23866348448687352 316000
1748128558109 2.1479713603818613 316500
1748128558573 3.579952267303103 317000
1748128559029 0.23866348448687352 317500
1748128559482 3.341288782816229 318000
1748128559940 2.1479713603818613 318500
1748128560392 3.579952267303103 319000
1748128560853 0.23866348448687352 319500
1748128561324 0.23866348448687352 320000
1748128561784 1.1933174224343674 320500
1748128562249 0.23866348448687352 321000
1748128562711 3.1026252983293556 321500
1748128563196 1.1933174224343674 322000
1748128563655 3.8186157517899764 322500
1748128564115 3.579952267303103 323000
1748128564573 0.23866348448687352 323500
1748128565037 0.7159904534606205 324000
1748128565591 2.386634844868735 324500
1748128566045 0.23866348448687352 325000
1748128566534 0.23866348448687352 325500
1748128567001 1.6706443914081146 326000
1748128567510 5.966587112171838 326500
1748128567968 4.295942720763723 327000
1748128568439 0.23866348448687352 327500
1748128568964 0.23866348448687352 328000
1748128569481 3.1026252983293556 328500
1748128569963 2.386634844868735 329000
1748128570438 2.6252983293556085 329500
1748128570905 3.1026252983293556 330000
1748128571367 3.579952267303103 330500
1748128571835 0.23866348448687352 331000
1748128572293 0.23866348448687352 331500
1748128572756 1.6706443914081146 332000
1748128573212 0.23866348448687352 332500
1748128573683 0.23866348448687352 333000
1748128574158 0.23866348448687352 333500
1748128574615 2.6252983293556085 334000
1748128575066 1.6706443914081146 334500
1748128575534 0.23866348448687352 335000
1748128576075 3.579952267303103 335500
1748128576551 4.534606205250596 336000
1748128577055 0.23866348448687352 336500
1748128577518 3.579952267303103 337000
1748128577982 2.6252983293556085 337500
1748128578456 1.1933174224343674 338000
1748128578926 0.7159904534606205 338500
1748128579421 2.6252983293556085 339000
1748128579890 0.23866348448687352 339500
1748128580358 1.6706443914081146 340000
1748128580833 0.23866348448687352 340500
1748128581302 0.7159904534606205 341000
1748128581765 4.05727923627685 341500
1748128582240 2.1479713603818613 342000
1748128582710 0.23866348448687352 342500
1748128583179 0.23866348448687352 343000
1748128583650 5.250596658711217 343500
1748128584115 2.1479713603818613 344000
1748128584568 0.23866348448687352 344500
1748128585032 2.1479713603818613 345000
1748128585494 3.1026252983293556 345500
1748128585959 0.23866348448687352 346000
1748128586489 0.23866348448687352 346500
1748128586949 9.069212410501192 347000
1748128587411 0.23866348448687352 347500
1748128587866 0.23866348448687352 348000
1748128588324 3.341288782816229 348500
1748128588782 3.341288782816229 349000
1748128589239 3.579952267303103 349500
1748128589695 2.863961813842482 350000
1748128590154 3.1026252983293556 350500
1748128590613 0.7159904534606205 351000
1748128591072 0.23866348448687352 351500
1748128591525 2.1479713603818613 352000
1748128591977 0.23866348448687352 352500
1748128592436 0.23866348448687352 353000
1748128592898 3.1026252983293556 353500
1748128593359 0.23866348448687352 354000
1748128593814 0.23866348448687352 354500
1748128594272 0.23866348448687352 355000
1748128594795 1.1933174224343674 355500
1748128595313 0.23866348448687352 356000
1748128595771 0.23866348448687352 356500
1748128596226 3.341288782816229 357000
1748128596692 3.579952267303103 357500
1748128597151 3.1026252983293556 358000
1748128597607 2.1479713603818613 358500
1748128598060 0.23866348448687352 359000
1748128598519 5.966587112171838 359500
1748128598990 1.6706443914081146 360000
1748128599506 0.23866348448687352 360500
1748128599966 0.23866348448687352 361000
1748128600425 0.23866348448687352 361500
1748128600886 0.23866348448687352 362000
1748128601348 2.6252983293556085 362500
1748128601808 2.863961813842482 363000
1748128602268 0.23866348448687352 363500
1748128602724 3.1026252983293556 364000
1748128603190 3.579952267303103 364500
1748128603653 0.23866348448687352 365000
1748128604115 3.579952267303103 365500
1748128604572 1.6706443914081146 366000
1748128605086 3.1026252983293556 366500
1748128605551 7.875894988066825 367000
1748128606053 0.23866348448687352 367500
1748128606525 3.1026252983293556 368000
1748128606986 2.386634844868735 368500
1748128607477 10.26252983293556 369000
1748128607964 0.7159904534606205 369500
1748128608488 3.579952267303103 370000
1748128608969 2.386634844868735 370500
1748128609432 3.579952267303103 371000
1748128609887 0.23866348448687352 371500
1748128610345 3.579952267303103 372000
1748128610804 1.1933174224343674 372500
1748128611269 6.205250596658711 373000
1748128611729 5.250596658711217 373500
1748128612188 3.341288782816229 374000
1748128612650 5.250596658711217 374500
1748128613142 9.307875894988067 375000
1748128613669 0.23866348448687352 375500
1748128614166 2.863961813842482 376000
1748128614625 5.966587112171838 376500
1748128615099 8.591885441527445 377000
1748128615610 0.23866348448687352 377500
1748128616072 4.77326968973747 378000
1748128616532 7.159904534606206 378500
1748128616987 0.23866348448687352 379000
1748128617458 0.9546539379474941 379500
1748128617936 16.2291169451074 380000
1748128618410 11.455847255369928 380500
1748128618871 11.933174224343675 381000
1748128619380 10.739856801909307 381500
1748128619858 5.011933174224343 382000
1748128620322 16.467780429594274 382500
1748128620788 1.1933174224343674 383000
1748128621248 12.17183770883055 383500
1748128621704 5.250596658711217 384000
1748128622243 14.558472553699284 384500
1748128622805 8.353221957040573 385000
1748128623271 22.195704057279237 385500
1748128623798 8.1145584725537 386000
1748128624275 7.159904534606206 386500
1748128624747 19.331742243436754 387000
1748128625210 14.797136038186157 387500
1748128625667 15.75178997613365 388000
1748128626127 15.75178997613365 388500
1748128626589 6.682577565632458 389000
1748128627049 32.21957040572792 389500
1748128627514 17.899761336515514 390000
1748128627971 8.353221957040573 390500
1748128628421 8.1145584725537 391000
1748128628884 19.331742243436754 391500
1748128629353 11.217183770883054 392000
1748128629835 8.353221957040573 392500
1748128630295 0.23866348448687352 393000
1748128630808 17.899761336515514 393500
1748128631269 3.8186157517899764 394000
1748128631759 7.159904534606206 394500
1748128632218 12.410501193317423 395000
1748128632682 10.023866348448687 395500
1748128633138 2.863961813842482 396000
1748128633607 13.842482100238662 396500
1748128634072 22.673031026252982 397000
1748128634533 5.250596658711217 397500
1748128634997 24.3436754176611 398000
1748128635460 6.921241050119331 398500
1748128635921 7.398568019093078 399000
1748128636381 7.637231503579953 399500
1748128636841 6.443914081145586 400000
1748128637298 8.591885441527445 400500
1748128637760 12.887828162291171 401000
1748128638213 8.1145584725537 401500
1748128638678 14.081145584725538 402000
1748128639148 21.957040572792362 402500
1748128639605 1.1933174224343674 403000
1748128640060 5.727923627684964 403500
1748128640515 16.2291169451074 404000
1748128641003 0.7159904534606205 404500
1748128641464 18.85441527446301 405000
1748128641927 10.501193317422434 405500
1748128642387 10.26252983293556 406000
1748128642857 20.763723150357997 406500
1748128643379 10.26252983293556 407000
1748128643836 10.26252983293556 407500
1748128644299 1.1933174224343674 408000
1748128644758 17.899761336515514 408500
1748128645237 9.307875894988067 409000
1748128645698 4.77326968973747 409500
1748128646158 7.637231503579953 410000
1748128646615 2.863961813842482 410500
1748128647076 3.8186157517899764 411000
1748128647538 16.467780429594274 411500
1748128648002 5.4892601431980905 412000
1748128648463 0.23866348448687352 412500
1748128648929 4.295942720763723 413000
1748128649452 30.071599045346066 413500
1748128649909 6.443914081145586 414000
1748128650371 13.126491646778044 414500
1748128650832 5.011933174224343 415000
1748128651303 13.842482100238662 415500
1748128651769 22.911694510739856 416000
1748128652310 7.398568019093078 416500
1748128652822 10.023866348448687 417000
1748128653389 4.77326968973747 417500
1748128653930 15.513126491646778 418000
1748128654401 5.966587112171838 418500
1748128654862 6.682577565632458 419000
1748128655316 24.58233890214797 419500
1748128655799 1.6706443914081146 420000
1748128656290 9.54653937947494 420500
1748128656752 5.4892601431980905 421000
1748128657269 2.1479713603818613 421500
1748128657820 6.921241050119331 422000
1748128658337 5.250596658711217 422500
1748128658890 3.1026252983293556 423000
1748128659429 12.887828162291171 423500
1748128659929 10.978520286396181 424000
1748128660436 12.649164677804295 424500
1748128660890 11.694510739856803 425000
1748128661350 2.1479713603818613 425500
1748128661808 15.513126491646778 426000
1748128662284 0.23866348448687352 426500
1748128662791 6.682577565632458 427000
1748128663250 9.54653937947494 427500
1748128663715 11.455847255369928 428000
1748128664175 9.54653937947494 428500
1748128664631 12.410501193317423 429000
1748128665090 10.023866348448687 429500
1748128665544 15.75178997613365 430000
1748128666005 2.6252983293556085 430500
1748128666462 3.1026252983293556 431000
1748128666920 19.809069212410503 431500
1748128667377 14.081145584725538 432000
1748128667830 2.6252983293556085 432500
1748128668292 6.682577565632458 433000
1748128668760 3.1026252983293556 433500
1748128669227 1.1933174224343674 434000
1748128669694 15.274463007159905 434500
1748128670168 28.400954653937948 435000
1748128670666 16.2291169451074 435500
1748128671136 1.6706443914081146 436000
1748128671598 10.501193317422434 436500
1748128672084 0.0 437000
1748128672548 10.739856801909307 437500
1748128673013 11.455847255369928 438000
1748128673478 22.911694510739856 438500
1748128673943 16.94510739856802 439000
1748128674459 22.911694510739856 439500
1748128674934 39.140811455847256 440000
1748128675409 27.923627684964202 440500
1748128675887 4.05727923627685 441000
1748128676363 3.1026252983293556 441500
1748128676838 10.26252983293556 442000
1748128677316 5.966587112171838 442500
1748128677822 47.49403341288782 443000
1748128678300 27.684964200477324 443500
1748128678771 15.990453460620524 444000
1748128679245 8.83054892601432 444500
1748128679721 37.47016706443914 445000
1748128680200 21.71837708830549 445500
1748128680677 24.821002386634845 446000
1748128681197 16.2291169451074 446500
1748128681670 5.4892601431980905 447000
1748128682141 25.775656324582343 447500
1748128682611 1.6706443914081146 448000
1748128683087 21.479713603818613 448500
1748128683565 8.83054892601432 449000
1748128684105 14.081145584725538 449500
1748128684585 28.162291169451077 450000
1748128685090 5.966587112171838 450500
1748128685564 10.739856801909307 451000
1748128686033 12.649164677804295 451500
1748128686493 8.591885441527445 452000
