1748128258522 -0.14 500
1748128258998 0.03 1000
1748128259460 -0.24 1500
1748128259923 -0.28 2000
1748128260382 0.02 2500
1748128260840 0.2 3000
1748128261362 -0.42 3500
1748128261849 -0.25 4000
1748128262344 0.01 4500
1748128262819 -0.03 5000
1748128263291 0.13 5500
1748128263777 0.07 6000
1748128264361 0.07 6500
1748128264831 0.25 7000
1748128265305 -0.18 7500
1748128265779 0.21 8000
1748128266250 0.0 8500
1748128266716 0.21 9000
1748128267199 0.16 9500
1748128267673 0.25 10000
1748128268134 -0.19 10500
1748128268631 -0.07 11000
1748128269104 0.21 11500
1748128269571 0.2 12000
1748128270100 -0.26 12500
1748128270623 -0.42 13000
1748128271101 -0.24 13500
1748128271577 -0.09 14000
1748128272033 0.12 14500
1748128272519 -0.08 15000
1748128272984 0.93 15500
1748128273481 -0.78 16000
1748128273967 0.25 16500
1748128274439 0.59 17000
1748128274934 0.23 17500
1748128275424 0.16 18000
1748128275915 -0.32 18500
1748128276379 -0.26 19000
1748128276834 -0.2 19500
1748128277300 0.23 20000
1748128277756 -0.34 20500
1748128278221 -0.0 21000
1748128278679 -0.38 21500
1748128279136 0.74 22000
1748128279602 0.58 22500
1748128280053 -0.01 23000
1748128280502 0.64 23500
1748128280954 0.39 24000
1748128281420 2.63 24500
1748128281875 1.59 25000
1748128282331 0.48 25500
1748128282781 0.62 26000
1748128283238 0.16 26500
1748128283692 0.45 27000
1748128284149 2.15 27500
1748128284613 1.38 28000
1748128285076 1.68 28500
1748128285524 0.48 29000
1748128285979 1.89 29500
1748128286431 1.45 30000
1748128286887 0.96 30500
1748128287338 0.13 31000
1748128287793 0.78 31500
1748128288247 0.75 32000
1748128288704 0.75 32500
1748128289161 1.2 33000
1748128289613 1.09 33500
1748128290071 0.92 34000
1748128290524 1.26 34500
1748128290990 1.55 35000
1748128291448 1.66 35500
1748128291903 0.78 36000
1748128292359 0.67 36500
1748128292813 1.71 37000
1748128293294 1.18 37500
1748128293810 0.77 38000
1748128294327 1.85 38500
1748128294807 1.06 39000
1748128295270 1.52 39500
1748128295731 0.02 40000
1748128296191 0.51 40500
1748128296642 0.14 41000
1748128297095 0.86 41500
1748128297549 0.25 42000
1748128298035 0.45 42500
1748128298532 0.16 43000
1748128299001 -0.22 43500
1748128299453 0.1 44000
1748128299904 -0.08 44500
1748128300366 0.19 45000
1748128300823 -0.2 45500
1748128301273 0.14 46000
1748128301728 -0.1 46500
1748128302182 0.15 47000
1748128302635 0.4 47500
1748128303158 1.63 48000
1748128303662 2.21 48500
1748128304120 1.65 49000
1748128304583 0.79 49500
1748128305036 -0.13 50000
1748128305490 0.11 50500
1748128305938 0.0 51000
1748128306390 -0.23 51500
1748128306844 0.0 52000
1748128307296 0.33 52500
1748128307761 -0.22 53000
1748128308211 0.18 53500
1748128308662 -0.14 54000
1748128309146 -0.03 54500
1748128309607 -0.33 55000
1748128310064 -0.33 55500
1748128310518 -0.23 56000
1748128310968 -0.21 56500
1748128311503 -0.29 57000
1748128312026 0.14 57500
1748128312495 0.17 58000
1748128312954 -0.33 58500
1748128313407 0.09 59000
1748128313857 0.07 59500
1748128314360 -0.25 60000
1748128314814 -0.11 60500
1748128315263 0.23 61000
1748128315716 0.11 61500
1748128316169 0.22 62000
1748128316619 -0.09 62500
1748128317081 0.2 63000
1748128317536 -0.04 63500
1748128317981 -0.15 64000
1748128318435 -0.11 64500
1748128318891 -0.37 65000
1748128319402 -0.06 65500
1748128319902 -0.31 66000
1748128320355 0.24 66500
1748128320812 0.15 67000
1748128321274 0.08 67500
1748128321730 0.23 68000
1748128322179 0.25 68500
1748128322627 0.0 69000
1748128323078 -0.05 69500
1748128323536 -0.11 70000
1748128323997 0.05 70500
1748128324456 -0.34 71000
1748128324913 0.13 71500
1748128325367 -0.08 72000
1748128325828 -0.33 72500
1748128326293 0.36 73000
1748128326747 0.28 73500
1748128327201 -0.13 74000
1748128327658 0.06 74500
1748128328123 0.25 75000
1748128328581 -0.33 75500
1748128329034 0.08 76000
1748128329490 0.09 76500
1748128329946 0.22 77000
1748128330404 0.18 77500
1748128330861 -0.16 78000
1748128331331 -0.17 78500
1748128331811 0.18 79000
1748128332310 0.14 79500
1748128332806 0.23 80000
1748128333291 0.38 80500
1748128333808 0.12 81000
1748128334297 -0.14 81500
1748128334769 0.09 82000
1748128335230 -0.11 82500
1748128335683 -0.05 83000
1748128336173 -0.34 83500
1748128336627 -0.2 84000
1748128337086 -0.09 84500
1748128337569 -0.3 85000
1748128338061 -0.3 85500
1748128338525 -0.1 86000
1748128338979 0.13 86500
1748128339442 -0.21 87000
1748128339900 -0.08 87500
1748128340357 0.13 88000
1748128340822 -0.32 88500
1748128341294 -0.14 89000
1748128341759 -0.03 89500
1748128342228 -0.15 90000
1748128342679 0.27 90500
1748128343136 -0.13 91000
1748128343594 0.02 91500
1748128344053 0.15 92000
1748128344512 0.16 92500
1748128344970 0.18 93000
1748128345449 0.09 93500
1748128345904 -0.17 94000
1748128346364 0.18 94500
1748128346816 0.12 95000
1748128347269 -0.05 95500
1748128347725 0.13 96000
1748128348178 -0.16 96500
1748128348638 0.11 97000
1748128349097 -0.08 97500
1748128349552 -0.06 98000
1748128350004 0.14 98500
1748128350459 0.27 99000
1748128350918 0.13 99500
1748128351376 -0.33 100000
1748128351832 0.08 100500
1748128352284 -0.05 101000
1748128352780 -0.33 101500
1748128353251 0.07 102000
1748128353711 -0.17 102500
1748128354171 0.21 103000
1748128354708 -0.21 103500
1748128355183 -0.27 104000
1748128355643 0.19 104500
1748128356101 0.21 105000
1748128356556 -0.12 105500
1748128357012 0.1 106000
1748128357466 -0.08 106500
1748128357924 -0.11 107000
1748128358411 -0.07 107500
1748128358912 -0.26 108000
1748128359383 0.04 108500
1748128359846 -0.25 109000
1748128360363 0.01 109500
1748128360854 0.26 110000
1748128361383 -0.16 110500
1748128361909 -0.32 111000
1748128362377 0.16 111500
1748128362844 -0.1 112000
1748128363344 0.08 112500
1748128363808 0.08 113000
1748128364270 -0.26 113500
1748128364730 0.3 114000
1748128365190 -0.11 114500
1748128365653 0.28 115000
1748128366114 0.07 115500
1748128366572 0.16 116000
1748128367025 -0.26 116500
1748128367493 -0.26 117000
1748128367995 -0.02 117500
1748128368458 0.11 118000
1748128368916 -0.03 118500
1748128369370 0.22 119000
1748128369838 0.18 119500
1748128370291 -0.24 120000
1748128370742 0.01 120500
1748128371200 -0.01 121000
1748128371659 -0.09 121500
1748128372119 -0.17 122000
1748128372574 -0.26 122500
1748128373029 0.18 123000
1748128373487 0.18 123500
1748128373946 -0.2 124000
1748128374405 0.03 124500
1748128374858 -0.14 125000
1748128375318 -0.21 125500
1748128375773 -0.26 126000
1748128376224 -0.3 126500
1748128376684 -0.01 127000
1748128377142 -0.24 127500
1748128377599 0.07 128000
1748128378054 -0.05 128500
1748128378521 0.07 129000
1748128378999 -0.27 129500
1748128379459 -0.29 130000
1748128379913 0.17 130500
1748128380369 -0.31 131000
1748128380821 0.02 131500
1748128381280 -0.12 132000
1748128381748 0.3 132500
1748128382210 0.35 133000
1748128382675 0.04 133500
1748128383146 0.39 134000
1748128383610 0.36 134500
1748128384107 0.34 135000
1748128384752 0.43 135500
1748128385257 -0.17 136000
1748128385746 0.42 136500
1748128386259 0.77 137000
1748128386839 -0.22 137500
1748128387343 -0.12 138000
1748128387847 0.06 138500
1748128388335 0.63 139000
1748128388819 0.11 139500
1748128389298 -0.09 140000
1748128389796 0.38 140500
1748128390352 0.43 141000
1748128390848 0.0 141500
1748128391357 0.32 142000
1748128391921 0.43 142500
1748128392434 0.15 143000
1748128392927 0.24 143500
1748128393400 0.15 144000
1748128393918 -0.13 144500
1748128394453 0.04 145000
1748128394949 -0.01 145500
1748128395446 0.25 146000
1748128395942 0.24 146500
1748128396413 0.3 147000
1748128396876 0.13 147500
1748128397362 0.02 148000
1748128397871 -0.19 148500
1748128398341 0.46 149000
1748128398807 -0.18 149500
1748128399267 -0.37 150000
1748128399787 0.26 150500
1748128400288 -0.34 151000
1748128400745 0.02 151500
1748128401203 0.43 152000
1748128401663 -0.21 152500
1748128402134 0.37 153000
1748128402631 -0.07 153500
1748128403125 -0.32 154000
1748128403613 0.27 154500
1748128404092 -0.4 155000
1748128404644 -0.03 155500
1748128405204 -0.03 156000
1748128405730 0.17 156500
1748128406248 1.0 157000
1748128406738 0.9 157500
1748128407200 0.27 158000
1748128407659 0.56 158500
1748128408117 0.24 159000
1748128408639 0.81 159500
1748128409166 -0.05 160000
1748128409646 -0.11 160500
1748128410115 0.42 161000
1748128410573 0.26 161500
1748128411046 0.86 162000
1748128411529 0.09 162500
1748128411992 0.19 163000
1748128412450 0.2 163500
1748128412916 0.4 164000
1748128413382 0.11 164500
1748128413868 0.09 165000
1748128414339 -0.07 165500
1748128414858 0.17 166000
1748128415343 0.08 166500
1748128415833 0.41 167000
1748128416324 0.3 167500
1748128416864 0.11 168000
1748128417354 -0.28 168500
1748128417945 -0.1 169000
1748128418414 -0.46 169500
1748128418935 -0.28 170000
1748128419465 0.1 170500
1748128419942 0.15 171000
1748128420404 0.23 171500
1748128420867 -0.11 172000
1748128421327 0.24 172500
1748128421820 0.35 173000
1748128422296 -0.27 173500
1748128422802 0.2 174000
1748128423276 -0.05 174500
1748128423804 0.26 175000
1748128424269 -0.22 175500
1748128424737 0.35 176000
1748128425196 1.01 176500
1748128425649 0.42 177000
1748128426112 0.64 177500
1748128426567 0.23 178000
1748128427025 -0.11 178500
1748128427486 0.23 179000
1748128427956 0.04 179500
1748128428417 -0.39 180000
1748128428876 -0.03 180500
1748128429342 -0.7 181000
1748128429812 0.83 181500
1748128430272 0.8 182000
1748128430729 0.02 182500
1748128431195 0.39 183000
1748128431692 0.95 183500
1748128432169 0.19 184000
1748128432631 0.37 184500
1748128433100 0.08 185000
1748128433579 -0.22 185500
1748128434054 -0.19 186000
1748128434523 -0.05 186500
1748128434984 -0.18 187000
1748128435444 0.44 187500
1748128435909 0.62 188000
1748128436376 0.36 188500
1748128436846 -1.07 189000
1748128437313 0.0 189500
1748128437775 0.27 190000
1748128438352 0.47 190500
1748128438875 -0.07 191000
1748128439362 0.27 191500
1748128439859 0.82 192000
1748128440334 -0.05 192500
1748128440852 -0.0 193000
1748128441327 0.44 193500
1748128441793 -0.38 194000
1748128442251 0.24 194500
1748128442716 0.03 195000
1748128443173 -0.17 195500
1748128443635 0.58 196000
1748128444098 -0.01 196500
1748128444556 -0.47 197000
1748128445010 0.07 197500
1748128445468 -0.47 198000
1748128445927 -0.22 198500
1748128446431 0.21 199000
1748128446890 -0.06 199500
1748128447352 0.39 200000
1748128447811 -0.15 200500
1748128448304 0.83 201000
1748128448779 0.03 201500
1748128449284 0.32 202000
1748128449874 -0.26 202500
1748128450378 -0.23 203000
1748128450884 -0.04 203500
1748128451385 0.83 204000
1748128451847 -0.21 204500
1748128452317 0.03 205000
1748128452789 -0.16 205500
1748128453256 0.23 206000
1748128453717 0.37 206500
1748128454179 -0.1 207000
1748128454651 -0.3 207500
1748128455169 -0.13 208000
1748128455633 -0.32 208500
1748128456095 -0.56 209000
1748128456553 -0.19 209500
1748128457016 -0.12 210000
1748128457468 0.16 210500
1748128457933 0.48 211000
1748128458412 0.52 211500
1748128458883 0.44 212000
1748128459402 0.12 212500
1748128459899 -0.34 213000
1748128460377 0.35 213500
1748128460849 0.3 214000
1748128461372 -0.01 214500
1748128461849 -0.59 215000
1748128462353 -0.06 215500
1748128462834 0.05 216000
1748128463320 0.6 216500
1748128463812 0.28 217000
1748128464334 0.18 217500
1748128464824 -0.03 218000
1748128465313 0.65 218500
1748128465801 -0.17 219000
1748128466282 0.15 219500
1748128466755 0.42 220000
1748128467228 0.42 220500
1748128467712 -0.32 221000
1748128468188 0.11 221500
1748128468674 0.11 222000
1748128469162 0.16 222500
1748128469723 0.21 223000
1748128470262 -0.13 223500
1748128470741 -0.04 224000
1748128471207 0.46 224500
1748128471690 0.01 225000
1748128472170 -0.43 225500
1748128472649 0.86 226000
1748128473117 1.98 226500
1748128473595 0.47 227000
1748128474079 0.17 227500
1748128474564 -0.04 228000
1748128475045 -0.14 228500
1748128475519 -0.08 229000
1748128476037 -0.22 229500
1748128476517 0.22 230000
1748128476991 0.36 230500
1748128477475 -0.07 231000
1748128477945 -0.12 231500
1748128478424 0.64 232000
1748128478910 0.4 232500
1748128479385 0.43 233000
1748128479860 0.14 233500
1748128480333 0.28 234000
1748128480812 0.35 234500
1748128481300 0.28 235000
1748128481785 -0.06 235500
1748128482293 0.02 236000
1748128482771 0.31 236500
1748128483249 0.44 237000
1748128483733 -0.25 237500
1748128484213 0.32 238000
1748128484688 0.0 238500
1748128485157 -0.21 239000
1748128485685 0.04 239500
1748128486166 0.22 240000
1748128486641 0.01 240500
1748128487113 -0.19 241000
1748128487598 0.06 241500
1748128488077 -0.36 242000
1748128488538 0.03 242500
1748128489002 0.16 243000
1748128489457 -0.06 243500
1748128489917 -0.75 244000
1748128490380 -0.34 244500
1748128490846 0.21 245000
1748128491310 -0.51 245500
1748128491768 0.07 246000
1748128492238 0.07 246500
1748128492707 -0.15 247000
1748128493223 0.31 247500
1748128493686 -0.18 248000
1748128494144 0.03 248500
1748128494599 -0.29 249000
1748128495071 -0.07 249500
1748128495528 0.18 250000
1748128495988 0.09 250500
1748128496439 0.01 251000
1748128496905 0.05 251500
1748128497362 -0.14 252000
1748128497821 -0.27 252500
1748128498311 0.32 253000
1748128498777 -0.0 253500
1748128499232 -0.14 254000
1748128499707 -0.33 254500
1748128500183 -0.12 255000
1748128500657 0.27 255500
1748128501165 0.14 256000
1748128501622 -0.22 256500
1748128502089 -0.23 257000
1748128502558 0.15 257500
1748128503087 -0.17 258000
1748128503564 -0.09 258500
1748128504022 0.02 259000
1748128504489 0.05 259500
1748128504949 -0.31 260000
1748128505408 -0.18 260500
1748128505879 -0.01 261000
1748128506353 -0.02 261500
1748128506896 -0.78 262000
1748128507354 -0.27 262500
1748128507809 -0.11 263000
1748128508284 0.23 263500
1748128508768 -0.35 264000
1748128509229 0.26 264500
1748128509728 -0.09 265000
1748128510232 -0.34 265500
1748128510708 -0.06 266000
1748128511187 -0.21 266500
1748128511718 -0.06 267000
1748128512177 -0.22 267500
1748128512637 0.17 268000
1748128513091 0.17 268500
1748128513556 -0.09 269000
1748128514023 -0.45 269500
1748128514514 0.28 270000
1748128514975 -0.09 270500
1748128515436 0.16 271000
1748128515916 -0.0 271500
1748128516383 -0.2 272000
1748128516859 0.15 272500
1748128517329 -0.07 273000
1748128517785 -0.29 273500
1748128518296 0.07 274000
1748128518766 -0.26 274500
1748128519219 0.41 275000
1748128519685 -0.02 275500
1748128520163 -0.09 276000
1748128520627 -0.16 276500
1748128521095 -0.18 277000
1748128521575 -0.07 277500
1748128522061 -0.27 278000
1748128522531 -0.29 278500
1748128522991 0.11 279000
1748128523477 0.08 279500
1748128523952 0.15 280000
1748128524410 0.06 280500
1748128524870 0.14 281000
1748128525330 0.15 281500
1748128525826 0.26 282000
1748128526288 -0.0 282500
1748128526744 -0.22 283000
1748128527202 -0.08 283500
1748128527662 0.22 284000
1748128528150 0.06 284500
1748128528667 0.29 285000
1748128529122 0.05 285500
1748128529581 0.01 286000
1748128530039 -0.05 286500
1748128530504 0.22 287000
1748128530965 -0.17 287500
1748128531426 0.06 288000
1748128531883 0.22 288500
1748128532346 -0.23 289000
1748128532814 0.11 289500
1748128533272 0.2 290000
1748128533733 -0.11 290500
1748128534195 -0.35 291000
1748128534657 -0.27 291500
1748128535116 -0.01 292000
1748128535569 -0.03 292500
1748128536033 0.33 293000
1748128536490 -0.0 293500
1748128537018 0.28 294000
1748128537486 0.22 294500
1748128537940 0.09 295000
1748128538412 0.14 295500
1748128538905 -0.13 296000
1748128539369 -0.26 296500
1748128539826 0.02 297000
1748128540278 -0.31 297500
1748128540740 -0.46 298000
1748128541199 0.04 298500
1748128541663 -0.39 299000
1748128542118 0.03 299500
1748128542571 0.33 300000
1748128543084 0.14 300500
1748128543543 -0.28 301000
1748128544030 0.37 301500
1748128544485 0.27 302000
1748128544942 0.12 302500
1748128545395 -0.07 303000
1748128545852 -0.33 303500
1748128546314 0.03 304000
1748128546778 -0.14 304500
1748128547231 -0.02 305000
1748128547685 -0.08 305500
1748128548136 0.08 306000
1748128548596 0.21 306500
1748128549056 0.03 307000
1748128549542 0.17 307500
1748128550067 0.29 308000
1748128550537 0.0 308500
1748128551018 -0.42 309000
1748128551494 -0.19 309500
1748128552034 0.18 310000
1748128552495 0.31 310500
1748128552954 -0.02 311000
1748128553430 0.07 311500
1748128553961 0.11 312000
1748128554424 -0.24 312500
1748128554894 -0.04 313000
1748128555360 0.27 313500
1748128555820 0.11 314000
1748128556275 -0.22 314500
1748128556732 -0.34 315000
1748128557192 -0.28 315500
1748128557649 0.32 316000
1748128558108 0.3 316500
1748128558572 -0.3 317000
1748128559028 0.18 317500
1748128559481 -0.07 318000
1748128559939 0.26 318500
1748128560391 -0.09 319000
1748128560852 -0.23 319500
1748128561323 0.15 320000
1748128561783 0.02 320500
1748128562248 0.3 321000
1748128562710 -0.27 321500
1748128563195 0.22 322000
1748128563654 -0.08 322500
1748128564114 -0.3 323000
1748128564572 0.32 323500
1748128565036 0.14 324000
1748128565590 -0.2 324500
1748128566044 0.27 325000
1748128566533 0.17 325500
1748128566999 0.05 326000
1748128567508 -0.13 326500
1748128567967 -0.44 327000
1748128568437 0.16 327500
1748128568962 0.33 328000
1748128569480 -0.17 328500
1748128569962 -0.12 329000
1748128570437 0.16 329500
1748128570904 -0.11 330000
1748128571366 -0.19 330500
1748128571834 0.16 331000
1748128572292 0.24 331500
1748128572755 0.08 332000
1748128573211 0.33 332500
1748128573682 0.27 333000
1748128574157 0.05 333500
1748128574614 -0.22 334000
1748128575066 -0.16 334500
1748128575533 0.04 335000
1748128576074 -0.28 335500
1748128576549 -0.53 336000
1748128577054 0.24 336500
1748128577517 -0.34 337000
1748128577981 -0.02 337500
1748128578455 0.05 338000
1748128578925 -0.19 338500
1748128579420 -0.23 339000
1748128579889 0.32 339500
1748128580357 0.17 340000
1748128580832 -0.15 340500
1748128581301 -0.0 341000
1748128581764 -0.23 341500
1748128582239 -0.19 342000
1748128582709 0.17 342500
1748128583178 0.15 343000
1748128583649 -0.05 343500
1748128584114 -0.23 344000
1748128584567 -0.01 344500
1748128585031 0.16 345000
1748128585493 -0.17 345500
1748128585958 0.08 346000
1748128586485 0.26 346500
1748128586948 -0.28 347000
1748128587410 0.25 347500
1748128587865 0.11 348000
1748128588322 -0.17 348500
1748128588781 -0.23 349000
1748128589238 -0.27 349500
1748128589694 -0.15 350000
1748128590153 0.03 350500
1748128590612 -0.13 351000
1748128591071 0.21 351500
1748128591524 -0.18 352000
1748128591976 0.13 352500
1748128592435 0.2 353000
1748128592897 -0.18 353500
1748128593358 0.21 354000
1748128593813 -0.08 354500
1748128594271 0.13 355000
1748128594794 -0.04 355500
1748128595312 0.12 356000
1748128595770 0.04 356500
1748128596225 -0.41 357000
1748128596691 -0.33 357500
1748128597150 -0.17 358000
1748128597606 -0.34 358500
1748128598058 0.35 359000
1748128598518 -0.38 359500
1748128598989 0.38 360000
1748128599505 0.13 360500
1748128599965 0.03 361000
1748128600424 0.22 361500
1748128600885 0.23 362000
1748128601347 0.27 362500
1748128601807 0.15 363000
1748128602267 0.13 363500
1748128602723 0.22 364000
1748128603189 -0.15 364500
1748128603652 0.17 365000
1748128604114 -0.18 365500
1748128604571 0.13 366000
1748128605085 0.16 366500
1748128605550 0.1 367000
1748128606052 0.08 367500
1748128606524 -0.16 368000
1748128606985 -0.01 368500
1748128607476 -0.37 369000
1748128607963 0.08 369500
1748128608487 -0.22 370000
1748128608968 -0.03 370500
1748128609431 -0.06 371000
1748128609886 -0.15 371500
1748128610344 0.28 372000
1748128610803 0.04 372500
1748128611268 -0.13 373000
1748128611728 -0.23 373500
1748128612187 -0.35 374000
1748128612649 -0.12 374500
1748128613141 0.06 375000
1748128613668 0.29 375500
1748128614165 -0.14 376000
1748128614624 -0.03 376500
1748128615098 -0.15 377000
1748128615609 0.22 377500
1748128616071 -0.03 378000
1748128616531 -0.24 378500
1748128616986 0.34 379000
1748128617457 -0.07 379500
1748128617935 -0.01 380000
1748128618409 -0.3 380500
1748128618870 0.05 381000
1748128619379 0.08 381500
1748128619857 0.7 382000
1748128620321 0.4 382500
1748128620787 0.25 383000
1748128621247 -0.09 383500
1748128621703 0.12 384000
1748128622242 0.55 384500
1748128622804 0.36 385000
1748128623270 0.7 385500
1748128623797 -0.28 386000
1748128624274 -0.15 386500
1748128624746 0.12 387000
1748128625209 -0.41 387500
1748128625666 -0.32 388000
1748128626125 0.21 388500
1748128626588 0.12 389000
1748128627049 0.56 389500
1748128627513 0.18 390000
1748128627970 0.53 390500
1748128628420 0.26 391000
1748128628882 0.43 391500
1748128629352 -0.01 392000
1748128629834 0.09 392500
1748128630294 0.34 393000
1748128630807 0.35 393500
1748128631268 0.01 394000
1748128631758 -0.05 394500
1748128632217 -0.04 395000
1748128632681 -0.11 395500
1748128633137 0.17 396000
1748128633606 0.11 396500
1748128634071 -0.19 397000
1748128634532 0.19 397500
1748128634996 0.4 398000
1748128635459 0.27 398500
1748128635920 0.03 399000
1748128636380 -0.08 399500
1748128636840 0.31 400000
1748128637297 -0.03 400500
1748128637759 0.22 401000
1748128638212 0.05 401500
1748128638677 -0.07 402000
1748128639147 -0.36 402500
1748128639604 -0.08 403000
1748128640059 -0.24 403500
1748128640514 -0.49 404000
1748128641001 0.23 404500
1748128641463 -0.02 405000
1748128641926 0.01 405500
1748128642386 -0.12 406000
1748128642856 -0.06 406500
1748128643378 0.09 407000
1748128643835 -0.02 407500
1748128644298 0.35 408000
1748128644757 0.43 408500
1748128645236 -0.02 409000
1748128645697 0.18 409500
1748128646157 -0.17 410000
1748128646614 0.19 410500
1748128647075 -0.18 411000
1748128647537 -0.12 411500
1748128648001 0.28 412000
1748128648462 0.36 412500
1748128648928 -0.06 413000
1748128649451 -0.36 413500
1748128649908 0.03 414000
1748128650370 0.18 414500
1748128650831 0.22 415000
1748128651301 -0.41 415500
1748128651768 -0.03 416000
1748128652309 0.32 416500
1748128652821 0.5 417000
1748128653388 -0.17 417500
1748128653928 0.49 418000
1748128654400 -0.16 418500
1748128654861 0.18 419000
1748128655315 -0.27 419500
1748128655798 0.02 420000
1748128656289 -0.29 420500
1748128656751 -0.29 421000
1748128657268 -0.12 421500
1748128657819 -0.09 422000
1748128658336 0.36 422500
1748128658889 0.06 423000
1748128659427 0.07 423500
1748128659927 0.15 424000
1748128660435 0.38 424500
1748128660889 -0.13 425000
1748128661349 -0.04 425500
1748128661807 0.04 426000
1748128662283 0.29 426500
1748128662790 -0.09 427000
1748128663249 -0.17 427500
1748128663714 -0.33 428000
1748128664174 0.08 428500
1748128664630 -0.31 429000
1748128665089 -0.32 429500
1748128665543 -0.28 430000
1748128666004 -0.24 430500
1748128666461 -0.25 431000
1748128666920 0.23 431500
1748128667375 -0.01 432000
1748128667829 0.36 432500
1748128668291 -0.26 433000
1748128668759 -0.02 433500
1748128669226 0.22 434000
1748128669693 -0.12 434500
1748128670167 -0.57 435000
1748128670665 0.09 435500
1748128671135 -0.08 436000
1748128671597 0.22 436500
1748128672083 0.0 437000
1748128672547 -0.23 437500
1748128673012 0.01 438000
1748128673477 -0.22 438500
1748128673942 0.35 439000
1748128674458 -0.01 439500
1748128674933 -0.43 440000
1748128675408 0.27 440500
1748128675886 0.17 441000
1748128676362 -0.03 441500
1748128676837 0.22 442000
1748128677315 -0.16 442500
1748128677821 0.35 443000
1748128678299 -0.32 443500
1748128678770 0.46 444000
1748128679244 0.18 444500
1748128679720 -0.16 445000
1748128680199 0.39 445500
1748128680676 1.13 446000
1748128681196 -0.12 446500
1748128681668 0.03 447000
1748128682140 -0.03 447500
1748128682609 0.16 448000
1748128683086 -0.48 448500
1748128683564 0.19 449000
1748128684104 0.12 449500
1748128684584 -0.09 450000
1748128685089 0.33 450500
1748128685563 0.48 451000
1748128686032 -0.28 451500
1748128686492 -0.5 452000
