1748128258525 0.09140767824497258 500
1748128259000 0.18281535648994515 1000
1748128259462 0.2742230347349177 1500
1748128259926 0.3656307129798903 2000
1748128260384 0.4570383912248629 2500
1748128260843 0.5484460694698354 3000
1748128261365 0.6398537477148081 3500
1748128261852 0.7312614259597806 4000
1748128262346 0.8226691042047531 4500
1748128262822 0.9140767824497258 5000
1748128263293 1.0054844606946984 5500
1748128263779 1.0968921389396709 6000
1748128264363 1.1882998171846435 6500
1748128264833 1.2797074954296161 7000
1748128265308 1.3711151736745886 7500
1748128265781 1.4625228519195612 8000
1748128266718 1.6453382084095063 9000
1748128267202 1.736745886654479 9500
1748128267675 1.8281535648994516 10000
1748128268136 1.9195612431444242 10500
1748128268634 2.010968921389397 11000
1748128269107 2.1023765996343693 11500
1748128269574 2.1937842778793417 12000
1748128270104 2.2851919561243146 12500
1748128270626 2.376599634369287 13000
1748128271105 2.46800731261426 13500
1748128271579 2.5594149908592323 14000
1748128272036 2.6508226691042047 14500
1748128272522 2.742230347349177 15000
1748128272986 2.83363802559415 15500
1748128273483 2.9250457038391224 16000
1748128273970 3.0164533820840953 16500
1748128274442 3.1078610603290677 17000
1748128274937 3.19926873857404 17500
1748128275427 3.2906764168190126 18000
1748128275918 3.3820840950639854 18500
1748128276381 3.473491773308958 19000
1748128276837 3.5648994515539303 19500
1748128277303 3.656307129798903 20000
1748128277759 3.7477148080438756 20500
1748128278224 3.8391224862888484 21000
1748128278682 3.930530164533821 21500
1748128279139 4.021937842778794 22000
1748128279604 4.113345521023766 22500
1748128280056 4.204753199268739 23000
1748128280505 4.296160877513711 23500
1748128280957 4.387568555758683 24000
1748128281422 4.478976234003657 24500
1748128281878 4.570383912248629 25000
1748128282334 4.661791590493602 25500
1748128282784 4.753199268738574 26000
1748128283241 4.844606946983546 26500
1748128283694 4.93601462522852 27000
1748128284152 5.027422303473491 27500
1748128284616 5.118829981718465 28000
1748128285078 5.210237659963437 28500
1748128285527 5.301645338208409 29000
1748128285981 5.393053016453382 29500
1748128286434 5.484460694698354 30000
1748128286890 5.575868372943328 30500
1748128287340 5.6672760511883 31000
1748128287795 5.7586837294332724 31500
1748128288249 5.850091407678245 32000
1748128288707 5.941499085923217 32500
1748128289164 6.032906764168191 33000
1748128289615 6.124314442413162 33500
1748128290074 6.2157221206581355 34000
1748128290527 6.307129798903108 34500
1748128290993 6.39853747714808 35000
1748128291451 6.489945155393053 35500
1748128291905 6.581352833638025 36000
1748128292361 6.6727605118829985 36500
1748128292815 6.764168190127971 37000
1748128293296 6.855575868372943 37500
1748128293813 6.946983546617916 38000
1748128294330 7.038391224862889 38500
1748128294810 7.129798903107861 39000
1748128295273 7.221206581352833 39500
1748128295733 7.312614259597806 40000
1748128296194 7.40402193784278 40500
1748128296644 7.495429616087751 41000
1748128297098 7.586837294332724 41500
1748128297552 7.678244972577697 42000
1748128298038 7.769652650822668 42500
1748128298535 7.861060329067642 43000
1748128299003 7.952468007312614 43500
1748128299455 8.043875685557587 44000
1748128299907 8.135283363802559 44500
1748128300368 8.226691042047532 45000
1748128300825 8.318098720292506 45500
1748128301276 8.409506398537477 46000
1748128301730 8.500914076782449 46500
1748128302185 8.592321755027422 47000
1748128302638 8.683729433272395 47500
1748128303160 8.775137111517367 48000
1748128303665 8.86654478976234 48500
1748128304122 8.957952468007313 49000
1748128304586 9.049360146252285 49500
1748128305038 9.140767824497258 50000
1748128305493 9.23217550274223 50500
1748128306392 9.414990859232175 51500
1748128306847 9.506398537477148 52000
1748128307300 9.597806215722121 52500
1748128307763 9.689213893967093 53000
1748128308214 9.780621572212066 53500
1748128308665 9.87202925045704 54000
1748128309149 9.963436928702011 54500
1748128309609 10.054844606946983 55000
1748128310067 10.146252285191956 55500
1748128310521 10.23765996343693 56000
1748128310971 10.3290676416819 56500
1748128311506 10.420475319926874 57000
1748128312029 10.511882998171847 57500
1748128312498 10.603290676416819 58000
1748128312957 10.694698354661792 58500
1748128313409 10.786106032906764 59000
1748128313860 10.877513711151737 59500
1748128314363 10.968921389396709 60000
1748128314817 11.060329067641682 60500
1748128315266 11.151736745886655 61000
1748128315718 11.243144424131627 61500
1748128316172 11.3345521023766 62000
1748128316622 11.425959780621572 62500
1748128317084 11.517367458866545 63000
1748128317538 11.608775137111516 63500
1748128317984 11.70018281535649 64000
1748128318437 11.791590493601463 64500
1748128318893 11.882998171846435 65000
1748128319404 11.974405850091408 65500
1748128319905 12.065813528336381 66000
1748128320358 12.157221206581353 66500
1748128320815 12.248628884826324 67000
1748128321277 12.340036563071298 67500
1748128321732 12.431444241316271 68000
1748128322181 12.522851919561242 68500
1748128323080 12.705667276051189 69500
1748128323539 12.79707495429616 70000
1748128324000 12.888482632541134 70500
1748128324458 12.979890310786105 71000
1748128324915 13.071297989031077 71500
1748128325370 13.16270566727605 72000
1748128325830 13.254113345521024 72500
1748128326296 13.345521023765997 73000
1748128326750 13.43692870201097 73500
1748128327203 13.528336380255942 74000
1748128327661 13.619744058500913 74500
1748128328126 13.711151736745887 75000
1748128328584 13.802559414990858 75500
1748128329036 13.893967093235831 76000
1748128329492 13.985374771480805 76500
1748128329949 14.076782449725778 77000
1748128330407 14.168190127970751 77500
1748128330863 14.259597806215721 78000
1748128331333 14.351005484460694 78500
1748128331815 14.442413162705666 79000
1748128332313 14.53382084095064 79500
1748128332809 14.625228519195613 80000
1748128333294 14.716636197440586 80500
1748128333811 14.80804387568556 81000
1748128334300 14.899451553930529 81500
1748128334771 14.990859232175502 82000
1748128335232 15.082266910420476 82500
1748128335686 15.173674588665447 83000
1748128336176 15.26508226691042 83500
1748128336629 15.356489945155394 84000
1748128337089 15.447897623400367 84500
1748128337572 15.539305301645337 85000
1748128338064 15.63071297989031 85500
1748128338528 15.722120658135283 86000
1748128338983 15.813528336380255 86500
1748128339445 15.904936014625228 87000
1748128339903 15.996343692870202 87500
1748128340360 16.087751371115175 88000
1748128340825 16.179159049360145 88500
1748128341297 16.270566727605118 89000
1748128341761 16.36197440585009 89500
1748128342230 16.453382084095065 90000
1748128342682 16.544789762340038 90500
1748128343139 16.63619744058501 91000
1748128343597 16.727605118829985 91500
1748128344056 16.819012797074954 92000
1748128344514 16.910420475319928 92500
1748128344972 17.001828153564897 93000
1748128345452 17.09323583180987 93500
1748128345907 17.184643510054844 94000
1748128346367 17.276051188299817 94500
1748128346819 17.36745886654479 95000
1748128347272 17.45886654478976 95500
1748128347728 17.550274223034734 96000
1748128348181 17.641681901279707 96500
1748128348641 17.73308957952468 97000
1748128349099 17.824497257769654 97500
1748128349555 17.915904936014627 98000
1748128350007 18.0073126142596 98500
1748128350462 18.09872029250457 99000
1748128350921 18.190127970749543 99500
1748128351379 18.281535648994517 100000
1748128351834 18.37294332723949 100500
1748128352286 18.46435100548446 101000
1748128352783 18.555758683729433 101500
1748128353254 18.647166361974406 102000
1748128353714 18.738574040219376 102500
1748128354174 18.82998171846435 103000
1748128354710 18.921389396709323 103500
1748128355186 19.012797074954296 104000
1748128355646 19.10420475319927 104500
1748128356104 19.195612431444243 105000
1748128356558 19.287020109689216 105500
1748128357014 19.378427787934186 106000
1748128357469 19.46983546617916 106500
1748128357927 19.561243144424132 107000
1748128358414 19.652650822669106 107500
1748128358914 19.74405850091408 108000
1748128359386 19.83546617915905 108500
1748128359849 19.926873857404022 109000
1748128360366 20.018281535648992 109500
1748128360857 20.109689213893965 110000
1748128361386 20.20109689213894 110500
1748128361912 20.29250457038391 111000
1748128362380 20.383912248628885 111500
1748128362846 20.47531992687386 112000
1748128363347 20.56672760511883 112500
1748128363811 20.6581352833638 113000
1748128364273 20.749542961608775 113500
1748128364733 20.840950639853748 114000
1748128365193 20.93235831809872 114500
1748128365656 21.023765996343695 115000
1748128366117 21.115173674588668 115500
1748128366575 21.206581352833638 116000
1748128367028 21.29798903107861 116500
1748128367495 21.389396709323584 117000
1748128367998 21.480804387568554 117500
1748128368460 21.572212065813527 118000
1748128368919 21.6636197440585 118500
1748128369373 21.755027422303474 119000
1748128369840 21.846435100548444 119500
1748128370294 21.937842778793417 120000
1748128370745 22.02925045703839 120500
1748128371203 22.120658135283364 121000
1748128371662 22.212065813528337 121500
1748128372122 22.30347349177331 122000
1748128372577 22.394881170018284 122500
1748128373031 22.486288848263253 123000
1748128373489 22.577696526508227 123500
1748128373949 22.6691042047532 124000
1748128374407 22.760511882998173 124500
1748128374861 22.851919561243143 125000
1748128375320 22.943327239488116 125500
1748128375775 23.03473491773309 126000
1748128376227 23.12614259597806 126500
1748128376687 23.217550274223033 127000
1748128377145 23.308957952468006 127500
1748128377602 23.40036563071298 128000
1748128378057 23.491773308957953 128500
1748128378524 23.583180987202926 129000
1748128379002 23.6745886654479 129500
1748128379462 23.76599634369287 130000
1748128379915 23.857404021937842 130500
1748128380371 23.948811700182816 131000
1748128380824 24.04021937842779 131500
1748128381283 24.131627056672762 132000
1748128381751 24.223034734917732 132500
1748128382213 24.314442413162705 133000
1748128382677 24.40585009140768 133500
1748128383149 24.49725776965265 134000
1748128383613 24.588665447897622 134500
1748128384110 24.680073126142595 135000
1748128384755 24.77148080438757 135500
1748128385260 24.862888482632542 136000
1748128385749 24.954296160877515 136500
1748128386263 25.045703839122485 137000
1748128386842 25.13711151736746 137500
1748128387346 25.22851919561243 138000
1748128387850 25.3199268738574 138500
1748128388338 25.411334552102378 139000
1748128388821 25.502742230347348 139500
1748128389301 25.59414990859232 140000
1748128389799 25.685557586837295 140500
1748128390355 25.776965265082268 141000
1748128390851 25.868372943327238 141500
1748128391359 25.95978062157221 142000
1748128391924 26.051188299817184 142500
1748128392437 26.142595978062154 143000
1748128392930 26.23400365630713 143500
1748128393403 26.3254113345521 144000
1748128393929 26.416819012797077 144500
1748128394456 26.508226691042047 145000
1748128394953 26.599634369287017 145500
1748128395449 26.691042047531994 146000
1748128395945 26.782449725776964 146500
1748128396416 26.87385740402194 147000
1748128396878 26.96526508226691 147500
1748128397364 27.056672760511884 148000
1748128397875 27.148080438756857 148500
1748128398344 27.239488117001827 149000
1748128398810 27.3308957952468 149500
1748128399270 27.422303473491773 150000
1748128399790 27.513711151736747 150500
1748128400290 27.605118829981716 151000
1748128400748 27.696526508226693 151500
1748128401205 27.787934186471663 152000
1748128401665 27.879341864716633 152500
1748128402137 27.97074954296161 153000
1748128402634 28.06215722120658 153500
1748128403127 28.153564899451556 154000
1748128403615 28.244972577696526 154500
1748128404094 28.336380255941503 155000
1748128404647 28.427787934186473 155500
1748128405207 28.519195612431442 156000
1748128405733 28.610603290676416 156500
1748128406251 28.70201096892139 157000
1748128406741 28.793418647166362 157500
1748128407202 28.884826325411332 158000
1748128407662 28.97623400365631 158500
1748128408119 29.06764168190128 159000
1748128408642 29.15904936014625 159500
1748128409169 29.250457038391225 160000
1748128409649 29.341864716636195 160500
1748128410118 29.433272394881172 161000
1748128410575 29.52468007312614 161500
1748128411050 29.61608775137112 162000
1748128411532 29.70749542961609 162500
1748128411995 29.798903107861058 163000
1748128412452 29.890310786106035 163500
1748128412919 29.981718464351005 164000
1748128413385 30.073126142595978 164500
1748128413870 30.16453382084095 165000
1748128414341 30.255941499085925 165500
1748128414861 30.347349177330894 166000
1748128415346 30.438756855575868 166500
1748128415837 30.53016453382084 167000
1748128416326 30.62157221206581 167500
1748128416868 30.712979890310788 168000
1748128417357 30.804387568555757 168500
1748128417949 30.895795246800734 169000
1748128418417 30.987202925045704 169500
1748128418938 31.078610603290674 170000
1748128419468 31.17001828153565 170500
1748128419945 31.26142595978062 171000
1748128420407 31.352833638025597 171500
1748128420870 31.444241316270567 172000
1748128421329 31.53564899451554 172500
1748128421824 31.62705667276051 173000
1748128422298 31.718464351005483 173500
1748128422805 31.809872029250457 174000
1748128423279 31.901279707495426 174500
1748128423806 31.992687385740403 175000
1748128424272 32.08409506398537 175500
1748128424740 32.17550274223035 176000
1748128425199 32.26691042047532 176500
1748128425652 32.35831809872029 177000
1748128426115 32.449725776965266 177500
1748128426569 32.541133455210236 178000
1748128427028 32.63254113345521 178500
1748128427489 32.72394881170018 179000
1748128427959 32.81535648994516 179500
1748128428420 32.90676416819013 180000
1748128428879 32.9981718464351 180500
1748128429345 33.089579524680076 181000
1748128429815 33.180987202925046 181500
1748128430274 33.27239488117002 182000
1748128430732 33.36380255941499 182500
1748128431198 33.45521023765997 183000
1748128431695 33.54661791590494 183500
1748128432172 33.63802559414991 184000
1748128432633 33.729433272394886 184500
1748128433103 33.820840950639855 185000
1748128433582 33.912248628884825 185500
1748128434057 34.003656307129795 186000
1748128434526 34.09506398537477 186500
1748128434987 34.18647166361974 187000
1748128435446 34.27787934186471 187500
1748128435911 34.36928702010969 188000
1748128436378 34.46069469835466 188500
1748128436849 34.552102376599635 189000
1748128437778 34.73491773308958 190000
1748128438355 34.82632541133455 190500
1748128438878 34.91773308957952 191000
1748128439365 35.0091407678245 191500
1748128439862 35.10054844606947 192000
1748128440337 35.191956124314444 192500
1748128440854 35.283363802559414 193000
1748128441330 35.37477148080439 193500
1748128441796 35.46617915904936 194000
1748128442253 35.55758683729433 194500
1748128442719 35.64899451553931 195000
1748128443176 35.74040219378428 195500
1748128443638 35.831809872029254 196000
1748128444101 35.923217550274224 196500
1748128444559 36.0146252285192 197000
1748128445013 36.10603290676417 197500
1748128445470 36.19744058500914 198000
1748128445930 36.28884826325412 198500
1748128446434 36.38025594149909 199000
1748128446893 36.471663619744064 199500
1748128447355 36.56307129798903 200000
1748128447814 36.654478976234 200500
1748128448306 36.74588665447898 201000
1748128448782 36.83729433272395 201500
1748128449287 36.92870201096892 202000
1748128449877 37.02010968921389 202500
1748128450380 37.111517367458866 203000
1748128450886 37.202925045703836 203500
1748128451388 37.29433272394881 204000
1748128451850 37.38574040219378 204500
1748128452321 37.47714808043875 205000
1748128452792 37.56855575868373 205500
1748128453259 37.6599634369287 206000
1748128453720 37.751371115173676 206500
1748128454182 37.842778793418645 207000
1748128454654 37.93418647166362 207500
1748128455171 38.02559414990859 208000
1748128455636 38.11700182815356 208500
1748128456098 38.20840950639854 209000
1748128456556 38.29981718464351 209500
1748128457019 38.391224862888485 210000
1748128457471 38.482632541133455 210500
1748128457936 38.57404021937843 211000
1748128458415 38.6654478976234 211500
1748128458885 38.75685557586837 212000
1748128459405 38.84826325411335 212500
1748128459902 38.93967093235832 213000
1748128460380 39.031078610603295 213500
1748128460852 39.122486288848265 214000
1748128461380 39.21389396709324 214500
1748128461852 39.30530164533821 215000
1748128462355 39.39670932358318 215500
1748128462836 39.48811700182816 216000
1748128463323 39.57952468007313 216500
1748128463814 39.6709323583181 217000
1748128464337 39.762340036563074 217500
1748128464827 39.853747714808044 218000
1748128465315 39.945155393053014 218500
1748128465803 40.036563071297984 219000
1748128466285 40.12797074954296 219500
1748128466757 40.21937842778793 220000
1748128467231 40.31078610603291 220500
1748128467715 40.40219378427788 221000
1748128468191 40.493601462522854 221500
1748128468677 40.58500914076782 222000
1748128469165 40.67641681901279 222500
1748128469727 40.76782449725777 223000
1748128470266 40.85923217550274 223500
1748128470744 40.95063985374772 224000
1748128471210 41.04204753199269 224500
1748128471693 41.13345521023766 225000
1748128472173 41.22486288848263 225500
1748128472652 41.3162705667276 226000
1748128473121 41.40767824497258 226500
1748128473598 41.49908592321755 227000
1748128474082 41.590493601462526 227500
1748128474567 41.681901279707496 228000
1748128475048 41.773308957952466 228500
1748128475522 41.86471663619744 229000
1748128476040 41.95612431444241 229500
1748128476520 42.04753199268739 230000
1748128476995 42.13893967093236 230500
1748128477479 42.230347349177336 231000
1748128477947 42.321755027422306 231500
1748128478427 42.413162705667276 232000
1748128478913 42.50457038391225 232500
1748128479388 42.59597806215722 233000
1748128479862 42.68738574040219 233500
1748128480336 42.77879341864717 234000
1748128480815 42.87020109689214 234500
1748128481303 42.96160877513711 235000
1748128481788 43.05301645338208 235500
1748128482296 43.144424131627055 236000
1748128482774 43.235831809872025 236500
1748128483252 43.327239488117 237000
1748128483735 43.41864716636197 237500
1748128484217 43.51005484460695 238000
1748128485160 43.69287020109689 239000
1748128485688 43.784277879341865 239500
1748128486169 43.875685557586834 240000
1748128486644 43.96709323583181 240500
1748128487115 44.05850091407678 241000
1748128487601 44.14990859232176 241500
1748128488079 44.24131627056673 242000
1748128488541 44.3327239488117 242500
1748128489005 44.424131627056674 243000
1748128489459 44.515539305301644 243500
1748128489920 44.60694698354662 244000
1748128490382 44.69835466179159 244500
1748128490848 44.78976234003657 245000
1748128491313 44.88117001828154 245500
1748128491771 44.97257769652651 246000
1748128492241 45.063985374771484 246500
1748128492709 45.155393053016454 247000
1748128493227 45.24680073126143 247500
1748128493689 45.3382084095064 248000
1748128494146 45.42961608775137 248500
1748128494602 45.52102376599635 249000
1748128495074 45.61243144424132 249500
1748128495531 45.703839122486286 250000
1748128495990 45.79524680073126 250500
1748128496442 45.88665447897623 251000
1748128496908 45.9780621572212 251500
1748128497365 46.06946983546618 252000
1748128497824 46.16087751371115 252500
1748128498314 46.25228519195612 253000
1748128498780 46.343692870201096 253500
1748128499235 46.435100548446066 254000
1748128499710 46.52650822669104 254500
1748128500186 46.61791590493601 255000
1748128500660 46.70932358318099 255500
1748128501168 46.80073126142596 256000
1748128501625 46.89213893967093 256500
1748128502092 46.983546617915906 257000
1748128502561 47.074954296160875 257500
1748128503090 47.16636197440585 258000
1748128503567 47.25776965265082 258500
1748128504025 47.3491773308958 259000
1748128504492 47.44058500914077 259500
1748128504952 47.53199268738574 260000
1748128505411 47.623400365630715 260500
1748128505881 47.714808043875685 261000
1748128506356 47.80621572212066 261500
1748128506900 47.89762340036563 262000
1748128507356 47.98903107861061 262500
1748128507812 48.08043875685558 263000
1748128508288 48.17184643510055 263500
1748128508771 48.263254113345525 264000
1748128509232 48.354661791590495 264500
1748128509732 48.446069469835464 265000
1748128510234 48.53747714808044 265500
1748128510711 48.62888482632541 266000
1748128511192 48.72029250457038 266500
1748128511720 48.81170018281536 267000
1748128512180 48.90310786106033 267500
1748128512640 48.9945155393053 268000
1748128513094 49.085923217550274 268500
1748128513559 49.177330895795244 269000
1748128514026 49.26873857404022 269500
1748128514517 49.36014625228519 270000
1748128514978 49.45155393053016 270500
1748128515439 49.54296160877514 271000
1748128515919 49.63436928702011 271500
1748128516386 49.725776965265084 272000
1748128516862 49.81718464351005 272500
1748128517331 49.90859232175503 273000
1748128517788 50.0 273500
1748128518299 50.09140767824497 274000
1748128518769 50.18281535648994 274500
1748128519222 50.27422303473492 275000
1748128519688 50.36563071297989 275500
1748128520166 50.45703839122486 276000
1748128520630 50.54844606946983 276500
1748128521098 50.6398537477148 277000
1748128521578 50.73126142595979 277500
1748128522064 50.822669104204756 278000
1748128522533 50.914076782449726 278500
1748128522994 51.005484460694696 279000
1748128523480 51.09689213893967 279500
1748128523956 51.18829981718464 280000
1748128524413 51.27970749542962 280500
1748128524873 51.37111517367459 281000
1748128525332 51.46252285191956 281500
1748128525830 51.553930530164536 282000
1748128526291 51.645338208409505 282500
1748128526746 51.736745886654475 283000
1748128527205 51.82815356489945 283500
1748128527665 51.91956124314442 284000
1748128528153 52.0109689213894 284500
1748128528670 52.10237659963437 285000
1748128529124 52.19378427787934 285500
1748128529583 52.28519195612431 286000
1748128530042 52.37659963436929 286500
1748128530507 52.46800731261426 287000
1748128530968 52.55941499085923 287500
1748128531429 52.6508226691042 288000
1748128531885 52.74223034734917 288500
1748128532348 52.833638025594155 289000
1748128532817 52.925045703839125 289500
1748128533274 53.016453382084094 290000
1748128533736 53.107861060329064 290500
1748128534198 53.199268738574034 291000
1748128534660 53.29067641681902 291500
1748128535119 53.38208409506399 292000
1748128535572 53.47349177330896 292500
1748128536036 53.56489945155393 293000
1748128536492 53.65630712979891 293500
1748128537021 53.74771480804388 294000
1748128537489 53.83912248628885 294500
1748128537943 53.93053016453382 295000
1748128538415 54.02193784277879 295500
1748128538907 54.11334552102377 296000
1748128539372 54.20475319926874 296500
1748128539828 54.296160877513714 297000
1748128540281 54.38756855575868 297500
1748128540743 54.47897623400365 298000
1748128541201 54.57038391224863 298500
1748128541665 54.6617915904936 299000
1748128542121 54.75319926873857 299500
1748128542574 54.844606946983546 300000
1748128543087 54.93601462522852 300500
1748128543546 55.02742230347349 301000
1748128544032 55.11882998171846 301500
1748128544488 55.21023765996343 302000
1748128544945 55.3016453382084 302500
1748128545398 55.393053016453386 303000
1748128545854 55.484460694698356 303500
1748128546317 55.575868372943326 304000
1748128546781 55.667276051188296 304500
1748128547234 55.758683729433265 305000
1748128547687 55.85009140767825 305500
1748128548139 55.94149908592322 306000
1748128548598 56.03290676416819 306500
1748128549059 56.12431444241316 307000
1748128549548 56.21572212065814 307500
1748128550072 56.30712979890311 308000
1748128551022 56.48994515539305 309000
1748128551497 56.58135283363802 309500
1748128552037 56.672760511883006 310000
1748128552498 56.764168190127975 310500
1748128552957 56.855575868372945 311000
1748128553435 56.946983546617915 311500
1748128553964 57.038391224862885 312000
1748128554427 57.12979890310786 312500
1748128554896 57.22120658135283 313000
1748128555363 57.31261425959781 313500
1748128555823 57.40402193784278 314000
1748128556278 57.495429616087755 314500
1748128556735 57.586837294332724 315000
1748128557195 57.678244972577694 315500
1748128557652 57.769652650822664 316000
1748128558111 57.86106032906764 316500
1748128558574 57.95246800731262 317000
1748128559030 58.04387568555759 317500
1748128559484 58.13528336380256 318000
1748128559942 58.22669104204753 318500
1748128560394 58.3180987202925 319000
1748128560855 58.40950639853748 319500
1748128561325 58.50091407678245 320000
1748128561786 58.59232175502742 320500
1748128562250 58.68372943327239 321000
1748128562713 58.775137111517374 321500
1748128563198 58.866544789762344 322000
1748128563656 58.95795246800731 322500
1748128564117 59.04936014625228 323000
1748128564575 59.14076782449725 323500
1748128565039 59.23217550274224 324000
1748128565593 59.32358318098721 324500
1748128566047 59.41499085923218 325000
1748128566536 59.506398537477146 325500
1748128567002 59.597806215722116 326000
1748128567511 59.6892138939671 326500
1748128567970 59.78062157221207 327000
1748128568441 59.87202925045704 327500
1748128568969 59.96343692870201 328000
1748128569483 60.054844606946986 328500
1748128569966 60.146252285191956 329000
1748128570439 60.237659963436926 329500
1748128570907 60.3290676416819 330000
1748128571369 60.42047531992687 330500
1748128571837 60.51188299817185 331000
1748128572295 60.60329067641682 331500
1748128572758 60.69469835466179 332000
1748128573215 60.78610603290676 332500
1748128573685 60.877513711151735 333000
1748128574160 60.96892138939671 333500
1748128574616 61.06032906764168 334000
1748128575068 61.15173674588665 334500
1748128575536 61.24314442413162 335000
1748128576076 61.334552102376605 335500
1748128576552 61.425959780621575 336000
1748128577057 61.517367458866545 336500
1748128577519 61.608775137111515 337000
1748128577984 61.700182815356484 337500
1748128578458 61.79159049360147 338000
1748128578928 61.88299817184644 338500
1748128579423 61.97440585009141 339000
1748128579892 62.06581352833638 339500
1748128580360 62.15722120658135 340000
1748128580834 62.24862888482633 340500
1748128581304 62.3400365630713 341000
1748128581767 62.43144424131627 341500
1748128582243 62.52285191956124 342000
1748128582711 62.614259597806225 342500
1748128583181 62.705667276051194 343000
1748128583652 62.797074954296164 343500
1748128584117 62.888482632541134 344000
1748128584569 62.979890310786104 344500
1748128585034 63.07129798903108 345000
1748128585496 63.16270566727605 345500
1748128585961 63.25411334552102 346000
1748128586493 63.345521023766 346500
1748128586951 63.43692870201097 347000
1748128587413 63.52833638025594 347500
1748128587867 63.61974405850091 348000
1748128588326 63.71115173674588 348500
1748128588784 63.80255941499085 349000
1748128589240 63.89396709323584 349500
1748128589696 63.98537477148081 350000
1748128590155 64.07678244972578 350500
1748128590614 64.16819012797075 351000
1748128591074 64.25959780621572 351500
1748128591526 64.3510054844607 352000
1748128591979 64.44241316270566 352500
1748128592438 64.53382084095064 353000
1748128592899 64.62522851919562 353500
1748128593361 64.71663619744058 354000
1748128593816 64.80804387568556 354500
1748128594273 64.89945155393053 355000
1748128594797 64.9908592321755 355500
1748128595315 65.08226691042047 356000
1748128595773 65.17367458866545 356500
1748128596227 65.26508226691043 357000
1748128596694 65.35648994515539 357500
1748128597153 65.44789762340037 358000
1748128597609 65.53930530164533 358500
1748128598061 65.63071297989032 359000
1748128598520 65.72212065813528 359500
1748128598991 65.81352833638026 360000
1748128599508 65.90493601462522 360500
1748128599968 65.9963436928702 361000
1748128600426 66.08775137111517 361500
1748128600888 66.17915904936015 362000
1748128601350 66.27056672760511 362500
1748128601810 66.36197440585009 363000
1748128602270 66.45338208409507 363500
1748128602726 66.54478976234005 364000
1748128603192 66.63619744058501 364500
1748128603655 66.72760511882998 365000
1748128604117 66.81901279707495 365500
1748128604573 66.91042047531994 366000
1748128605088 67.0018281535649 366500
1748128605553 67.09323583180988 367000
1748128606055 67.18464351005484 367500
1748128606527 67.27605118829982 368000
1748128606988 67.3674588665448 368500
1748128607479 67.45886654478977 369000
1748128607966 67.55027422303473 369500
1748128608491 67.64168190127971 370000
1748128608970 67.73308957952467 370500
1748128609433 67.82449725776965 371000
1748128609889 67.91590493601463 371500
1748128610347 68.00731261425959 372000
1748128610806 68.09872029250457 372500
1748128611271 68.19012797074954 373000
1748128611731 68.28153564899452 373500
1748128612189 68.37294332723948 374000
1748128612651 68.46435100548446 374500
1748128613144 68.55575868372942 375000
1748128613672 68.64716636197441 375500
1748128614167 68.73857404021938 376000
1748128614627 68.82998171846435 376500
1748128615100 68.92138939670932 377000
1748128615612 69.01279707495429 377500
1748128616074 69.10420475319927 378000
1748128616534 69.19561243144425 378500
1748128616989 69.28702010968921 379000
1748128617460 69.37842778793419 379500
1748128617938 69.46983546617916 380000
1748128618412 69.56124314442414 380500
1748128618874 69.6526508226691 381000
1748128619383 69.74405850091408 381500
1748128619859 69.83546617915904 382000
1748128620324 69.92687385740403 382500
1748128620789 70.018281535649 383000
1748128621250 70.10968921389397 383500
1748128621706 70.20109689213893 384000
1748128622245 70.29250457038391 384500
1748128622807 70.38391224862889 385000
1748128623272 70.47531992687385 385500
1748128623800 70.56672760511883 386000
1748128624277 70.6581352833638 386500
1748128624749 70.74954296160878 387000
1748128625212 70.84095063985374 387500
1748128625668 70.93235831809872 388000
1748128626129 71.02376599634368 388500
1748128626590 71.11517367458866 389000
1748128627051 71.20658135283364 389500
1748128627516 71.29798903107861 390000
1748128627973 71.38939670932358 390500
1748128628423 71.48080438756855 391000
1748128628886 71.57221206581352 391500
1748128629355 71.66361974405851 392000
1748128629837 71.75502742230347 392500
1748128630297 71.84643510054845 393000
1748128630810 71.93784277879341 393500
1748128631271 72.0292504570384 394000
1748128631761 72.12065813528336 394500
1748128632220 72.21206581352834 395000
1748128632684 72.3034734917733 395500
1748128633140 72.39488117001828 396000
1748128633609 72.48628884826326 396500
1748128634074 72.57769652650823 397000
1748128634535 72.6691042047532 397500
1748128634999 72.76051188299817 398000
1748128635462 72.85191956124314 398500
1748128635923 72.94332723948813 399000
1748128636383 73.03473491773309 399500
1748128636843 73.12614259597807 400000
1748128637300 73.21755027422303 400500
1748128637762 73.308957952468 401000
1748128638215 73.40036563071298 401500
1748128638680 73.49177330895796 402000
1748128639150 73.58318098720292 402500
1748128639607 73.6745886654479 403000
1748128640062 73.76599634369288 403500
1748128640517 73.85740402193784 404000
1748128641005 73.94881170018282 404500
1748128641466 74.04021937842778 405000
1748128641928 74.13162705667276 405500
1748128642389 74.22303473491773 406000
1748128642859 74.31444241316271 406500
1748128643381 74.40585009140767 407000
1748128643838 74.49725776965265 407500
1748128644301 74.58866544789763 408000
1748128644760 74.6800731261426 408500
1748128645238 74.77148080438756 409000
1748128645700 74.86288848263254 409500
1748128646160 74.9542961608775 410000
1748128646617 75.0457038391225 410500
1748128647078 75.13711151736746 411000
1748128647540 75.22851919561244 411500
1748128648004 75.3199268738574 412000
1748128648464 75.41133455210237 412500
1748128648931 75.50274223034735 413000
1748128649453 75.59414990859233 413500
1748128649911 75.68555758683729 414000
1748128650373 75.77696526508227 414500
1748128650833 75.86837294332724 415000
1748128651305 75.95978062157222 415500
1748128651770 76.05118829981718 416000
1748128652312 76.14259597806216 416500
1748128652824 76.23400365630712 417000
1748128653391 76.3254113345521 417500
1748128653932 76.41681901279708 418000
1748128654403 76.50822669104204 418500
1748128654863 76.59963436928702 419000
1748128655317 76.691042047532 419500
1748128655800 76.78244972577697 420000
1748128656292 76.87385740402193 420500
1748128656754 76.96526508226691 421000
1748128657271 77.05667276051187 421500
1748128657822 77.14808043875686 422000
1748128658339 77.23948811700183 422500
1748128658893 77.3308957952468 423000
1748128659431 77.42230347349177 423500
1748128659931 77.51371115173674 424000
1748128660438 77.60511882998172 424500
1748128660892 77.6965265082267 425000
1748128661352 77.78793418647166 425500
1748128661810 77.87934186471664 426000
1748128662286 77.9707495429616 426500
1748128662793 78.06215722120659 427000
1748128663252 78.15356489945155 427500
1748128663716 78.24497257769653 428000
1748128664176 78.33638025594149 428500
1748128664633 78.42778793418648 429000
1748128665092 78.51919561243145 429500
1748128665546 78.61060329067642 430000
1748128666007 78.70201096892139 430500
1748128666463 78.79341864716636 431000
1748128666922 78.88482632541134 431500
1748128667378 78.97623400365632 432000
1748128667832 79.06764168190128 432500
1748128668293 79.15904936014626 433000
1748128668762 79.25045703839122 433500
1748128669229 79.3418647166362 434000
1748128669696 79.43327239488117 434500
1748128670170 79.52468007312615 435000
1748128670668 79.61608775137111 435500
1748128671137 79.70749542961609 436000
1748128671600 79.79890310786107 436500
1748128672550 79.981718464351 437500
1748128673015 80.07312614259597 438000
1748128673479 80.16453382084096 438500
1748128673945 80.25594149908592 439000
1748128674461 80.3473491773309 439500
1748128674936 80.43875685557586 440000
1748128675411 80.53016453382084 440500
1748128675889 80.62157221206581 441000
1748128676364 80.71297989031079 441500
1748128676840 80.80438756855575 442000
1748128677318 80.89579524680073 442500
1748128677824 80.98720292504571 443000
1748128678301 81.07861060329068 443500
1748128678772 81.17001828153565 444000
1748128679246 81.26142595978062 444500
1748128679723 81.35283363802559 445000
1748128680201 81.44424131627058 445500
1748128680679 81.53564899451554 446000
1748128681199 81.62705667276052 446500
1748128681671 81.71846435100548 447000
1748128682142 81.80987202925046 447500
1748128682613 81.90127970749543 448000
1748128683089 81.99268738574041 448500
1748128683567 82.08409506398537 449000
1748128684107 82.17550274223035 449500
1748128684587 82.26691042047533 450000
1748128685091 82.35831809872029 450500
1748128685565 82.44972577696527 451000
1748128686035 82.54113345521023 451500
1748128686495 82.6325411334552 452000
