1748149861233 106506.34 5000
1748149863415 107535.95 10000
1748149865627 107378.39333333333 15000
1748149868045 111963.405 20000
1748149870390 112289.83200000001 25000
1748149872784 114963.27 30000
1748149875085 117155.49714285714 35000
1748149877385 116615.545 40000
1748149879620 116277.14666666667 45000
1748149881913 116693.188 50000
1748149884131 115835.6109090909 55000
1748149886291 115707.98666666665 60000
1748149888475 117140.99384615384 65000
1748149890742 117001.30142857143 70000
1748149892969 117361.56266666666 75000
1748149895293 116986.43875 80000
1748149897618 116871.94705882354 85000
1748149899918 116185.74666666667 90000
1748149902235 117132.04210526317 95000
1748149904663 117762.19500000002 100000
1748149906984 118042.64476190478 105000
1748149909288 118393.64636363639 110000
1748149911669 118527.61217391306 115000
1748149913975 118603.00083333334 120000
1748149916218 118544.96960000001 125000
1748149918404 118037.90692307692 130000
1748149920591 117922.55851851852 135000
1748149922792 118195.975 140000
1748149924953 118143.4027586207 145000
1748149927209 118131.84533333335 150000
1748149929391 117917.72580645162 155000
1748149931560 118157.375 160000
1748149933769 118214.12909090909 165000
1748149935933 118097.94117647059 170000
1748149938254 118128.788 175000
1748149940419 118227.57277777778 180000
1748149942638 118124.11243243243 185000
1748149944830 117992.08368421052 190000
1748149947011 117896.30615384613 195000
1748149949405 118092.651 200000
1748149951688 118156.74585365853 205000
1748149953930 118002.94523809524 210000
1748149956122 117121.74930232558 215000
1748149958279 116496.81363636363 220000
1748149960502 116690.69422222223 225000
1748149962682 116227.79 230000
1748149964859 116177.23191489361 235000
1748149967028 115952.65250000001 240000
1748149969275 116117.54530612247 245000
1748149971465 115997.9256 250000
1748149973730 115932.02901960786 255000
1748149975987 116150.32115384616 260000
1748149978181 116237.12113207547 265000
1748149980369 116131.77148148148 270000
1748149982538 116359.98181818181 275000
1748149984701 116549.1767857143 280000
1748149986915 116749.36280701756 285000
1748149989106 117095.65965517242 290000
1748149991278 117178.05016949154 295000
1748149993468 117409.06800000001 300000
1748149995660 117640.53442622951 305000
1748149997912 117833.26677419356 310000
1748150000085 117872.81936507938 315000
1748150002286 118060.6053125 320000
1748150004462 118149.20276923077 325000
1748150006760 118208.32030303031 330000
1748150009143 118489.59402985076 335000
1748150011495 118780.3 340000
1748150013837 118883.04000000001 345000
1748150016221 118415.96485714287 350000
1748150018420 118459.3653521127 355000
1748150020665 118460.72916666667 360000
1748150022833 118365.43616438356 365000
1748150025092 118317.64837837839 370000
1748150027296 118163.64400000001 375000
1748150029487 118243.89315789475 380000
1748150031775 118280.50857142857 385000
1748150034090 118277.07384615384 390000
1748150036265 118468.16151898734 395000
1748150038474 118369.82225000001 400000
1748150040802 118455.21851851854 405000
1748150043009 118540.10560975612 410000
1748150045180 118540.48048192775 415000
1748150047358 118664.64928571432 420000
1748150049541 118610.7621176471 425000
1748150051723 118477.46255813957 430000
1748150053993 118347.25471264373 435000
1748150056175 118571.825 440000
1748150058378 118517.67213483146 445000
1748150060555 118521.634 450000
1748150062865 118597.09010989012 455000
1748150065211 118684.98043478261 460000
1748150067406 118712.10494623658 465000
1748150069621 118690.74744680853 470000
1748150072056 118481.21242105265 475000
1748150074465 118430.19937500001 480000
1748150076849 118556.25010309278 485000
1748150079227 118549.81734693877 490000
1748150081550 118470.09717171716 495000
1748150083973 118337.0192 500000
1748150086287 118307.92158415842 505000
1748150088534 118299.01156862745 510000
1748150090801 118394.48116504855 515000
1748150092999 118312.72384615384 520000
1748150095168 118268.0438095238 525000
1748150097343 118308.60264150942 530000
1748150099538 118236.77158878504 535000
1748150101771 118428.68148148146 540000
1748150103934 118317.8805504587 545000
1748150106156 118237.14399999999 550000
1748150108478 118149.65117117115 555000
1748150110857 118234.73642857143 560000
1748150113242 118185.66477876107 565000
1748150115555 118158.20000000001 570000
1748150117857 118185.78452173913 575000
1748150120136 118172.8251724138 580000
1748150122314 118220.94 585000
1748150124503 118162.79542372882 590000
1748150126681 118152.71915966389 595000
1748150128833 118171.51566666666 600000
1748150131231 118118.3388429752 605000
1748150133410 118162.86819672129 610000
1748150135580 118226.6208130081 615000
1748150137957 118330.129516129 620000
1748150140246 118433.70639999998 625000
1748150142553 118416.5849206349 630000
1748150144855 118316.18897637793 635000
1748150147146 118403.68109375 640000
1748150149301 118320.36294573643 645000
1748150151462 118216.32892307693 650000
1748150153620 118099.47038167939 655000
1748150155804 118133.88181818184 660000
1748150157959 118188.94330827068 665000
1748150160166 118110.16328358211 670000
1748150162302 117937.35303703706 675000
1748150164507 117865.36617647059 680000
1748150166822 117893.21576642337 685000
1748150169151 117855.40000000001 690000
1748150171309 117890.02287769785 695000
1748150173474 117908.48271428572 700000
1748150175664 117811.89730496454 705000
1748150177891 117860.42070422537 710000
1748150180077 117685.25440559443 715000
1748150182261 117679.35652777778 720000
1748150184410 117721.64813793104 725000
1748150186549 117821.83589041095 730000
1748150188710 117814.8793197279 735000
1748150190884 117908.21729729732 740000
1748150193118 117906.73583892618 745000
1748150195257 117848.03453333332 750000
1748150197419 117767.96715231787 755000
1748150199627 117748.59605263159 760000
1748150201846 117731.84967320261 765000
1748150204003 117769.2377922078 770000
1748150206180 117736.15303225805 775000
1748150208352 117770.1614102564 780000
1748150210556 117814.54560509557 785000
1748150212712 117874.79835443039 790000
1748150214893 117857.06754716982 795000
1748150217035 117811.53162500002 800000
1748150219337 117790.27540372673 805000
1748150221533 117841.8702469136 810000
1748150223725 117813.17361963193 815000
1748150226002 117762.7342682927 820000
1748150228211 117714.42387878789 825000
1748150230525 117722.4403614458 830000
1748150232685 117801.67904191618 835000
1748150234918 117815.7788095238 840000
1748150237117 117849.49621301774 845000
1748150239289 117768.32976470588 850000
1748150241460 117758.61169590642 855000
1748150243637 117790.06825581394 860000
1748150245798 117772.82173410403 865000
1748150247976 117890.2196551724 870000
1748150250142 117899.34285714285 875000
1748150252391 117819.97625 880000
1748150254553 117822.44192090395 885000
1748150256787 117827.66573033707 890000
1748150259126 117868.63787709497 895000
1748150261478 117819.57344444444 900000
1748150263769 117912.84530386738 905000
1748150266107 117904.73274725272 910000
1748150268413 117753.73748633877 915000
1748150270729 117703.87706521738 920000
1748150272961 117732.59016216216 925000
1748150275140 117725.06849462367 930000
1748150277303 117621.0479144385 935000
1748150279600 117567.10553191492 940000
1748150281873 117598.24391534392 945000
1748150284182 117577.58284210527 950000
1748150286358 117544.39298429321 955000
1748150288602 117483.59114583333 960000
1748150290800 117537.13274611397 965000
1748150293028 117589.27701030928 970000
1748150295201 117587.72389743588 975000
1748150297363 117494.80051020408 980000
1748150299523 117518.95329949236 985000
1748150301687 117462.96797979796 990000
1748150303954 117449.59185929647 995000
1748150306143 117462.22210000001 1000000
1748150308414 117501.88308457712 1005000
1748150310694 117530.9494059406 1010000
1748150313012 117552.17931034481 1015000
1748150315380 117504.53607843137 1020000
1748150317691 117424.94117073169 1025000
1748150320003 117450.3018446602 1030000
1748150322333 117461.31101449275 1035000
1748150324634 117429.87884615384 1040000
1748150326940 117451.9671770335 1045000
1748150329336 117461.51628571427 1050000
1748150331657 117428.69952606634 1055000
1748150333977 117441.93141509432 1060000
1748150336298 117377.76234741781 1065000
1748150338631 117424.64981308409 1070000
1748150340797 117412.08037209301 1075000
1748150342962 117425.46481481481 1080000
1748150345126 117418.02036866361 1085000
1748150347299 117400.09036697248 1090000
1748150349557 117375.5199086758 1095000
1748150351724 117331.4338181818 1100000
1748150353960 117323.33330316743 1105000
1748150356278 117292.78108108108 1110000
1748150358495 117165.48834080716 1115000
1748150360753 117220.45919642856 1120000
1748150363192 117287.76275555557 1125000
1748150365424 117229.0989380531 1130000
1748150367611 117071.83700440529 1135000
1748150369773 117072.93701754387 1140000
1748150372100 117138.80314410481 1145000
1748150374279 117080.17686956521 1150000
1748150376469 117113.78805194805 1155000
1748150378636 117087.63258620689 1160000
1748150380795 117088.41545064376 1165000
1748150382993 117052.98205128204 1170000
1748150385235 117092.19029787234 1175000
1748150387422 117091.97305084746 1180000
1748150389660 117012.2641350211 1185000
1748150391830 116991.28798319328 1190000
1748150394047 117000.83539748953 1195000
1748150396235 117015.77166666667 1200000
1748150398402 116936.35593360996 1205000
1748150400589 116969.62752066116 1210000
1748150402772 116925.33646090534 1215000
1748150405065 116948.71327868852 1220000
1748150407357 117014.62702040815 1225000
1748150409584 117008.25333333334 1230000
1748150411834 117024.51999999999 1235000
1748150414139 117066.59088709677 1240000
1748150416360 117029.58939759036 1245000
1748150418737 116971.18112 1250000
1748150420973 116932.59545816731 1255000
1748150423233 116838.65285714284 1260000
1748150425400 116840.26031620553 1265000
1748150427569 116796.68204724409 1270000
1748150429778 116819.38933333333 1275000
1748150431949 116805.631640625 1280000
1748150434175 116794.86630350194 1285000
1748150436385 116816.10992248062 1290000
1748150438587 116728.85166023165 1295000
1748150440762 116712.9126153846 1300000
1748150442942 116598.14475095784 1305000
1748150445115 116519.96053435114 1310000
1748150447318 116518.91049429656 1315000
1748150449482 116524.79598484849 1320000
1748150451721 116471.73856603773 1325000
1748150453981 116468.50691729323 1330000
1748150456146 116408.6738576779 1335000
1748150458327 116444.18380597014 1340000
1748150460646 116407.84349442378 1345000
1748150462816 116429.64562962962 1350000
1748150464990 116420.55682656827 1355000
1748150467165 116435.27330882353 1360000
1748150469415 116405.28087912088 1365000
1748150471590 116405.26554744526 1370000
1748150473780 116378.79912727274 1375000
1748150475945 116344.08557971015 1380000
1748150478316 116346.47602888086 1385000
1748150480500 116383.50237410072 1390000
1748150482683 116384.83440860215 1395000
1748150484886 116334.61285714286 1400000
1748150487207 116391.38640569396 1405000
1748150489372 116372.5330496454 1410000
1748150491547 116343.61342756182 1415000
1748150493711 116362.45690140846 1420000
1748150496062 116390.14940350878 1425000
1748150498291 116390.81615384614 1430000
1748150500460 116387.9318466899 1435000
1748150502648 116381.88756944443 1440000
1748150504820 116364.89501730102 1445000
1748150507033 116378.3403448276 1450000
1748150509302 116401.90687285223 1455000
1748150511492 116401.85273972603 1460000
1748150513680 116370.80163822524 1465000
1748150515904 116360.00210884356 1470000
1748150518139 116374.34922033898 1475000
1748150520470 116386.50790540542 1480000
1748150522676 116409.19656565654 1485000
1748150524881 116426.69308724829 1490000
1748150527173 116416.50769230768 1495000
1748150529467 116358.10106666664 1500000
1748150531662 116315.5691694352 1505000
1748150533885 116307.68490066224 1510000
1748150536098 116312.20495049503 1515000
1748150538339 116246.88809210528 1520000
