1748149861233 95.0 5000
1748149863415 95.0 10000
1748149865627 95.66666666666667 15000
1748149868046 100.0 20000
1748149870391 102.2 25000
1748149872784 104.83333333333333 30000
1748149875085 108.14285714285714 35000
1748149877386 108.875 40000
1748149879621 107.66666666666667 45000
1748149881913 109.5 50000
1748149884132 110.18181818181819 55000
1748149886291 110.25 60000
1748149888475 110.92307692307692 65000
1748149890743 111.07142857142857 70000
1748149892969 110.73333333333333 75000
1748149895294 109.125 80000
1748149897618 109.29411764705883 85000
1748149899919 107.94444444444444 90000
1748149902236 109.10526315789474 95000
1748149904663 109.45 100000
1748149906985 109.0 105000
1748149909288 109.68181818181819 110000
1748149911670 109.30434782608695 115000
1748149913976 110.25 120000
1748149916219 110.16 125000
1748149918405 109.73076923076923 130000
1748149920592 109.29629629629629 135000
1748149922793 110.07142857142857 140000
1748149924953 110.0 145000
1748149927209 109.93333333333334 150000
1748149929392 109.96774193548387 155000
1748149931560 111.4375 160000
1748149933770 111.42424242424242 165000
1748149935933 111.82352941176471 170000
1748149938255 112.25714285714285 175000
1748149940420 111.94444444444444 180000
1748149942639 112.54054054054055 185000
1748149944831 113.07894736842105 190000
1748149947011 113.05128205128206 195000
1748149949405 113.35 200000
1748149951688 112.65853658536585 205000
1748149953930 112.19047619047619 210000
1748149956123 110.48837209302326 215000
1748149958279 109.9090909090909 220000
1748149960502 109.77777777777777 225000
1748149962683 108.82608695652173 230000
1748149964860 108.65957446808511 235000
1748149967029 108.6875 240000
1748149969276 108.85714285714286 245000
1748149971465 108.7 250000
1748149973731 108.56862745098039 255000
1748149975987 109.0576923076923 260000
1748149978182 109.37735849056604 265000
1748149980370 109.27777777777777 270000
1748149982538 109.72727272727273 275000
1748149984701 109.91071428571429 280000
1748149986916 110.03508771929825 285000
1748149989106 110.34482758620689 290000
1748149991279 110.42372881355932 295000
1748149993468 110.75 300000
1748149995661 111.36065573770492 305000
1748149997912 111.46774193548387 310000
1748150000085 111.55555555555556 315000
1748150002287 111.921875 320000
1748150004462 112.44615384615385 325000
1748150006761 112.51515151515152 330000
1748150009144 112.35820895522389 335000
1748150011496 112.8529411764706 340000
1748150013838 113.02898550724638 345000
1748150016222 112.2 350000
1748150018420 112.25352112676056 355000
1748150020666 112.20833333333333 360000
1748150022833 112.36986301369863 365000
1748150025093 112.25675675675676 370000
1748150027296 112.18666666666667 375000
1748150029488 112.36842105263158 380000
1748150031775 112.67532467532467 385000
1748150034090 113.03846153846153 390000
1748150036265 113.21518987341773 395000
1748150038474 112.85 400000
1748150040802 112.92592592592592 405000
1748150043009 112.6829268292683 410000
1748150045181 112.37349397590361 415000
1748150047359 112.58333333333333 420000
1748150049541 112.44705882352942 425000
1748150051724 112.34883720930233 430000
1748150053993 112.08045977011494 435000
1748150056175 112.2159090909091 440000
1748150058379 112.20224719101124 445000
1748150060556 112.18888888888888 450000
1748150062865 112.79120879120879 455000
1748150065212 112.97826086956522 460000
1748150067407 113.17204301075269 465000
1748150069622 113.20212765957447 470000
1748150072056 113.6421052631579 475000
1748150074466 114.0 480000
1748150076849 114.0721649484536 485000
1748150079228 113.94897959183673 490000
1748150081550 113.75757575757575 495000
1748150083973 113.51 500000
1748150086287 113.57425742574257 505000
1748150088534 113.73529411764706 510000
1748150090801 113.72815533980582 515000
1748150093000 114.3173076923077 520000
1748150095168 114.4952380952381 525000
1748150097344 114.71698113207547 530000
1748150099539 114.50467289719626 535000
1748150101771 114.69444444444444 540000
1748150103935 114.98165137614679 545000
1748150106157 114.72727272727273 550000
1748150108479 114.73873873873873 555000
1748150110857 114.90178571428571 560000
1748150113242 114.87610619469027 565000
1748150115556 114.85964912280701 570000
1748150117857 114.87826086956522 575000
1748150120137 114.89655172413794 580000
1748150122315 114.94871794871794 585000
1748150124503 114.7542372881356 590000
1748150126681 114.73949579831933 595000
1748150128833 114.78333333333333 600000
1748150131232 114.81818181818181 605000
1748150133410 115.06557377049181 610000
1748150135580 115.35772357723577 615000
1748150137957 115.59677419354838 620000
1748150140246 115.968 625000
1748150142554 116.24603174603175 630000
1748150144855 116.37007874015748 635000
1748150147146 116.4375 640000
1748150149301 116.45736434108527 645000
1748150151462 116.29230769230769 650000
1748150153620 116.42748091603053 655000
1748150155804 116.36363636363636 660000
1748150157960 116.38345864661655 665000
1748150160166 116.40298507462687 670000
1748150162303 116.3037037037037 675000
1748150164508 116.375 680000
1748150166823 116.30656934306569 685000
1748150169151 116.3840579710145 690000
1748150171309 116.42446043165468 695000
1748150173475 116.48571428571428 700000
1748150175664 116.33333333333333 705000
1748150177891 116.38732394366197 710000
1748150180078 116.0909090909091 715000
1748150182261 116.09722222222223 720000
1748150184411 116.15862068965517 725000
1748150186550 116.1027397260274 730000
1748150188710 116.2312925170068 735000
1748150190884 116.38513513513513 740000
1748150193119 116.46979865771812 745000
1748150195258 116.33333333333333 750000
1748150197420 116.36423841059603 755000
1748150199628 116.30263157894737 760000
1748150201846 116.30065359477125 765000
1748150204004 116.21428571428571 770000
1748150206180 116.20645161290322 775000
1748150208353 116.32692307692308 780000
1748150210556 116.31847133757962 785000
1748150212713 116.38607594936708 790000
1748150214894 116.33962264150944 795000
1748150217036 116.35 800000
1748150219338 116.37888198757764 805000
1748150221533 116.45061728395062 810000
1748150223725 116.3558282208589 815000
1748150226002 116.35975609756098 820000
1748150228211 116.38787878787879 825000
1748150230526 116.4578313253012 830000
1748150232685 116.50898203592814 835000
1748150234919 116.63690476190476 840000
1748150237117 116.6508875739645 845000
1748150239289 116.51176470588236 850000
1748150241460 116.53801169590643 855000
1748150243638 116.52325581395348 860000
1748150245798 116.59537572254335 865000
1748150247976 116.6896551724138 870000
1748150250142 116.62857142857143 875000
1748150252392 116.57954545454545 880000
1748150254554 116.64971751412429 885000
1748150256787 116.58988764044943 890000
1748150259126 116.82122905027933 895000
1748150261479 116.8 900000
1748150263769 116.84530386740332 905000
1748150266108 116.86263736263736 910000
1748150268414 116.81420765027322 915000
1748150270729 116.70652173913044 920000
1748150272961 116.6972972972973 925000
1748150275141 116.61290322580645 930000
1748150277303 116.43315508021391 935000
1748150279600 116.44680851063829 940000
1748150281873 116.47089947089947 945000
1748150284182 116.48421052631579 950000
1748150286358 116.53403141361257 955000
1748150288602 116.57291666666667 960000
1748150290800 116.65803108808291 965000
1748150293028 116.64948453608247 970000
1748150295202 116.6974358974359 975000
1748150297363 116.63775510204081 980000
1748150299523 116.6751269035533 985000
1748150301687 116.60606060606061 990000
1748150303955 116.61306532663316 995000
1748150306144 116.595 1000000
1748150308415 116.62189054726367 1005000
1748150310695 116.58415841584159 1010000
1748150313013 116.52709359605912 1015000
1748150315380 116.56372549019608 1020000
1748150317691 116.46829268292683 1025000
1748150320003 116.45145631067962 1030000
1748150322333 116.40579710144928 1035000
1748150324634 116.29807692307692 1040000
1748150326941 116.2153110047847 1045000
1748150329336 116.23333333333333 1050000
1748150331657 116.22274881516587 1055000
1748150333977 116.19339622641509 1060000
1748150336299 116.06103286384976 1065000
1748150338631 116.07476635514018 1070000
1748150340798 115.95348837209302 1075000
1748150342962 115.85185185185185 1080000
1748150345127 115.83410138248848 1085000
1748150347300 115.77981651376147 1090000
1748150349558 115.66666666666667 1095000
1748150351724 115.60454545454546 1100000
1748150353960 115.60633484162896 1105000
1748150356278 115.62612612612612 1110000
1748150358496 115.57847533632287 1115000
1748150360754 115.57142857142857 1120000
1748150363192 115.75111111111111 1125000
1748150365424 115.65929203539822 1130000
1748150367611 115.44493392070484 1135000
1748150369773 115.4342105263158 1140000
1748150372101 115.39737991266375 1145000
1748150374280 115.19130434782609 1150000
1748150376470 115.20779220779221 1155000
1748150378636 115.12931034482759 1160000
1748150380796 115.18884120171674 1165000
1748150382994 115.24358974358974 1170000
1748150385236 115.29361702127659 1175000
1748150387422 115.29661016949153 1180000
1748150389660 115.27426160337552 1185000
1748150391831 115.28991596638656 1190000
1748150394048 115.3723849372385 1195000
1748150396236 115.37083333333334 1200000
1748150398402 115.27385892116183 1205000
1748150400590 115.29752066115702 1210000
1748150402772 115.21810699588477 1215000
1748150405065 115.40573770491804 1220000
1748150407357 115.58367346938776 1225000
1748150409584 115.60569105691057 1230000
1748150411834 115.582995951417 1235000
1748150414139 115.68548387096774 1240000
1748150416360 115.66265060240964 1245000
1748150418738 115.532 1250000
1748150420974 115.46613545816733 1255000
1748150423233 115.30952380952381 1260000
1748150425400 115.27272727272727 1265000
1748150427569 115.2007874015748 1270000
1748150429778 115.21960784313725 1275000
1748150431950 115.23046875 1280000
1748150434176 115.2295719844358 1285000
1748150436386 115.25968992248062 1290000
1748150438587 115.23938223938224 1295000
1748150440763 115.36153846153846 1300000
1748150442942 115.2183908045977 1305000
1748150445115 115.16030534351145 1310000
1748150447318 115.30798479087453 1315000
1748150449482 115.33333333333333 1320000
1748150451721 115.35849056603773 1325000
1748150453982 115.40225563909775 1330000
1748150456146 115.3632958801498 1335000
1748150458328 115.32089552238806 1340000
1748150460647 115.26765799256506 1345000
1748150462816 115.30740740740741 1350000
1748150464991 115.33579335793358 1355000
1748150467165 115.44485294117646 1360000
1748150469416 115.35531135531136 1365000
1748150471590 115.35036496350365 1370000
1748150473780 115.33818181818182 1375000
1748150475946 115.28623188405797 1380000
1748150478317 115.32851985559567 1385000
1748150480501 115.41007194244604 1390000
1748150482683 115.43727598566308 1395000
1748150484887 115.475 1400000
1748150487207 115.55516014234875 1405000
1748150489373 115.55673758865248 1410000
1748150491547 115.54063604240282 1415000
1748150493712 115.63028169014085 1420000
1748150496063 115.67368421052632 1425000
1748150498291 115.73076923076923 1430000
1748150500461 115.82578397212544 1435000
1748150502649 115.875 1440000
1748150504820 115.90657439446366 1445000
1748150507035 115.86551724137931 1450000
1748150509303 115.86254295532646 1455000
1748150511492 115.87671232876713 1460000
1748150513680 115.84300341296928 1465000
1748150515905 115.8061224489796 1470000
1748150518140 115.7593220338983 1475000
1748150520471 115.72297297297297 1480000
1748150522677 115.72053872053873 1485000
1748150524881 115.73825503355705 1490000
1748150527173 115.74247491638796 1495000
1748150529468 115.6 1500000
1748150531662 115.50498338870432 1505000
1748150533885 115.4635761589404 1510000
1748150536098 115.5049504950495 1515000
1748150538340 115.33552631578948 1520000
