1748149861232 965.06 5000
1748149863415 975.3599999999999 10000
1748149865626 973.7833333333333 15000
1748149868045 1019.6324999999999 20000
1748149870390 1022.8979999999999 25000
1748149872783 1049.6316666666667 30000
1748149875084 1071.5542857142857 35000
1748149877385 1066.155 40000
1748149879620 1062.7711111111112 45000
1748149881912 1066.932 50000
1748149884131 1058.3563636363635 55000
1748149886290 1057.08 60000
1748149888474 1071.4099999999999 65000
1748149890742 1070.012857142857 70000
1748149892968 1073.6153333333332 75000
1748149895293 1069.864375 80000
1748149897617 1068.7194117647061 85000
1748149899918 1061.8572222222224 90000
1748149902235 1071.3200000000004 95000
1748149904662 1077.6215000000002 100000
1748149906984 1080.4261904761906 105000
1748149909287 1083.936363636364 110000
1748149911669 1085.276086956522 115000
1748149913975 1086.03 120000
1748149916218 1085.4496000000001 125000
1748149918404 1080.3788461538463 130000
1748149920591 1079.2255555555557 135000
1748149922792 1081.9596428571429 140000
1748149924952 1081.4337931034484 145000
1748149927208 1081.3183333333334 150000
1748149929391 1079.1770967741936 155000
1748149931560 1081.57375 160000
1748149933769 1082.1412121212122 165000
1748149935933 1080.979411764706 170000
1748149938253 1081.288 175000
1748149940419 1082.2758333333334 180000
1748149942638 1081.2413513513513 185000
1748149944829 1079.921052631579 190000
1748149947010 1078.9633333333334 195000
1748149949404 1080.9267499999999 200000
1748149951687 1081.5678048780485 205000
1748149953929 1080.0297619047617 210000
1748149956122 1071.2179069767442 215000
1748149958278 1064.9686363636363 220000
1748149960501 1066.907333333333 225000
1748149962682 1062.2782608695652 230000
1748149964859 1061.7727659574466 235000
1748149967028 1059.526875 240000
1748149969275 1061.1757142857143 245000
1748149971464 1059.9796000000001 250000
1748149973730 1059.3205882352943 255000
1748149975987 1061.5034615384616 260000
1748149978181 1062.3715094339625 265000
1748149980369 1061.3179629629633 270000
1748149982537 1063.6000000000004 275000
1748149984700 1065.4919642857144 280000
1748149986915 1067.493859649123 285000
1748149989105 1070.9568965517242 290000
1748149991278 1071.780847457627 295000
1748149993467 1074.091 300000
1748149995660 1076.405737704918 305000
1748149997911 1078.3330645161288 310000
1748150000084 1078.7285714285713 315000
1748150002286 1080.60640625 320000
1748150004461 1081.4923076923078 325000
1748150006760 1082.0834848484847 330000
1748150009143 1084.8962686567163 335000
1748150011495 1087.803382352941 340000
1748150013836 1088.830724637681 345000
1748150016221 1084.1599999999999 350000
1748150018419 1084.5939436619717 355000
1748150020665 1084.607638888889 360000
1748150022832 1083.6546575342466 365000
1748150025092 1083.1767567567565 370000
1748150027295 1081.6366666666665 375000
1748150029487 1082.4392105263157 380000
1748150031774 1082.8053246753245 385000
1748150034089 1082.7710256410257 390000
1748150036264 1084.6818987341771 395000
1748150038473 1083.6985 400000
1748150040801 1084.5524691358025 405000
1748150043008 1085.4013414634146 410000
1748150045180 1085.405060240964 415000
1748150047358 1086.646785714286 420000
1748150049541 1086.1078823529413 425000
1748150051723 1084.7748837209303 430000
1748150053992 1083.4727586206898 435000
1748150056174 1085.718409090909 440000
1748150058378 1085.1768539325844 445000
1748150060555 1085.2164444444445 450000
1748150062864 1085.9709890109891 455000
1748150065211 1086.849891304348 460000
1748150067406 1087.121182795699 465000
1748150069621 1086.9076595744684 470000
1748150072055 1084.812315789474 475000
1748150074465 1084.3021875000002 480000
1748150076848 1085.5626804123713 485000
1748150079227 1085.498367346939 490000
1748150081549 1084.7012121212122 495000
1748150083972 1083.3704 500000
1748150086286 1083.0794059405941 505000
1748150088534 1082.9902941176472 510000
1748150090800 1083.944951456311 515000
1748150092999 1083.1274038461538 520000
1748150095167 1082.6805714285715 525000
1748150097342 1083.0861320754718 530000
1748150099538 1082.3678504672898 535000
1748150101770 1084.2869444444445 540000
1748150103934 1083.1788990825687 545000
1748150106156 1082.3715454545454 550000
1748150108478 1081.4965765765764 555000
1748150110856 1082.3474107142858 560000
1748150113241 1081.8567256637168 565000
1748150115555 1081.582105263158 570000
1748150117856 1081.8579130434782 575000
1748150120136 1081.7283620689655 580000
1748150122314 1082.2094871794873 585000
1748150124503 1081.6280508474576 590000
1748150126680 1081.5273109243699 595000
1748150128832 1081.71525 600000
1748150131231 1081.1834710743801 605000
1748150133409 1081.6287704918032 610000
1748150135579 1082.2662601626016 615000
1748150137956 1083.3013709677418 620000
1748150140246 1084.33712 625000
1748150142553 1084.1658730158729 630000
1748150144854 1083.1618897637795 635000
1748150147145 1084.036796875 640000
1748150149301 1083.2036434108527 645000
1748150151461 1082.1633076923076 650000
1748150153619 1080.9947328244275 655000
1748150155804 1081.3388636363634 660000
1748150157959 1081.8894736842105 665000
1748150160165 1081.1016417910448 670000
1748150162302 1079.3735555555554 675000
1748150164507 1078.6536764705882 680000
1748150166822 1078.9321897810219 685000
1748150169150 1078.5540579710143 690000
1748150171308 1078.900287769784 695000
1748150173474 1079.0848571428571 700000
1748150175663 1078.1190070921984 705000
1748150177890 1078.6042253521125 710000
1748150180077 1076.8525874125874 715000
1748150182260 1076.7936111111112 720000
1748150184410 1077.2165517241378 725000
1748150186549 1078.2184246575343 730000
1748150188709 1078.148843537415 735000
1748150190883 1079.0822297297295 740000
1748150193118 1079.0673825503354 745000
1748150195257 1078.4804 750000
1748150197419 1077.679735099338 755000
1748150199627 1077.486052631579 760000
1748150201845 1077.3185620915033 765000
1748150204003 1077.6924675324676 770000
1748150206179 1077.3616129032257 775000
1748150208352 1077.7016666666668 780000
1748150210555 1078.1454777070064 785000
1748150212712 1078.7479746835443 790000
1748150214893 1078.5706918238993 795000
1748150217035 1078.1153125 800000
1748150219337 1077.9027329192547 805000
1748150221532 1078.4187037037038 810000
1748150223724 1078.1317177914111 815000
1748150226001 1077.6273170731708 820000
1748150228210 1077.1442424242425 825000
1748150230525 1077.2243975903614 830000
1748150232684 1078.016766467066 835000
1748150234918 1078.157738095238 840000
1748150237116 1078.4949112426036 845000
1748150239289 1077.6832352941176 850000
1748150241459 1077.586081871345 855000
1748150243637 1077.9006395348838 860000
1748150245797 1077.7281502890173 865000
1748150247975 1078.9021264367816 870000
1748150250141 1078.9933714285714 875000
1748150252391 1078.1997159090909 880000
1748150254553 1078.2243502824858 885000
1748150256786 1078.2765730337078 890000
1748150259125 1078.6863128491618 895000
1748150261478 1078.1956666666665 900000
1748150263768 1079.1283977900553 905000
1748150266107 1079.0472527472525 910000
1748150268413 1077.5373224043715 915000
1748150270728 1077.0386956521738 920000
1748150272960 1077.325837837838 925000
1748150275140 1077.2506451612903 930000
1748150277302 1076.2104278074867 935000
1748150279599 1075.671010638298 940000
1748150281872 1075.982380952381 945000
1748150284181 1075.7757894736844 950000
1748150286357 1075.4438743455498 955000
1748150288601 1074.8358333333333 960000
1748150290800 1075.3712435233163 965000
1748150293028 1075.8926804123712 970000
1748150295201 1075.8771282051282 975000
1748150297362 1074.9479081632653 980000
1748150299522 1075.1894416243656 985000
1748150301687 1074.629595959596 990000
1748150303954 1074.4958291457285 995000
1748150306143 1074.62215 1000000
1748150308414 1075.0187562189055 1005000
1748150310694 1075.3094059405942 1010000
1748150313012 1075.521724137931 1015000
1748150315379 1075.045294117647 1020000
1748150317690 1074.2493658536584 1025000
1748150320002 1074.5029611650486 1030000
1748150322332 1074.613043478261 1035000
1748150324633 1074.298701923077 1040000
1748150326940 1074.5195693779906 1045000
1748150329335 1074.6150476190478 1050000
1748150331656 1074.286872037915 1055000
1748150333976 1074.4191981132076 1060000
1748150336298 1073.7775117370893 1065000
1748150338630 1074.246401869159 1070000
1748150340797 1074.1206976744186 1075000
1748150342961 1074.254537037037 1080000
1748150345126 1074.1800921658987 1085000
1748150347299 1074.0007798165136 1090000
1748150349557 1073.7550684931507 1095000
1748150351723 1073.3142272727273 1100000
1748150353959 1073.2332126696833 1105000
1748150356277 1072.9277027027028 1110000
1748150358495 1071.6547982062782 1115000
1748150360753 1072.2045089285714 1120000
1748150363191 1072.8775555555555 1125000
1748150365423 1072.29092920354 1130000
1748150367610 1070.7183259911894 1135000
1748150369772 1070.7293421052632 1140000
1748150372099 1071.3879912663756 1145000
1748150374279 1070.801739130435 1150000
1748150376469 1071.1378354978356 1155000
1748150378636 1070.8762931034485 1160000
1748150380795 1070.8841201716739 1165000
1748150382993 1070.5297863247865 1170000
1748150385235 1070.9218723404256 1175000
1748150387421 1070.9197033898306 1180000
1748150389659 1070.1226160337553 1185000
1748150391830 1069.9128571428573 1190000
1748150394046 1070.0083263598328 1195000
1748150396235 1070.1577083333334 1200000
1748150398401 1069.3635684647302 1205000
1748150400589 1069.6962809917356 1210000
1748150402772 1069.2533744855966 1215000
1748150405064 1069.4871311475413 1220000
1748150407356 1070.1462857142858 1225000
1748150409583 1070.08256097561 1230000
1748150411833 1070.245222672065 1235000
1748150414138 1070.6659274193548 1240000
1748150416360 1070.2959036144578 1245000
1748150418737 1069.7118400000002 1250000
1748150420973 1069.3259760956175 1255000
1748150423232 1068.3865476190479 1260000
1748150425399 1068.4026086956521 1265000
1748150427568 1067.966811023622 1270000
1748150429777 1068.1938823529413 1275000
1748150431949 1068.0562890625001 1280000
1748150434175 1067.9486381322956 1285000
1748150436385 1068.1610852713177 1290000
1748150438586 1067.288494208494 1295000
1748150440761 1067.1291153846153 1300000
1748150442941 1065.9814559386975 1305000
1748150445114 1065.1996183206106 1310000
1748150447317 1065.1891254752852 1315000
1748150449481 1065.2479924242423 1320000
1748150451720 1064.717433962264 1325000
1748150453981 1064.6851127819548 1330000
1748150456145 1064.0867790262168 1335000
1748150458327 1064.4418656716416 1340000
1748150460646 1064.0784758364312 1345000
1748150462816 1064.2964814814811 1350000
1748150464990 1064.2056088560885 1355000
1748150467164 1064.352757352941 1360000
1748150469415 1064.0528205128205 1365000
1748150471589 1064.0526642335765 1370000
1748150473779 1063.7879999999998 1375000
1748150475945 1063.440869565217 1380000
1748150478316 1063.4647653429602 1385000
1748150480500 1063.835035971223 1390000
1748150482682 1063.8483512544801 1395000
1748150484886 1063.346142857143 1400000
1748150487206 1063.9138790035588 1405000
1748150489372 1063.7253546099294 1410000
1748150491547 1063.4361484098943 1415000
1748150493711 1063.6245774647887 1420000
1748150496062 1063.90150877193 1425000
1748150498290 1063.9081818181817 1430000
1748150500460 1063.879337979094 1435000
1748150502648 1063.8188888888888 1440000
1748150504819 1063.648961937716 1445000
1748150507031 1063.7834137931034 1450000
1748150509302 1064.0190721649483 1455000
1748150511491 1064.0185273972602 1460000
1748150513679 1063.7080204778156 1465000
1748150515903 1063.6000340136054 1470000
1748150518139 1063.7434915254237 1475000
1748150520470 1063.8650675675674 1480000
1748150522676 1064.0919528619527 1485000
1748150524880 1064.2669127516779 1490000
1748150527172 1064.165050167224 1495000
1748150529467 1063.5809999999997 1500000
1748150531661 1063.155681063123 1505000
1748150533884 1063.0768543046356 1510000
1748150536097 1063.1220462046203 1515000
1748150538339 1062.4688815789473 1520000
