1748149861234 22.673031026252982 5000
1748149863416 22.673031026252982 10000
1748149865627 22.8321400159109 15000
1748149868046 23.86634844868735 20000
1748149870391 24.391408114558473 25000
1748149872785 25.019888623707242 30000
1748149875086 25.809751108080466 35000
1748149877386 25.984486873508352 40000
1748149879621 25.69610182975338 45000
1748149881914 26.133651551312653 50000
1748149884132 26.296376654371887 55000
1748149886292 26.312649164677808 60000
1748149888475 26.47328804846705 65000
1748149890743 26.508694169792026 70000
1748149892970 26.428003182179797 75000
1748149895295 26.044152744630075 80000
1748149897619 26.084514951565353 85000
1748149899919 25.76239724211085 90000
1748149902237 26.039442281120465 95000
1748149904664 26.121718377088307 100000
1748149906986 26.014319809069217 105000
1748149909289 26.17704491212845 110000
1748149911670 26.086956521739136 115000
1748149913976 26.312649164677804 120000
1748149916219 26.291169451073984 125000
1748149918405 26.188727740040388 130000
1748149920592 26.08503491558384 135000
1748149922793 26.270030685305148 140000
1748149924953 26.252983293556085 145000
1748149927210 26.237072394590292 150000
1748149929392 26.245284471475863 155000
1748149931561 26.596062052505967 160000
1748149933770 26.592897953279817 165000
1748149935934 26.68819317703215 170000
1748149938255 26.791680872826458 175000
1748149940420 26.717051180058338 180000
1748149942639 26.859317551441656 185000
1748149944831 26.987815601055146 190000
1748149947012 26.98121290006732 195000
1748149949405 27.052505966587113 200000
1748149951689 26.887478898655335 205000
1748149953930 26.775769973860665 210000
1748149956123 26.369539879003163 215000
1748149958280 26.23128661314819 220000
1748149960503 26.19994696367011 225000
1748149962683 25.972813116114974 230000
1748149964860 25.933072665414105 235000
1748149967029 25.939737470167064 240000
1748149969277 25.980225025571087 245000
1748149971465 25.942720763723152 250000
1748149973731 25.91136693340821 255000
1748149975988 26.02808885625115 260000
1748149978182 26.10438150132841 265000
1748149980370 26.08061522142668 270000
1748149982539 26.187893252332394 275000
1748149984702 26.23167405386976 280000
1748149986917 26.261357450906505 285000
1748149989107 26.335281046827422 290000
1748149991279 26.354111888677643 295000
1748149993469 26.43198090692124 300000
1748149995661 26.577722133103798 305000
1748149997913 26.603279698206173 310000
1748150000086 26.624237602757887 315000
1748150002287 26.711664677804293 320000
1748150004463 26.836790894070127 325000
1748150006761 26.853258118174583 330000
1748150009144 26.815801659957966 335000
1748150011496 26.933876175768635 340000
1748150013838 26.975891529175744 345000
1748150016222 26.778042959427207 350000
1748150018421 26.790816498033546 355000
1748150020666 26.780031821797934 360000
1748150022833 26.818583058161966 365000
1748150025093 26.79158872476295 370000
1748150027297 26.77486077963405 375000
1748150029488 26.818238914709212 380000
1748150031776 26.891485602702787 385000
1748150034091 26.978153111804666 390000
1748150036266 27.02033171203287 395000
1748150038475 26.933174224343674 400000
1748150040803 26.951294970388044 405000
1748150043010 26.893299959252573 410000
1748150045181 26.819449636253843 415000
1748150047359 26.869530628480508 420000
1748150049542 26.837006879123965 425000
1748150051724 26.813564966420603 430000
1748150053994 26.749513071626478 435000
1748150056176 26.781839878498587 440000
1748150058379 26.778579281864253 445000
1748150060556 26.775391142932907 450000
1748150062865 26.919142909596367 455000
1748150065212 26.963785410397424 460000
1748150067407 27.010034131444552 465000
1748150069622 27.017214238561923 470000
1748150072056 27.12222082652933 475000
1748150074466 27.207637231503583 480000
1748150076850 27.224860369559337 485000
1748150079228 27.195460523111393 490000
1748150081551 27.14977941708252 495000
1748150083974 27.09069212410501 500000
1748150086288 27.106028025236892 505000
1748150088535 27.144461603257053 510000
1748150090802 27.142757837662487 515000
1748150093000 27.283366991004222 520000
1748150095169 27.325832480963744 525000
1748150097344 27.378754446796055 530000
1748150099539 27.328084223674523 535000
1748150101771 27.37337576239724 540000
1748150103935 27.441921569486105 545000
1748150106157 27.38121067476676 550000
1748150108479 27.383947193016404 555000
1748150110857 27.42286055233549 560000
1748150113243 27.416731788708887 565000
1748150115556 27.412804086588782 570000
1748150117858 27.41724603092248 575000
1748150120137 27.421611390009048 580000
1748150122315 27.434061562939842 585000
1748150124504 27.387646130819945 590000
1748150126682 27.384127875493867 595000
1748150128834 27.394590294351634 600000
1748150131232 27.40290735517466 605000
1748150133410 27.46195078054697 610000
1748150135581 27.531676271416654 615000
1748150137957 27.58872892447456 620000
1748150140247 27.677326968973748 625000
1748150142554 27.743682994279656 630000
1748150144856 27.77328848213783 635000
1748150147147 27.789379474940333 640000
1748150149302 27.794120367800783 645000
1748150151463 27.754727372865798 650000
1748150153621 27.786988285448814 655000
1748150155805 27.771750922108918 660000
1748150157960 27.77648177723545 665000
1748150160167 27.781142022583975 670000
1748150162303 27.757447184654822 675000
1748150164508 27.774463007159902 680000
1748150166823 27.758131108130236 685000
1748150169151 27.776624814084602 690000
1748150171310 27.786267406122832 695000
1748150173475 27.80088646437095 700000
1748150175665 27.764518695306283 705000
1748150177891 27.77740428249689 710000
1748150180078 27.70666088088522 715000
1748150182261 27.70816759480244 720000
1748150184411 27.722821166982143 725000
1748150186550 27.709484421486255 730000
1748150188711 27.740165278521914 735000
1748150190885 27.776881893827007 740000
1748150193119 27.797087985135594 745000
1748150195258 27.764518695306286 750000
1748150197420 27.77189460873414 755000
1748150199628 27.75719130762467 760000
1748150201846 27.75671923502894 765000
1748150204004 27.736106375724518 770000
1748150206181 27.734236661790746 775000
1748150208353 27.762988801174963 780000
1748150210557 27.760971679613277 785000
1748150212713 27.777106431829854 790000
1748150214894 27.76601972351061 795000
1748150217036 27.768496420047732 800000
1748150219338 27.775389495841917 805000
1748150221534 27.792510091634988 810000
1748150223726 27.769887403546278 815000
1748150226003 27.77082484428663 820000
1748150228211 27.77753670355102 825000
1748150230526 27.79423181988096 830000
1748150232685 27.806439626713164 835000
1748150234919 27.836970110239797 840000
1748150237117 27.840307296888902 845000
1748150239290 27.807103748420612 850000
1748150241460 27.81336794651705 855000
1748150243638 27.80984625631348 860000
1748150245799 27.827058644998413 865000
1748150247977 27.84955970702 870000
1748150250143 27.834981247869074 875000
1748150252392 27.823280538077668 880000
1748150254554 27.840028046330374 885000
1748150256788 27.825748840202728 890000
1748150259127 27.880961587178835 895000
1748150261479 27.87589498806682 900000
1748150263770 27.886707366922032 905000
1748150266108 27.890844239292925 910000
1748150268414 27.8792858353874 915000
1748150270729 27.85358514060392 920000
1748150272961 27.85138360317358 925000
1748150275141 27.831241820001537 930000
1748150277304 27.78834250124437 935000
1748150279601 27.79160107652465 940000
1748150281874 27.79735070904522 945000
1748150284183 27.800527571913076 950000
1748150286359 27.81241799847555 955000
1748150288603 27.8216984884646 960000
1748150290801 27.842012192859887 965000
1748150293029 27.839972442979114 970000
1748150295202 27.851416681965613 975000
1748150297364 27.837173055379672 980000
1748150299524 27.846092339750193 985000
1748150301688 27.82960873652998 990000
1748150303955 27.831280507549682 995000
1748150306144 27.826968973747015 1000000
1748150308415 27.833386765456723 1005000
1748150310695 27.82438148349441 1010000
1748150313013 27.810762194763505 1015000
1748150315381 27.819504890261587 1020000
1748150317691 27.79672856394435 1025000
1748150320003 27.792710336677708 1030000
1748150322334 27.781813150703883 1035000
1748150324635 27.75610427758399 1040000
1748150326941 27.736351075127608 1045000
1748150329337 27.740652346857594 1050000
1748150331658 27.738126208870135 1055000
1748150333978 27.73112081776016 1060000
1748150336299 27.699530516431924 1065000
1748150338632 27.702808199317463 1070000
1748150340798 27.67386357329189 1075000
1748150342963 27.64960664722001 1080000
1748150345127 27.64537025835047 1085000
1748150347300 27.632414442425173 1090000
1748150349558 27.605409705648373 1095000
1748150351724 27.59058364070297 1100000
1748150353961 27.59101070205942 1105000
1748150356278 27.595734158979983 1110000
1748150358496 27.584361655446987 1115000
1748150360754 27.58267984998295 1120000
1748150363193 27.625563511005037 1125000
1748150365425 27.603649650453036 1130000
1748150367612 27.552490195872274 1135000
1748150369774 27.549930913201855 1140000
1748150372101 27.541140790611873 1145000
1748150374280 27.491958078240113 1150000
1748150376471 27.49589312835136 1155000
1748150378637 27.477162373467202 1160000
1748150380796 27.491370215206857 1165000
1748150382994 27.504436692980843 1170000
1748150385236 27.51637637739298 1175000
1748150387422 27.51709073257554 1180000
1748150389660 27.51175694591301 1185000
1748150391831 27.515493070736646 1190000
1748150394048 27.535175402682217 1195000
1748150396236 27.53480509148767 1200000
1748150398403 27.51166084037275 1205000
1748150400590 27.517308033689027 1210000
1748150402773 27.49835489161928 1215000
1748150405066 27.5431354904339 1220000
1748150407358 27.58560225999708 1225000
1748150409585 27.59085705415527 1230000
1748150411834 27.585440561197377 1235000
1748150414140 27.609900685195164 1240000
1748150416361 27.604451217758868 1245000
1748150418738 27.57326968973747 1250000
1748150420974 27.557550228679556 1255000
1748150423233 27.520172746903057 1260000
1748150425401 27.511390757214144 1265000
1748150427570 27.494221336891364 1270000
1748150429779 27.498713089054238 1275000
1748150431950 27.501305190930786 1280000
1748150434176 27.50109116573647 1285000
1748150436386 27.508279217775804 1290000
1748150438588 27.50343251536569 1295000
1748150440763 27.532586744997246 1300000
1748150442942 27.498422626395634 1305000
1748150445116 27.484559747854764 1310000
1748150447319 27.51980543934953 1315000
1748150449482 27.52585521081941 1320000
1748150451722 27.531859323636688 1325000
1748150453982 27.542304448472017 1330000
1748150456147 27.533006176646733 1335000
1748150458328 27.52288675951982 1340000
1748150460647 27.51018090514679 1345000
1748150462817 27.51966763899938 1350000
1748150464991 27.526442328862426 1355000
1748150467166 27.552470869015867 1360000
1748150469416 27.531100562126813 1365000
1748150471591 27.529920039022347 1370000
1748150473780 27.527012367107833 1375000
1748150475946 27.514613814810968 1380000
1748150478317 27.524706409450044 1385000
1748150480501 27.54416991466493 1390000
1748150482684 27.550662526411237 1395000
1748150484887 27.55966587112172 1400000
1748150487208 27.578797170011637 1405000
1748150489373 27.57917364884307 1410000
1748150491548 27.575330797709505 1415000
1748150493712 27.596725940367744 1420000
1748150496063 27.60708453711845 1425000
1748150498292 27.620708646961628 1430000
1748150500461 27.64338519621132 1435000
1748150502649 27.655131264916466 1440000
1748150504821 27.66266691991973 1445000
1748150507036 27.652868076701505 1450000
1748150509303 27.65215822322827 1455000
1748150511493 27.655539935266617 1460000
1748150513680 27.647494847964026 1465000
1748150515905 27.638692708587016 1470000
1748150518140 27.62752315844828 1475000
1748150520471 27.618847964910017 1480000
1748150522677 27.61826699774194 1485000
1748150524882 27.622495234739148 1490000
1748150527173 27.62350236667971 1495000
1748150529468 27.58949880668258 1500000
1748150531662 27.566821811146617 1505000
1748150533885 27.556939417408213 1510000
1748150536099 27.566813960632345 1515000
1748150538340 27.526378595653807 1520000
