1748149861229 5000.0 5000
1748149863412 10000.0 10000
1748149865624 15000.0 15000
1748149868042 20000.0 20000
1748149870387 25000.0 25000
1748149872781 30000.0 30000
1748149875082 35000.0 35000
1748149877383 40000.0 40000
1748149879618 45000.0 45000
1748149881910 50000.0 50000
1748149884128 55000.0 55000
1748149886288 60000.0 60000
1748149888472 65000.0 65000
1748149890739 70000.0 70000
1748149892966 75000.0 75000
1748149895291 80000.0 80000
1748149897614 85000.0 85000
1748149899916 90000.0 90000
1748149902233 95000.0 95000
1748149904660 100000.0 100000
1748149906980 105000.0 105000
1748149909285 110000.0 110000
1748149911666 115000.0 115000
1748149913972 120000.0 120000
1748149916216 125000.0 125000
1748149918401 130000.0 130000
1748149920589 135000.0 135000
1748149922790 140000.0 140000
1748149924950 145000.0 145000
1748149927205 150000.0 150000
1748149929389 155000.0 155000
1748149931557 160000.0 160000
1748149933767 165000.0 165000
1748149935930 170000.0 170000
1748149938250 175000.0 175000
1748149940417 180000.0 180000
1748149942636 185000.0 185000
1748149944827 190000.0 190000
1748149947007 195000.0 195000
1748149949402 200000.0 200000
1748149951685 205000.0 205000
1748149953927 210000.0 210000
1748149956119 215000.0 215000
1748149958275 220000.0 220000
1748149960499 225000.0 225000
1748149962679 230000.0 230000
1748149964857 235000.0 235000
1748149967026 240000.0 240000
1748149969272 245000.0 245000
1748149971462 250000.0 250000
1748149973727 255000.0 255000
1748149975984 260000.0 260000
1748149978178 265000.0 265000
1748149980365 270000.0 270000
1748149982535 275000.0 275000
1748149984698 280000.0 280000
1748149986911 285000.0 285000
1748149989103 290000.0 290000
1748149991276 295000.0 295000
1748149993465 300000.0 300000
1748149995658 305000.0 305000
1748149997908 310000.0 310000
1748150000082 315000.0 315000
1748150002283 320000.0 320000
1748150004459 325000.0 325000
1748150006757 330000.0 330000
1748150009140 335000.0 335000
1748150011492 340000.0 340000
1748150013834 345000.0 345000
1748150016219 350000.0 350000
1748150018417 355000.0 355000
1748150020662 360000.0 360000
1748150022829 365000.0 365000
1748150025089 370000.0 370000
1748150027293 375000.0 375000
1748150029484 380000.0 380000
1748150031772 385000.0 385000
1748150034086 390000.0 390000
1748150036262 395000.0 395000
1748150038471 400000.0 400000
1748150040798 405000.0 405000
1748150043006 410000.0 410000
1748150045178 415000.0 415000
1748150047355 420000.0 420000
1748150049538 425000.0 425000
1748150051721 430000.0 430000
1748150053990 435000.0 435000
1748150056172 440000.0 440000
1748150058375 445000.0 445000
1748150060552 450000.0 450000
1748150062861 455000.0 455000
1748150065208 460000.0 460000
1748150067404 465000.0 465000
1748150069618 470000.0 470000
1748150072053 475000.0 475000
1748150074463 480000.0 480000
1748150076846 485000.0 485000
1748150079224 490000.0 490000
1748150081547 495000.0 495000
1748150083970 500000.0 500000
1748150086284 505000.0 505000
1748150088531 510000.0 510000
1748150090798 515000.0 515000
1748150092997 520000.0 520000
1748150095165 525000.0 525000
1748150097340 530000.0 530000
1748150099535 535000.0 535000
1748150101768 540000.0 540000
1748150103932 545000.0 545000
1748150106153 550000.0 550000
1748150108475 555000.0 555000
1748150110854 560000.0 560000
1748150113239 565000.0 565000
1748150115552 570000.0 570000
1748150117854 575000.0 575000
1748150120134 580000.0 580000
1748150122311 585000.0 585000
1748150124500 590000.0 590000
1748150126678 595000.0 595000
1748150128830 600000.0 600000
1748150131228 605000.0 605000
1748150133407 610000.0 610000
1748150135577 615000.0 615000
1748150137954 620000.0 620000
1748150140243 625000.0 625000
1748150142551 630000.0 630000
1748150144852 635000.0 635000
1748150147143 640000.0 640000
1748150149298 645000.0 645000
1748150151459 650000.0 650000
1748150153617 655000.0 655000
1748150155801 660000.0 660000
1748150157956 665000.0 665000
1748150160163 670000.0 670000
1748150162300 675000.0 675000
1748150164504 680000.0 680000
1748150166820 685000.0 685000
1748150169148 690000.0 690000
1748150171306 695000.0 695000
1748150173472 700000.0 700000
1748150175661 705000.0 705000
1748150177888 710000.0 710000
1748150180074 715000.0 715000
1748150182258 720000.0 720000
1748150184408 725000.0 725000
1748150186547 730000.0 730000
1748150188707 735000.0 735000
1748150190881 740000.0 740000
1748150193116 745000.0 745000
1748150195254 750000.0 750000
1748150197416 755000.0 755000
1748150199625 760000.0 760000
1748150201843 765000.0 765000
1748150204000 770000.0 770000
1748150206177 775000.0 775000
1748150208349 780000.0 780000
1748150210553 785000.0 785000
1748150212709 790000.0 790000
1748150214890 795000.0 795000
1748150217033 800000.0 800000
1748150219334 805000.0 805000
1748150221530 810000.0 810000
1748150223722 815000.0 815000
1748150225999 820000.0 820000
1748150228208 825000.0 825000
1748150230523 830000.0 830000
1748150232682 835000.0 835000
1748150234915 840000.0 840000
1748150237114 845000.0 845000
1748150239286 850000.0 850000
1748150241457 855000.0 855000
1748150243635 860000.0 860000
1748150245795 865000.0 865000
1748150247973 870000.0 870000
1748150250139 875000.0 875000
1748150252388 880000.0 880000
1748150254550 885000.0 885000
1748150256784 890000.0 890000
1748150259123 895000.0 895000
1748150261475 900000.0 900000
1748150263766 905000.0 905000
1748150266104 910000.0 910000
1748150268410 915000.0 915000
1748150270726 920000.0 920000
1748150272958 925000.0 925000
1748150275137 930000.0 930000
1748150277300 935000.0 935000
1748150279597 940000.0 940000
1748150281870 945000.0 945000
1748150284179 950000.0 950000
1748150286354 955000.0 955000
1748150288599 960000.0 960000
1748150290797 965000.0 965000
1748150293024 970000.0 970000
1748150295198 975000.0 975000
1748150297360 980000.0 980000
1748150299520 985000.0 985000
1748150301684 990000.0 990000
1748150303952 995000.0 995000
1748150306140 1000000.0 1000000
1748150308411 1005000.0 1005000
1748150310691 1010000.0 1010000
1748150313009 1015000.0 1015000
1748150315377 1020000.0 1020000
1748150317688 1025000.0 1025000
1748150319999 1030000.0 1030000
1748150322330 1035000.0 1035000
1748150324630 1040000.0 1040000
1748150326937 1045000.0 1045000
1748150329333 1050000.0 1050000
1748150331654 1055000.0 1055000
1748150333973 1060000.0 1060000
1748150336295 1065000.0 1065000
1748150338628 1070000.0 1070000
1748150340794 1075000.0 1075000
1748150342959 1080000.0 1080000
1748150345123 1085000.0 1085000
1748150347296 1090000.0 1090000
1748150349554 1095000.0 1095000
1748150351721 1100000.0 1100000
1748150353956 1105000.0 1105000
1748150356274 1110000.0 1110000
1748150358492 1115000.0 1115000
1748150360751 1120000.0 1120000
1748150363189 1125000.0 1125000
1748150365420 1130000.0 1130000
1748150367608 1135000.0 1135000
1748150369770 1140000.0 1140000
1748150372097 1145000.0 1145000
1748150374276 1150000.0 1150000
1748150376467 1155000.0 1155000
1748150378633 1160000.0 1160000
1748150380792 1165000.0 1165000
1748150382990 1170000.0 1170000
1748150385232 1175000.0 1175000
1748150387419 1180000.0 1180000
1748150389657 1185000.0 1185000
1748150391827 1190000.0 1190000
1748150394044 1195000.0 1195000
1748150396233 1200000.0 1200000
1748150398399 1205000.0 1205000
1748150400586 1210000.0 1210000
1748150402769 1215000.0 1215000
1748150405062 1220000.0 1220000
1748150407353 1225000.0 1225000
1748150409580 1230000.0 1230000
1748150411831 1235000.0 1235000
1748150414136 1240000.0 1240000
1748150416357 1245000.0 1245000
1748150418735 1250000.0 1250000
1748150420970 1255000.0 1255000
1748150423230 1260000.0 1260000
1748150425397 1265000.0 1265000
1748150427565 1270000.0 1270000
1748150429775 1275000.0 1275000
1748150431946 1280000.0 1280000
1748150434172 1285000.0 1285000
1748150436382 1290000.0 1290000
1748150438584 1295000.0 1295000
1748150440759 1300000.0 1300000
1748150442939 1305000.0 1305000
1748150445112 1310000.0 1310000
1748150447314 1315000.0 1315000
1748150449479 1320000.0 1320000
1748150451718 1325000.0 1325000
1748150453978 1330000.0 1330000
1748150456143 1335000.0 1335000
1748150458324 1340000.0 1340000
1748150460641 1345000.0 1345000
1748150462813 1350000.0 1350000
1748150464988 1355000.0 1355000
1748150467162 1360000.0 1360000
1748150469413 1365000.0 1365000
1748150471587 1370000.0 1370000
1748150473777 1375000.0 1375000
1748150475942 1380000.0 1380000
1748150478313 1385000.0 1385000
1748150480498 1390000.0 1390000
1748150482680 1395000.0 1395000
1748150484883 1400000.0 1400000
1748150487204 1405000.0 1405000
1748150489369 1410000.0 1410000
1748150491544 1415000.0 1415000
1748150493708 1420000.0 1420000
1748150496059 1425000.0 1425000
1748150498288 1430000.0 1430000
1748150500457 1435000.0 1435000
1748150502646 1440000.0 1440000
1748150504817 1445000.0 1445000
1748150507020 1450000.0 1450000
1748150509300 1455000.0 1455000
1748150511489 1460000.0 1460000
1748150513677 1465000.0 1465000
1748150515901 1470000.0 1470000
1748150518136 1475000.0 1475000
1748150520467 1480000.0 1480000
1748150522673 1485000.0 1485000
1748150524877 1490000.0 1490000
1748150527170 1495000.0 1495000
1748150529464 1500000.0 1500000
1748150531659 1505000.0 1505000
1748150533882 1510000.0 1510000
1748150536095 1515000.0 1515000
1748150538336 1520000.0 1520000
