1748149861231 95.0 5000
1748149863414 95.0 10000
1748149865625 97.0 15000
1748149868044 113.0 20000
1748149870389 111.0 25000
1748149872782 118.0 30000
1748149875083 128.0 35000
1748149877384 114.0 40000
1748149879619 98.0 45000
1748149881911 126.0 50000
1748149884130 117.0 55000
1748149886289 111.0 60000
1748149888473 119.0 65000
1748149890741 113.0 70000
1748149892967 106.0 75000
1748149895292 85.0 80000
1748149897616 112.0 85000
1748149899917 85.0 90000
1748149902234 130.0 95000
1748149904661 116.0 100000
1748149906982 100.0 105000
1748149909286 124.0 110000
1748149911668 101.0 115000
1748149913974 132.0 120000
1748149916217 108.0 125000
1748149918403 99.0 130000
1748149920590 98.0 135000
1748149922791 131.0 140000
1748149924951 108.0 145000
1748149927207 108.0 150000
1748149929390 111.0 155000
1748149931559 157.0 160000
1748149933768 111.0 165000
1748149935932 125.0 170000
1748149938252 127.0 175000
1748149940418 101.0 180000
1748149942637 134.0 185000
1748149944828 133.0 190000
1748149947009 112.0 195000
1748149949403 125.0 200000
1748149951686 85.0 205000
1748149953928 93.0 210000
1748149956121 39.0 215000
1748149958277 85.0 220000
1748149960501 104.0 225000
1748149962681 66.0 230000
1748149964858 101.0 235000
1748149967027 110.0 240000
1748149969273 117.0 245000
1748149971463 101.0 250000
1748149973729 102.0 255000
1748149975986 134.0 260000
1748149978180 126.0 265000
1748149980367 104.0 270000
1748149982536 134.0 275000
1748149984699 120.0 280000
1748149986913 117.0 285000
1748149989104 128.0 290000
1748149991277 115.0 295000
1748149993466 130.0 300000
1748149995659 148.0 305000
1748149997910 118.0 310000
1748150000083 117.0 315000
1748150002285 135.0 320000
1748150004460 146.0 325000
1748150006759 117.0 330000
1748150009141 102.0 335000
1748150011494 146.0 340000
1748150013835 125.0 345000
1748150016220 55.0 350000
1748150018418 116.0 355000
1748150020664 109.0 360000
1748150022831 124.0 365000
1748150025091 104.0 370000
1748150027294 107.0 375000
1748150029486 126.0 380000
1748150031773 136.0 385000
1748150034088 141.0 390000
1748150036263 127.0 395000
1748150038472 84.0 400000
1748150040800 119.0 405000
1748150043007 93.0 410000
1748150045179 87.0 415000
1748150047357 130.0 420000
1748150049540 101.0 425000
1748150051722 104.0 430000
1748150053992 89.0 435000
1748150056173 124.0 440000
1748150058377 111.0 445000
1748150060554 111.0 450000
1748150062863 167.0 455000
1748150065210 130.0 460000
1748150067405 131.0 465000
1748150069620 116.0 470000
1748150072054 155.0 475000
1748150074464 148.0 480000
1748150076847 121.0 485000
1748150079226 102.0 490000
1748150081549 95.0 495000
1748150083972 89.0 500000
1748150086285 120.0 505000
1748150088533 130.0 510000
1748150090799 113.0 515000
1748150092998 175.0 520000
1748150095166 133.0 525000
1748150097341 138.0 530000
1748150099537 92.0 535000
1748150101769 135.0 540000
1748150103933 146.0 545000
1748150106154 87.0 550000
1748150108476 116.0 555000
1748150110855 133.0 560000
1748150113240 112.0 565000
1748150115554 113.0 570000
1748150117855 117.0 575000
1748150120135 117.0 580000
1748150122312 121.0 585000
1748150124502 92.0 590000
1748150126679 113.0 595000
1748150128831 120.0 600000
1748150131230 119.0 605000
1748150133408 145.0 610000
1748150135578 151.0 615000
1748150137955 145.0 620000
1748150140245 162.0 625000
1748150142552 151.0 630000
1748150144853 132.0 635000
1748150147145 125.0 640000
1748150149300 119.0 645000
1748150151460 95.0 650000
1748150153618 134.0 655000
1748150155803 108.0 660000
1748150157958 119.0 665000
1748150160164 119.0 670000
1748150162301 103.0 675000
1748150164506 126.0 680000
1748150166821 107.0 685000
1748150169149 127.0 690000
1748150171308 122.0 695000
1748150173473 125.0 700000
1748150175663 95.0 705000
1748150177889 124.0 710000
1748150180076 74.0 715000
1748150182259 117.0 720000
1748150184409 125.0 725000
1748150186548 108.0 730000
1748150188708 135.0 735000
1748150190882 139.0 740000
1748150193117 129.0 745000
1748150195256 96.0 750000
1748150197418 121.0 755000
1748150199626 107.0 760000
1748150201844 116.0 765000
1748150204002 103.0 770000
1748150206178 115.0 775000
1748150208351 135.0 780000
1748150210554 115.0 785000
1748150212711 127.0 790000
1748150214892 109.0 795000
1748150217034 118.0 800000
1748150219336 121.0 805000
1748150221531 128.0 810000
1748150223723 101.0 815000
1748150226000 117.0 820000
1748150228209 121.0 825000
1748150230524 128.0 830000
1748150232683 125.0 835000
1748150234917 138.0 840000
1748150237115 119.0 845000
1748150239288 93.0 850000
1748150241458 121.0 855000
1748150243636 114.0 860000
1748150245796 129.0 865000
1748150247974 133.0 870000
1748150250140 106.0 875000
1748150252390 108.0 880000
1748150254552 129.0 885000
1748150256785 106.0 890000
1748150259124 158.0 895000
1748150261477 113.0 900000
1748150263767 125.0 905000
1748150266105 120.0 910000
1748150268412 108.0 915000
1748150270727 97.0 920000
1748150272959 115.0 925000
1748150275139 101.0 930000
1748150277301 83.0 935000
1748150279599 119.0 940000
1748150281871 121.0 945000
1748150284180 119.0 950000
1748150286356 126.0 955000
1748150288600 124.0 960000
1748150290799 133.0 965000
1748150293026 115.0 970000
1748150295200 126.0 975000
1748150297361 105.0 980000
1748150299521 124.0 985000
1748150301686 103.0 990000
1748150303953 118.0 995000
1748150306142 113.0 1000000
1748150308413 122.0 1005000
1748150310693 109.0 1010000
1748150313011 105.0 1015000
1748150315378 124.0 1020000
1748150317689 97.0 1025000
1748150320001 113.0 1030000
1748150322331 107.0 1035000
1748150324632 94.0 1040000
1748150326939 99.0 1045000
1748150329334 120.0 1050000
1748150331655 114.0 1055000
1748150333975 110.0 1060000
1748150336297 88.0 1065000
1748150338629 119.0 1070000
1748150340796 90.0 1075000
1748150342960 94.0 1080000
1748150345125 112.0 1085000
1748150347298 104.0 1090000
1748150349556 91.0 1095000
1748150351722 102.0 1100000
1748150353958 116.0 1105000
1748150356276 120.0 1110000
1748150358494 105.0 1115000
1748150360752 114.0 1120000
1748150363190 156.0 1125000
1748150365422 95.0 1130000
1748150367609 67.0 1135000
1748150369771 113.0 1140000
1748150372098 107.0 1145000
1748150374278 68.0 1150000
1748150376468 119.0 1155000
1748150378635 97.0 1160000
1748150380794 129.0 1165000
1748150382992 128.0 1170000
1748150385234 127.0 1175000
1748150387420 116.0 1180000
1748150389658 110.0 1185000
1748150391829 119.0 1190000
1748150394045 135.0 1195000
1748150396234 115.0 1200000
1748150398400 92.0 1205000
1748150400588 121.0 1210000
1748150402771 96.0 1215000
1748150405063 161.0 1220000
1748150407355 159.0 1225000
1748150409582 121.0 1230000
1748150411832 110.0 1235000
1748150414137 141.0 1240000
1748150416358 110.0 1245000
1748150418736 83.0 1250000
1748150420972 99.0 1255000
1748150423231 76.0 1260000
1748150425398 106.0 1265000
1748150427567 97.0 1270000
1748150429776 120.0 1275000
1748150431948 118.0 1280000
1748150434174 115.0 1285000
1748150436384 123.0 1290000
1748150438585 110.0 1295000
1748150440760 147.0 1300000
1748150442940 78.0 1305000
1748150445113 100.0 1310000
1748150447316 154.0 1315000
1748150449480 122.0 1320000
1748150451719 122.0 1325000
1748150453980 127.0 1330000
1748150456144 105.0 1335000
1748150458326 104.0 1340000
1748150460645 101.0 1345000
1748150462815 126.0 1350000
1748150464989 123.0 1355000
1748150467163 145.0 1360000
1748150469414 91.0 1365000
1748150471588 114.0 1370000
1748150473778 112.0 1375000
1748150475944 101.0 1380000
1748150478315 127.0 1385000
1748150480499 138.0 1390000
1748150482681 123.0 1395000
1748150484885 126.0 1400000
1748150487205 138.0 1405000
1748150489371 116.0 1410000
1748150491546 111.0 1415000
1748150493710 141.0 1420000
1748150496061 128.0 1425000
1748150498289 132.0 1430000
1748150500459 143.0 1435000
1748150502647 130.0 1440000
1748150504818 125.0 1445000
1748150507027 104.0 1450000
1748150509301 115.0 1455000
1748150511490 120.0 1460000
1748150513678 106.0 1465000
1748150515902 105.0 1470000
1748150518138 102.0 1475000
1748150520469 105.0 1480000
1748150522675 115.0 1485000
1748150524879 121.0 1490000
1748150527171 117.0 1495000
1748150529466 73.0 1500000
1748150531660 87.0 1505000
1748150533883 103.0 1510000
1748150536096 128.0 1515000
1748150538338 64.0 1520000
