1748149861229 5000.0 5000
1748149863412 5000.0 10000
1748149865623 5000.0 15000
1748149868042 5000.0 20000
1748149870387 5000.0 25000
1748149872780 5000.0 30000
1748149875082 5000.0 35000
1748149877382 5000.0 40000
1748149879617 5000.0 45000
1748149881910 5000.0 50000
1748149884128 5000.0 55000
1748149886287 5000.0 60000
1748149888471 5000.0 65000
1748149890739 5000.0 70000
1748149892965 5000.0 75000
1748149895290 5000.0 80000
1748149897614 5000.0 85000
1748149899915 5000.0 90000
1748149902232 5000.0 95000
1748149904659 5000.0 100000
1748149906979 5000.0 105000
1748149909284 5000.0 110000
1748149911666 5000.0 115000
1748149913972 5000.0 120000
1748149916215 5000.0 125000
1748149918401 5000.0 130000
1748149920588 5000.0 135000
1748149922789 5000.0 140000
1748149924949 5000.0 145000
1748149927204 5000.0 150000
1748149929388 5000.0 155000
1748149931557 5000.0 160000
1748149933766 5000.0 165000
1748149935929 5000.0 170000
1748149938250 5000.0 175000
1748149940416 5000.0 180000
1748149942635 5000.0 185000
1748149944827 5000.0 190000
1748149947006 5000.0 195000
1748149949401 5000.0 200000
1748149951684 5000.0 205000
1748149953926 5000.0 210000
1748149956119 5000.0 215000
1748149958275 5000.0 220000
1748149960499 5000.0 225000
1748149962679 5000.0 230000
1748149964856 5000.0 235000
1748149967025 5000.0 240000
1748149969271 5000.0 245000
1748149971461 5000.0 250000
1748149973727 5000.0 255000
1748149975984 5000.0 260000
1748149978178 5000.0 265000
1748149980364 5000.0 270000
1748149982534 5000.0 275000
1748149984697 5000.0 280000
1748149986910 5000.0 285000
1748149989102 5000.0 290000
1748149991275 5000.0 295000
1748149993464 5000.0 300000
1748149995657 5000.0 305000
1748149997908 5000.0 310000
1748150000081 5000.0 315000
1748150002283 5000.0 320000
1748150004459 5000.0 325000
1748150006757 5000.0 330000
1748150009139 5000.0 335000
1748150011492 5000.0 340000
1748150013833 5000.0 345000
1748150016218 5000.0 350000
1748150018416 5000.0 355000
1748150020662 5000.0 360000
1748150022829 5000.0 365000
1748150025089 5000.0 370000
1748150027292 5000.0 375000
1748150029484 5000.0 380000
1748150031772 5000.0 385000
1748150034086 5000.0 390000
1748150036261 5000.0 395000
1748150038471 5000.0 400000
1748150040798 5000.0 405000
1748150043005 5000.0 410000
1748150045177 5000.0 415000
1748150047355 5000.0 420000
1748150049538 5000.0 425000
1748150051720 5000.0 430000
1748150053989 5000.0 435000
1748150056171 5000.0 440000
1748150058374 5000.0 445000
1748150060552 5000.0 450000
1748150062861 5000.0 455000
1748150065208 5000.0 460000
1748150067403 5000.0 465000
1748150069618 5000.0 470000
1748150072052 5000.0 475000
1748150074462 5000.0 480000
1748150076846 5000.0 485000
1748150079224 5000.0 490000
1748150081547 5000.0 495000
1748150083970 5000.0 500000
1748150086284 5000.0 505000
1748150088531 5000.0 510000
1748150090797 5000.0 515000
1748150092996 5000.0 520000
1748150095164 5000.0 525000
1748150097339 5000.0 530000
1748150099535 5000.0 535000
1748150101767 5000.0 540000
1748150103931 5000.0 545000
1748150106152 5000.0 550000
1748150108474 5000.0 555000
1748150110853 5000.0 560000
1748150113238 5000.0 565000
1748150115552 5000.0 570000
1748150117853 5000.0 575000
1748150120133 5000.0 580000
1748150122310 5000.0 585000
1748150124500 5000.0 590000
1748150126678 5000.0 595000
1748150128829 5000.0 600000
1748150131228 5000.0 605000
1748150133406 5000.0 610000
1748150135576 5000.0 615000
1748150137953 5000.0 620000
1748150140243 5000.0 625000
1748150142550 5000.0 630000
1748150144851 5000.0 635000
1748150147143 5000.0 640000
1748150149298 5000.0 645000
1748150151458 5000.0 650000
1748150153616 5000.0 655000
1748150155801 5000.0 660000
1748150157956 5000.0 665000
1748150160162 5000.0 670000
1748150162299 5000.0 675000
1748150164503 5000.0 680000
1748150166819 5000.0 685000
1748150169147 5000.0 690000
1748150171306 5000.0 695000
1748150173471 5000.0 700000
1748150175661 5000.0 705000
1748150177887 5000.0 710000
1748150180074 5000.0 715000
1748150182257 5000.0 720000
1748150184407 5000.0 725000
1748150186546 5000.0 730000
1748150188706 5000.0 735000
1748150190880 5000.0 740000
1748150193115 5000.0 745000
1748150195254 5000.0 750000
1748150197416 5000.0 755000
1748150199624 5000.0 760000
1748150201842 5000.0 765000
1748150204000 5000.0 770000
1748150206176 5000.0 775000
1748150208349 5000.0 780000
1748150210553 5000.0 785000
1748150212709 5000.0 790000
1748150214890 5000.0 795000
1748150217032 5000.0 800000
1748150219334 5000.0 805000
1748150221529 5000.0 810000
1748150223721 5000.0 815000
1748150225998 5000.0 820000
1748150228207 5000.0 825000
1748150230522 5000.0 830000
1748150232681 5000.0 835000
1748150234915 5000.0 840000
1748150237113 5000.0 845000
1748150239286 5000.0 850000
1748150241456 5000.0 855000
1748150243634 5000.0 860000
1748150245795 5000.0 865000
1748150247972 5000.0 870000
1748150250138 5000.0 875000
1748150252388 5000.0 880000
1748150254550 5000.0 885000
1748150256783 5000.0 890000
1748150259122 5000.0 895000
1748150261475 5000.0 900000
1748150263765 5000.0 905000
1748150266103 5000.0 910000
1748150268409 5000.0 915000
1748150270725 5000.0 920000
1748150272957 5000.0 925000
1748150275137 5000.0 930000
1748150277299 5000.0 935000
1748150279597 5000.0 940000
1748150281869 5000.0 945000
1748150284178 5000.0 950000
1748150286354 5000.0 955000
1748150288598 5000.0 960000
1748150290797 5000.0 965000
1748150293023 5000.0 970000
1748150295198 5000.0 975000
1748150297359 5000.0 980000
1748150299519 5000.0 985000
1748150301684 5000.0 990000
1748150303951 5000.0 995000
1748150306140 5000.0 1000000
1748150308410 5000.0 1005000
1748150310690 5000.0 1010000
1748150313008 5000.0 1015000
1748150315376 5000.0 1020000
1748150317687 5000.0 1025000
1748150319998 5000.0 1030000
1748150322329 5000.0 1035000
1748150324630 5000.0 1040000
1748150326937 5000.0 1045000
1748150329332 5000.0 1050000
1748150331653 5000.0 1055000
1748150333973 5000.0 1060000
1748150336295 5000.0 1065000
1748150338628 5000.0 1070000
1748150340794 5000.0 1075000
1748150342958 5000.0 1080000
1748150345123 5000.0 1085000
1748150347296 5000.0 1090000
1748150349554 5000.0 1095000
1748150351720 5000.0 1100000
1748150353956 5000.0 1105000
1748150356273 5000.0 1110000
1748150358492 5000.0 1115000
1748150360750 5000.0 1120000
1748150363188 5000.0 1125000
1748150365420 5000.0 1130000
1748150367607 5000.0 1135000
1748150369770 5000.0 1140000
1748150372096 5000.0 1145000
1748150374276 5000.0 1150000
1748150376466 5000.0 1155000
1748150378633 5000.0 1160000
1748150380792 5000.0 1165000
1748150382990 5000.0 1170000
1748150385232 5000.0 1175000
1748150387418 5000.0 1180000
1748150389656 5000.0 1185000
1748150391827 5000.0 1190000
1748150394043 5000.0 1195000
1748150396232 5000.0 1200000
1748150398398 5000.0 1205000
1748150400586 5000.0 1210000
1748150402769 5000.0 1215000
1748150405062 5000.0 1220000
1748150407353 5000.0 1225000
1748150409580 5000.0 1230000
1748150411830 5000.0 1235000
1748150414135 5000.0 1240000
1748150416357 5000.0 1245000
1748150418734 5000.0 1250000
1748150420970 5000.0 1255000
1748150423229 5000.0 1260000
1748150425396 5000.0 1265000
1748150427565 5000.0 1270000
1748150429774 5000.0 1275000
1748150431946 5000.0 1280000
1748150434172 5000.0 1285000
1748150436382 5000.0 1290000
1748150438583 5000.0 1295000
1748150440758 5000.0 1300000
1748150442938 5000.0 1305000
1748150445111 5000.0 1310000
1748150447314 5000.0 1315000
1748150449478 5000.0 1320000
1748150451717 5000.0 1325000
1748150453978 5000.0 1330000
1748150456142 5000.0 1335000
1748150458323 5000.0 1340000
1748150460640 5000.0 1345000
1748150462813 5000.0 1350000
1748150464987 5000.0 1355000
1748150467161 5000.0 1360000
1748150469412 5000.0 1365000
1748150471587 5000.0 1370000
1748150473776 5000.0 1375000
1748150475942 5000.0 1380000
1748150478313 5000.0 1385000
1748150480497 5000.0 1390000
1748150482679 5000.0 1395000
1748150484883 5000.0 1400000
1748150487203 5000.0 1405000
1748150489369 5000.0 1410000
1748150491544 5000.0 1415000
1748150493708 5000.0 1420000
1748150496058 5000.0 1425000
1748150498287 5000.0 1430000
1748150500457 5000.0 1435000
1748150502645 5000.0 1440000
1748150504816 5000.0 1445000
1748150507019 5000.0 1450000
1748150509299 5000.0 1455000
1748150511488 5000.0 1460000
1748150513676 5000.0 1465000
1748150515901 5000.0 1470000
1748150518136 5000.0 1475000
1748150520467 5000.0 1480000
1748150522673 5000.0 1485000
1748150524877 5000.0 1490000
1748150527169 5000.0 1495000
1748150529464 5000.0 1500000
1748150531658 5000.0 1505000
1748150533881 5000.0 1510000
1748150536094 5000.0 1515000
1748150538336 5000.0 1520000
