1748149861228 1.0 5000
1748149863411 2.0 10000
1748149865623 3.0 15000
1748149868041 4.0 20000
1748149870386 5.0 25000
1748149872779 6.0 30000
1748149875081 7.0 35000
1748149877381 8.0 40000
1748149879616 9.0 45000
1748149881909 10.0 50000
1748149884127 11.0 55000
1748149886287 12.0 60000
1748149888471 13.0 65000
1748149890738 14.0 70000
1748149892964 15.0 75000
1748149895289 16.0 80000
1748149897613 17.0 85000
1748149899914 18.0 90000
1748149902231 19.0 95000
1748149904659 20.0 100000
1748149906978 21.0 105000
1748149909284 22.0 110000
1748149911665 23.0 115000
1748149913971 24.0 120000
1748149916214 25.0 125000
1748149918400 26.0 130000
1748149920587 27.0 135000
1748149922789 28.0 140000
1748149924949 29.0 145000
1748149927203 30.0 150000
1748149929388 31.0 155000
1748149931555 32.0 160000
1748149933765 33.0 165000
1748149935929 34.0 170000
1748149938248 35.0 175000
1748149940415 36.0 180000
1748149942635 37.0 185000
1748149944826 38.0 190000
1748149947005 39.0 195000
1748149949400 40.0 200000
1748149951684 41.0 205000
1748149953925 42.0 210000
1748149956118 43.0 215000
1748149958274 44.0 220000
1748149960498 45.0 225000
1748149962678 46.0 230000
1748149964855 47.0 235000
1748149967024 48.0 240000
1748149969269 49.0 245000
1748149971461 50.0 250000
1748149973724 51.0 255000
1748149975983 52.0 260000
1748149978177 53.0 265000
1748149980362 54.0 270000
1748149982533 55.0 275000
1748149984697 56.0 280000
1748149986909 57.0 285000
1748149989102 58.0 290000
1748149991274 59.0 295000
1748149993464 60.0 300000
1748149995656 61.0 305000
1748149997907 62.0 310000
1748150000081 63.0 315000
1748150002282 64.0 320000
1748150004458 65.0 325000
1748150006756 66.0 330000
1748150009138 67.0 335000
1748150011491 68.0 340000
1748150013832 69.0 345000
1748150016217 70.0 350000
1748150018416 71.0 355000
1748150020661 72.0 360000
1748150022828 73.0 365000
1748150025088 74.0 370000
1748150027292 75.0 375000
1748150029483 76.0 380000
1748150031771 77.0 385000
1748150034083 78.0 390000
1748150036259 79.0 395000
1748150038470 80.0 400000
1748150040796 81.0 405000
1748150043005 82.0 410000
1748150045176 83.0 415000
1748150047354 84.0 420000
1748150049537 85.0 425000
1748150051719 86.0 430000
1748150053989 87.0 435000
1748150056170 88.0 440000
1748150058373 89.0 445000
1748150060551 90.0 450000
1748150062859 91.0 455000
1748150065207 92.0 460000
1748150067402 93.0 465000
1748150069617 94.0 470000
1748150072050 95.0 475000
1748150074461 96.0 480000
1748150076845 97.0 485000
1748150079223 98.0 490000
1748150081546 99.0 495000
1748150083969 100.0 500000
1748150086283 101.0 505000
1748150088530 102.0 510000
1748150090797 103.0 515000
1748150092995 104.0 520000
1748150095164 105.0 525000
1748150097338 106.0 530000
1748150099534 107.0 535000
1748150101766 108.0 540000
1748150103930 109.0 545000
1748150106151 110.0 550000
1748150108473 111.0 555000
1748150110852 112.0 560000
1748150113237 113.0 565000
1748150115551 114.0 570000
1748150117851 115.0 575000
1748150120132 116.0 580000
1748150122310 117.0 585000
1748150124499 118.0 590000
1748150126677 119.0 595000
1748150128829 120.0 600000
1748150131227 121.0 605000
1748150133406 122.0 610000
1748150135575 123.0 615000
1748150137953 124.0 620000
1748150140242 125.0 625000
1748150142549 126.0 630000
1748150144850 127.0 635000
1748150147142 128.0 640000
1748150149296 129.0 645000
1748150151457 130.0 650000
1748150153616 131.0 655000
1748150155800 132.0 660000
1748150157955 133.0 665000
1748150160162 134.0 670000
1748150162298 135.0 675000
1748150164502 136.0 680000
1748150166818 137.0 685000
1748150169146 138.0 690000
1748150171305 139.0 695000
1748150173470 140.0 700000
1748150175660 141.0 705000
1748150177887 142.0 710000
1748150180071 143.0 715000
1748150182256 144.0 720000
1748150184407 145.0 725000
1748150186545 146.0 730000
1748150188705 147.0 735000
1748150190879 148.0 740000
1748150193114 149.0 745000
1748150195253 150.0 750000
1748150197413 151.0 755000
1748150199623 152.0 760000
1748150201842 153.0 765000
1748150203999 154.0 770000
1748150206175 155.0 775000
1748150208348 156.0 780000
1748150210552 157.0 785000
1748150212707 158.0 790000
1748150214889 159.0 795000
1748150217031 160.0 800000
1748150219333 161.0 805000
1748150221528 162.0 810000
1748150223721 163.0 815000
1748150225997 164.0 820000
1748150228206 165.0 825000
1748150230521 166.0 830000
1748150232679 167.0 835000
1748150234914 168.0 840000
1748150237112 169.0 845000
1748150239285 170.0 850000
1748150241455 171.0 855000
1748150243633 172.0 860000
1748150245794 173.0 865000
1748150247972 174.0 870000
1748150250138 175.0 875000
1748150252386 176.0 880000
1748150254549 177.0 885000
1748150256783 178.0 890000
1748150259121 179.0 895000
1748150261474 180.0 900000
1748150263765 181.0 905000
1748150266103 182.0 910000
1748150268408 183.0 915000
1748150270724 184.0 920000
1748150272955 185.0 925000
1748150275136 186.0 930000
1748150277298 187.0 935000
1748150279596 188.0 940000
1748150281869 189.0 945000
1748150284178 190.0 950000
1748150286353 191.0 955000
1748150288597 192.0 960000
1748150290796 193.0 965000
1748150293020 194.0 970000
1748150295197 195.0 975000
1748150297359 196.0 980000
1748150299519 197.0 985000
1748150301683 198.0 990000
1748150303950 199.0 995000
1748150306139 200.0 1000000
1748150308409 201.0 1005000
1748150310689 202.0 1010000
1748150313008 203.0 1015000
1748150315374 204.0 1020000
1748150317686 205.0 1025000
1748150319998 206.0 1030000
1748150322328 207.0 1035000
1748150324629 208.0 1040000
1748150326936 209.0 1045000
1748150329330 210.0 1050000
1748150331653 211.0 1055000
1748150333972 212.0 1060000
1748150336294 213.0 1065000
1748150338627 214.0 1070000
1748150340793 215.0 1075000
1748150342957 216.0 1080000
1748150345122 217.0 1085000
1748150347295 218.0 1090000
1748150349553 219.0 1095000
1748150351719 220.0 1100000
1748150353955 221.0 1105000
1748150356273 222.0 1110000
1748150358491 223.0 1115000
1748150360749 224.0 1120000
1748150363186 225.0 1125000
1748150365419 226.0 1130000
1748150367606 227.0 1135000
1748150369769 228.0 1140000
1748150372096 229.0 1145000
1748150374275 230.0 1150000
1748150376465 231.0 1155000
1748150378632 232.0 1160000
1748150380791 233.0 1165000
1748150382989 234.0 1170000
1748150385231 235.0 1175000
1748150387417 236.0 1180000
1748150389656 237.0 1185000
1748150391826 238.0 1190000
1748150394041 239.0 1195000
1748150396231 240.0 1200000
1748150398398 241.0 1205000
1748150400585 242.0 1210000
1748150402767 243.0 1215000
1748150405061 244.0 1220000
1748150407352 245.0 1225000
1748150409579 246.0 1230000
1748150411829 247.0 1235000
1748150414135 248.0 1240000
1748150416356 249.0 1245000
1748150418733 250.0 1250000
1748150420969 251.0 1255000
1748150423228 252.0 1260000
1748150425395 253.0 1265000
1748150427564 254.0 1270000
1748150429774 255.0 1275000
1748150431945 256.0 1280000
1748150434171 257.0 1285000
1748150436381 258.0 1290000
1748150438582 259.0 1295000
1748150440757 260.0 1300000
1748150442938 261.0 1305000
1748150445110 262.0 1310000
1748150447313 263.0 1315000
1748150449477 264.0 1320000
1748150451717 265.0 1325000
1748150453977 266.0 1330000
1748150456142 267.0 1335000
1748150458323 268.0 1340000
1748150460639 269.0 1345000
1748150462812 270.0 1350000
1748150464986 271.0 1355000
1748150467161 272.0 1360000
1748150469411 273.0 1365000
1748150471586 274.0 1370000
1748150473776 275.0 1375000
1748150475941 276.0 1380000
1748150478311 277.0 1385000
1748150480496 278.0 1390000
1748150482678 279.0 1395000
1748150484882 280.0 1400000
1748150487203 281.0 1405000
1748150489368 282.0 1410000
1748150491543 283.0 1415000
1748150493707 284.0 1420000
1748150496057 285.0 1425000
1748150498287 286.0 1430000
1748150500456 287.0 1435000
1748150502644 288.0 1440000
1748150504816 289.0 1445000
1748150507018 290.0 1450000
1748150509298 291.0 1455000
1748150511488 292.0 1460000
1748150513676 293.0 1465000
1748150515900 294.0 1470000
1748150518135 295.0 1475000
1748150520465 296.0 1480000
1748150522672 297.0 1485000
1748150524876 298.0 1490000
1748150527168 299.0 1495000
1748150529463 300.0 1500000
1748150531657 301.0 1505000
1748150533880 302.0 1510000
1748150536094 303.0 1515000
1748150538335 304.0 1520000
