1748149861231 22.673031026252982 5000
1748149863414 22.673031026252982 10000
1748149865626 23.15035799522673 15000
1748149868044 26.968973747016705 20000
1748149870389 26.49164677804296 25000
1748149872783 28.162291169451077 30000
1748149875084 30.54892601431981 35000
1748149877384 27.20763723150358 40000
1748149879620 23.389021479713605 45000
1748149881912 30.071599045346066 50000
1748149884130 27.923627684964202 55000
1748149886290 26.49164677804296 60000
1748149888474 28.400954653937948 65000
1748149890741 26.968973747016705 70000
1748149892968 25.29832935560859 75000
1748149895293 20.286396181384248 80000
1748149897617 26.730310262529834 85000
1748149899917 20.286396181384248 90000
1748149902234 31.026252983293556 95000
1748149904662 27.684964200477324 100000
1748149906983 23.86634844868735 105000
1748149909287 29.594272076372313 110000
1748149911668 24.105011933174225 115000
1748149913974 31.5035799522673 120000
1748149916217 25.775656324582343 125000
1748149918403 23.627684964200476 130000
1748149920591 23.389021479713605 135000
1748149922792 31.26491646778043 140000
1748149924952 25.775656324582343 145000
1748149927207 25.775656324582343 150000
1748149929391 26.49164677804296 155000
1748149931559 37.47016706443914 160000
1748149933768 26.49164677804296 165000
1748149935932 29.832935560859188 170000
1748149938253 30.310262529832936 175000
1748149940419 24.105011933174225 180000
1748149942638 31.980906921241047 185000
1748149944829 31.742243436754176 190000
1748149947009 26.730310262529834 195000
1748149949404 29.832935560859188 200000
1748149951687 20.286396181384248 205000
1748149953929 22.195704057279237 210000
1748149956121 9.307875894988067 215000
1748149958277 20.286396181384248 220000
1748149960501 24.821002386634845 225000
1748149962681 15.75178997613365 230000
1748149964858 24.105011933174225 235000
1748149967027 26.25298329355609 240000
1748149969274 27.923627684964202 245000
1748149971464 24.105011933174225 250000
1748149973729 24.3436754176611 255000
1748149975986 31.980906921241047 260000
1748149978180 30.071599045346066 265000
1748149980368 24.821002386634845 270000
1748149982537 31.980906921241047 275000
1748149984700 28.639618138424822 280000
1748149986914 27.923627684964202 285000
1748149989105 30.54892601431981 290000
1748149991277 27.44630071599045 295000
1748149993467 31.026252983293556 300000
1748149995659 35.32219570405728 305000
1748149997911 28.162291169451077 310000
1748150000084 27.923627684964202 315000
1748150002285 32.21957040572792 320000
1748150004461 34.84486873508354 325000
1748150006759 27.923627684964202 330000
1748150009142 24.3436754176611 335000
1748150011494 34.84486873508354 340000
1748150013836 29.832935560859188 345000
1748150016220 13.126491646778044 350000
1748150018419 27.684964200477324 355000
1748150020664 26.014319809069214 360000
1748150022832 29.594272076372313 365000
1748150025091 24.821002386634845 370000
1748150027295 25.53699284009546 375000
1748150029486 30.071599045346066 380000
1748150031774 32.4582338902148 385000
1748150034089 33.65155131264916 390000
1748150036264 30.310262529832936 395000
1748150038473 20.047732696897373 400000
1748150040801 28.400954653937948 405000
1748150043008 22.195704057279237 410000
1748150045179 20.763723150357997 415000
1748150047357 31.026252983293556 420000
1748150049540 24.105011933174225 425000
1748150051723 24.821002386634845 430000
1748150053992 21.241050119331742 435000
1748150056174 29.594272076372313 440000
1748150058377 26.49164677804296 445000
1748150060554 26.49164677804296 450000
1748150062864 39.856801909307876 455000
1748150065210 31.026252983293556 460000
1748150067406 31.26491646778043 465000
1748150069620 27.684964200477324 470000
1748150072055 36.9928400954654 475000
1748150074465 35.32219570405728 480000
1748150076848 28.878281622911693 485000
1748150079226 24.3436754176611 490000
1748150081549 22.673031026252982 495000
1748150083972 21.241050119331742 500000
1748150086286 28.639618138424822 505000
1748150088533 31.026252983293556 510000
1748150090800 26.968973747016705 515000
1748150092998 41.766109785202865 520000
1748150095167 31.742243436754176 525000
1748150097342 32.93556085918855 530000
1748150099537 21.957040572792362 535000
1748150101770 32.21957040572792 540000
1748150103933 34.84486873508354 545000
1748150106155 20.763723150357997 550000
1748150108477 27.684964200477324 555000
1748150110856 31.742243436754176 560000
1748150113241 26.730310262529834 565000
1748150115554 26.968973747016705 570000
1748150117856 27.923627684964202 575000
1748150120136 27.923627684964202 580000
1748150122313 28.878281622911693 585000
1748150124502 21.957040572792362 590000
1748150126680 26.968973747016705 595000
1748150128832 28.639618138424822 600000
1748150131230 28.400954653937948 605000
1748150133409 34.60620525059666 610000
1748150135579 36.0381861575179 615000
1748150137956 34.60620525059666 620000
1748150140245 38.66348448687351 625000
1748150142552 36.0381861575179 630000
1748150144854 31.5035799522673 635000
1748150147145 29.832935560859188 640000
1748150149300 28.400954653937948 645000
1748150151461 22.673031026252982 650000
1748150153619 31.980906921241047 655000
1748150155803 25.775656324582343 660000
1748150157958 28.400954653937948 665000
1748150160165 28.400954653937948 670000
1748150162302 24.58233890214797 675000
1748150164506 30.071599045346066 680000
1748150166821 25.53699284009546 685000
1748150169150 30.310262529832936 690000
1748150171308 29.116945107398568 695000
1748150173473 29.832935560859188 700000
1748150175663 22.673031026252982 705000
1748150177890 29.594272076372313 710000
1748150180076 17.66109785202864 715000
1748150182260 27.923627684964202 720000
1748150184410 29.832935560859188 725000
1748150186548 25.775656324582343 730000
1748150188709 32.21957040572792 735000
1748150190883 33.17422434367542 740000
1748150193117 30.787589498806682 745000
1748150195256 22.911694510739856 750000
1748150197418 28.878281622911693 755000
1748150199626 25.53699284009546 760000
1748150201845 27.684964200477324 765000
1748150204002 24.58233890214797 770000
1748150206179 27.44630071599045 775000
1748150208351 32.21957040572792 780000
1748150210555 27.44630071599045 785000
1748150212711 30.310262529832936 790000
1748150214892 26.014319809069214 795000
1748150217034 28.162291169451077 800000
1748150219336 28.878281622911693 805000
1748150221532 30.54892601431981 810000
1748150223724 24.105011933174225 815000
1748150226001 27.923627684964202 820000
1748150228210 28.878281622911693 825000
1748150230525 30.54892601431981 830000
1748150232684 29.832935560859188 835000
1748150234917 32.93556085918855 840000
1748150237116 28.400954653937948 845000
1748150239288 22.195704057279237 850000
1748150241459 28.878281622911693 855000
1748150243636 27.20763723150358 860000
1748150245797 30.787589498806682 865000
1748150247975 31.742243436754176 870000
1748150250141 25.29832935560859 875000
1748150252390 25.775656324582343 880000
1748150254552 30.787589498806682 885000
1748150256786 25.29832935560859 890000
1748150259124 37.70883054892602 895000
1748150261477 26.968973747016705 900000
1748150263768 29.832935560859188 905000
1748150266106 28.639618138424822 910000
1748150268412 25.775656324582343 915000
1748150270728 23.15035799522673 920000
1748150272960 27.44630071599045 925000
1748150275139 24.105011933174225 930000
1748150277302 19.809069212410503 935000
1748150279599 28.400954653937948 940000
1748150281872 28.878281622911693 945000
1748150284181 28.400954653937948 950000
1748150286357 30.071599045346066 955000
1748150288601 29.594272076372313 960000
1748150290799 31.742243436754176 965000
1748150293027 27.44630071599045 970000
1748150295200 30.071599045346066 975000
1748150297362 25.059665871121716 980000
1748150299522 29.594272076372313 985000
1748150301686 24.58233890214797 990000
1748150303953 28.162291169451077 995000
1748150306142 26.968973747016705 1000000
1748150308413 29.116945107398568 1005000
1748150310693 26.014319809069214 1010000
1748150313011 25.059665871121716 1015000
1748150315378 29.594272076372313 1020000
1748150317690 23.15035799522673 1025000
1748150320002 26.968973747016705 1030000
1748150322332 25.53699284009546 1035000
1748150324632 22.434367541766107 1040000
1748150326939 23.627684964200476 1045000
1748150329335 28.639618138424822 1050000
1748150331656 27.20763723150358 1055000
1748150333976 26.25298329355609 1060000
1748150336297 21.002386634844868 1065000
1748150338630 28.400954653937948 1070000
1748150340796 21.479713603818613 1075000
1748150342961 22.434367541766107 1080000
1748150345125 26.730310262529834 1085000
1748150347298 24.821002386634845 1090000
1748150349556 21.71837708830549 1095000
1748150351723 24.3436754176611 1100000
1748150353958 27.684964200477324 1105000
1748150356276 28.639618138424822 1110000
1748150358494 25.059665871121716 1115000
1748150360752 27.20763723150358 1120000
1748150363191 37.23150357995227 1125000
1748150365422 22.673031026252982 1130000
1748150367610 15.990453460620524 1135000
1748150369772 26.968973747016705 1140000
1748150372099 25.53699284009546 1145000
1748150374278 16.2291169451074 1150000
1748150376468 28.400954653937948 1155000
1748150378635 23.15035799522673 1160000
1748150380794 30.787589498806682 1165000
1748150382992 30.54892601431981 1170000
1748150385234 30.310262529832936 1175000
1748150387421 27.684964200477324 1180000
1748150389659 26.25298329355609 1185000
1748150391829 28.400954653937948 1190000
1748150394046 32.21957040572792 1195000
1748150396234 27.44630071599045 1200000
1748150398401 21.957040572792362 1205000
1748150400588 28.878281622911693 1210000
1748150402771 22.911694510739856 1215000
1748150405064 38.424821002386636 1220000
1748150407355 37.94749403341289 1225000
1748150409582 28.878281622911693 1230000
1748150411833 26.25298329355609 1235000
1748150414138 33.65155131264916 1240000
1748150416359 26.25298329355609 1245000
1748150418736 19.809069212410503 1250000
1748150420972 23.627684964200476 1255000
1748150423232 18.138424821002385 1260000
1748150425398 25.29832935560859 1265000
1748150427567 23.15035799522673 1270000
1748150429777 28.639618138424822 1275000
1748150431948 28.162291169451077 1280000
1748150434174 27.44630071599045 1285000
1748150436384 29.355608591885442 1290000
1748150438586 26.25298329355609 1295000
1748150440761 35.08353221957041 1300000
1748150442941 18.615751789976134 1305000
1748150445114 23.86634844868735 1310000
1748150447317 36.754176610978526 1315000
1748150449481 29.116945107398568 1320000
1748150451720 29.116945107398568 1325000
1748150453980 30.310262529832936 1330000
1748150456145 25.059665871121716 1335000
1748150458326 24.821002386634845 1340000
1748150460645 24.105011933174225 1345000
1748150462815 30.071599045346066 1350000
1748150464989 29.355608591885442 1355000
1748150467164 34.60620525059666 1360000
1748150469414 21.71837708830549 1365000
1748150471589 27.20763723150358 1370000
1748150473779 26.730310262529834 1375000
1748150475944 24.105011933174225 1380000
1748150478315 30.310262529832936 1385000
1748150480499 32.93556085918855 1390000
1748150482682 29.355608591885442 1395000
1748150484885 30.071599045346066 1400000
1748150487206 32.93556085918855 1405000
1748150489371 27.684964200477324 1410000
1748150491546 26.49164677804296 1415000
1748150493710 33.65155131264916 1420000
1748150496061 30.54892601431981 1425000
1748150498290 31.5035799522673 1430000
1748150500459 34.12887828162291 1435000
1748150502647 31.026252983293556 1440000
1748150504819 29.832935560859188 1445000
1748150507029 24.821002386634845 1450000
1748150509302 27.44630071599045 1455000
1748150511491 28.639618138424822 1460000
1748150513679 25.29832935560859 1465000
1748150515903 25.059665871121716 1470000
1748150518138 24.3436754176611 1475000
1748150520469 25.059665871121716 1480000
1748150522675 27.44630071599045 1485000
1748150524879 28.878281622911693 1490000
1748150527172 27.923627684964202 1495000
1748150529466 17.42243436754177 1500000
1748150531661 20.763723150357997 1505000
1748150533884 24.58233890214797 1510000
1748150536097 30.54892601431981 1515000
1748150538338 15.274463007159905 1520000
