1748149861230 106506.34 5000
1748149863413 108565.56 10000
1748149865625 107063.28 15000
1748149868043 125718.44 20000
1748149870388 113595.54 25000
1748149872782 128330.46 30000
1748149875083 130308.86 35000
1748149877384 112835.88 40000
1748149879619 113569.96 45000
1748149881911 120437.56 50000
1748149884129 107259.84 55000
1748149886289 114304.12 60000
1748149888473 134337.08 65000
1748149890740 115185.3 70000
1748149892967 122405.22 75000
1748149895292 111359.58 80000
1748149897615 115040.08 85000
1748149899917 104520.34 90000
1748149902234 134165.36 95000
1748149904661 129735.1 100000
1748149906982 123651.64 105000
1748149909286 125764.68 110000
1748149911667 121474.86 115000
1748149913973 120336.94 120000
1748149916216 117152.22 125000
1748149918402 105361.34 130000
1748149920590 114923.5 135000
1748149922791 125578.22 140000
1748149924951 116671.38 145000
1748149927206 117796.68 150000
1748149929390 111494.14 155000
1748149931558 125586.5 160000
1748149933767 120030.26 165000
1748149935931 114263.74 170000
1748149938252 119177.58 175000
1748149940418 121685.04 180000
1748149942637 114399.54 185000
1748149944828 113107.02 190000
1748149947008 114256.76 195000
1748149949403 125750.1 200000
1748149951686 120720.54 205000
1748149953928 111697.12 210000
1748149956120 80111.52 215000
1748149958276 89624.58 220000
1748149960500 125221.44 225000
1748149962680 95397.1 230000
1748149964857 113851.56 235000
1748149967027 105397.42 240000
1748149969273 124032.4 245000
1748149971463 110136.56 250000
1748149973728 112637.2 255000
1748149975985 127283.22 260000
1748149978179 120750.72 265000
1748149980366 110548.24 270000
1748149982536 128683.34 275000
1748149984699 126954.9 280000
1748149986913 127959.78 285000
1748149989104 136834.58 290000
1748149991276 121956.7 295000
1748149993466 131039.12 300000
1748149995659 131528.52 305000
1748149997910 129589.94 310000
1748150000083 120325.08 315000
1748150002284 129891.12 320000
1748150004460 123819.44 325000
1748150006758 122050.96 330000
1748150009141 137053.66 335000
1748150011493 138257.6 340000
1748150013835 125869.36 345000
1748150016220 86187.78 350000
1748150018418 121497.4 355000
1748150020663 118557.56 360000
1748150022830 111504.34 365000
1748150025090 114829.14 370000
1748150027294 106767.32 375000
1748150029485 124262.58 380000
1748150031773 121063.28 385000
1748150034088 118012.6 390000
1748150036263 133373.0 395000
1748150038472 110601.02 400000
1748150040800 125286.92 405000
1748150043007 125415.96 410000
1748150045179 118571.22 415000
1748150047356 128970.66 420000
1748150049539 114084.24 425000
1748150051722 107147.0 430000
1748150053991 107149.38 435000
1748150056173 138109.44 440000
1748150058376 113752.22 445000
1748150060553 118874.24 450000
1748150062863 125388.14 455000
1748150065209 126683.0 460000
1748150067405 121207.56 465000
1748150069619 116704.5 470000
1748150072054 98784.92 475000
1748150074464 113583.96 480000
1748150076847 130657.12 485000
1748150079225 117925.84 490000
1748150081548 110657.52 495000
1748150083971 105162.3 500000
1748150086285 115398.16 505000
1748150088532 117399.1 510000
1748150090799 128132.38 515000
1748150092998 109891.72 520000
1748150095166 113621.32 525000
1748150097341 122567.28 530000
1748150099536 110622.68 535000
1748150101769 138963.04 540000
1748150103933 106351.38 545000
1748150106154 109436.86 550000
1748150108476 108525.44 555000
1748150110855 127679.2 560000
1748150113240 112689.64 565000
1748150115553 115054.68 570000
1748150117855 121330.42 575000
1748150120135 116682.5 580000
1748150122312 123802.26 585000
1748150124501 111359.88 590000
1748150126679 116963.72 595000
1748150128831 120408.3 600000
1748150131229 111737.12 605000
1748150133408 123550.92 610000
1748150135578 126004.44 615000
1748150137955 131061.7 620000
1748150140244 131277.24 625000
1748150142552 116276.4 630000
1748150144853 105666.3 635000
1748150147144 129515.18 640000
1748150149299 107655.64 645000
1748150151460 104795.94 650000
1748150153618 102907.86 655000
1748150155802 122641.78 660000
1748150157957 125457.06 665000
1748150160164 107632.42 670000
1748150162301 94780.78 675000
1748150164505 108147.14 680000
1748150166821 121680.76 685000
1748150169149 112674.64 690000
1748150171307 122667.98 695000
1748150173472 120474.4 700000
1748150175662 104289.94 705000
1748150177889 124702.22 710000
1748150180075 92811.64 715000
1748150182259 116835.96 720000
1748150184409 123811.64 725000
1748150186548 132349.06 730000
1748150188708 116799.22 735000
1748150190882 131628.9 740000
1748150193117 117687.48 745000
1748150195255 109101.54 750000
1748150197417 105757.86 755000
1748150199626 114823.56 760000
1748150201844 115186.4 765000
1748150204001 123489.62 770000
1748150206178 112641.1 775000
1748150208350 123041.46 780000
1748150210554 124738.48 785000
1748150212710 127334.48 790000
1748150214891 115055.6 795000
1748150217033 110571.32 800000
1748150219335 114389.28 805000
1748150221531 126148.64 810000
1748150223723 113164.32 815000
1748150226000 109541.12 820000
1748150228209 109791.52 825000
1748150230524 119045.16 830000
1748150232683 130955.3 835000
1748150234916 120170.44 840000
1748150237115 123514.02 845000
1748150239287 104051.2 850000
1748150241458 116106.54 855000
1748150243636 123169.14 860000
1748150245796 114806.42 865000
1748150247974 138200.06 870000
1748150250140 119486.78 875000
1748150252389 103930.82 880000
1748150254551 118256.4 885000
1748150256785 118752.28 890000
1748150259124 125161.68 895000
1748150261476 109037.04 900000
1748150263767 134701.78 905000
1748150266105 116436.36 910000
1748150268411 90272.6 915000
1748150270727 108579.42 920000
1748150272959 123015.8 925000
1748150275138 116333.56 930000
1748150277301 98273.22 935000
1748150279598 107479.88 940000
1748150281871 123452.26 945000
1748150284180 113672.64 950000
1748150286355 111238.32 955000
1748150288600 105870.44 960000
1748150290798 127817.12 965000
1748150293026 127653.12 970000
1748150295199 117286.42 975000
1748150297361 99374.74 980000
1748150299521 122252.9 985000
1748150301685 106433.86 990000
1748150303953 114801.12 995000
1748150306141 119975.64 1000000
1748150308412 125434.08 1005000
1748150310692 123373.28 1010000
1748150313010 121840.62 1015000
1748150315378 107832.96 1020000
1748150317689 101187.58 1025000
1748150320000 122649.24 1030000
1748150322331 119729.2 1035000
1748150324631 110923.42 1040000
1748150326938 122046.34 1045000
1748150329334 119457.28 1050000
1748150331655 110537.18 1055000
1748150333974 120233.86 1060000
1748150336296 103773.92 1065000
1748150338629 127411.68 1070000
1748150340795 114722.22 1075000
1748150342960 120303.12 1080000
1748150345124 115810.02 1085000
1748150347297 113509.28 1090000
1748150349555 112019.16 1095000
1748150351722 107676.58 1100000
1748150353957 115541.22 1105000
1748150356275 110540.74 1110000
1748150358493 88906.5 1115000
1748150360752 129478.96 1120000
1748150363190 132363.76 1125000
1748150365421 104029.74 1130000
1748150367609 81530.64 1135000
1748150369771 117322.64 1140000
1748150372098 132156.28 1145000
1748150374277 103654.76 1150000
1748150376467 124844.36 1155000
1748150378634 111045.72 1160000
1748150380793 117270.04 1165000
1748150382991 108797.0 1170000
1748150385233 126266.92 1175000
1748150387420 117040.92 1180000
1748150389658 98200.96 1185000
1748150391828 112019.94 1190000
1748150394045 119273.12 1195000
1748150396234 120585.54 1200000
1748150398400 97876.58 1205000
1748150400587 124988.08 1210000
1748150402770 106206.9 1215000
1748150405063 122629.28 1220000
1748150407354 133097.58 1225000
1748150409581 115446.7 1230000
1748150411832 121026.12 1235000
1748150414137 127458.1 1240000
1748150416358 107853.22 1245000
1748150418736 102427.52 1250000
1748150420971 107286.18 1255000
1748150423231 93259.06 1260000
1748150425397 117245.34 1265000
1748150427566 105771.38 1270000
1748150429776 122587.04 1275000
1748150431947 113297.42 1280000
1748150434173 114038.94 1285000
1748150436383 122275.72 1290000
1748150438585 94216.22 1295000
1748150440760 112584.7 1300000
1748150442940 86758.5 1305000
1748150445113 96113.88 1310000
1748150447316 116243.8 1315000
1748150449480 118072.68 1320000
1748150451719 102464.58 1325000
1748150453979 115612.12 1330000
1748150456144 100493.08 1335000
1748150458325 125925.34 1340000
1748150460644 106668.64 1345000
1748150462814 122294.42 1350000
1748150464989 113966.58 1355000
1748150467163 120423.44 1360000
1748150469414 108247.34 1365000
1748150471588 116401.08 1370000
1748150473778 109127.0 1375000
1748150475943 106797.86 1380000
1748150478314 117006.24 1385000
1748150480499 126639.8 1390000
1748150482681 116755.14 1395000
1748150484884 102322.8 1400000
1748150487205 132287.98 1405000
1748150489370 111074.74 1410000
1748150491545 108188.28 1415000
1748150493709 121695.16 1420000
1748150496060 124254.82 1425000
1748150498289 116580.84 1430000
1748150500458 115563.02 1435000
1748150502647 114647.18 1440000
1748150504818 111471.04 1445000
1748150507025 120264.04 1450000
1748150509301 123236.2 1455000
1748150511490 116386.1 1460000
1748150513678 107303.88 1465000
1748150515902 113195.74 1470000
1748150518137 120592.4 1475000
1748150520468 119973.32 1480000
1748150522674 123125.04 1485000
1748150524878 121623.16 1490000
1748150527171 113381.26 1495000
1748150529465 98894.52 1500000
1748150531660 103556.0 1505000
1748150533883 113934.52 1510000
1748150536096 117677.26 1515000
1748150538337 96455.88 1520000
