1748149861230 965.06 5000
1748149863413 985.66 10000
1748149865624 970.63 15000
1748149868043 1157.18 20000
1748149870388 1035.96 25000
1748149872781 1183.3 30000
1748149875083 1203.09 35000
1748149877383 1028.36 40000
1748149879618 1035.7 45000
1748149881910 1104.38 50000
1748149884129 972.6 55000
1748149886288 1043.04 60000
1748149888472 1243.37 65000
1748149890740 1051.85 70000
1748149892966 1124.05 75000
1748149895291 1013.6 80000
1748149897615 1050.4 85000
1748149899916 945.2 90000
1748149902233 1241.65 95000
1748149904660 1197.35 100000
1748149906981 1136.52 105000
1748149909285 1157.65 110000
1748149911667 1114.75 115000
1748149913973 1103.37 120000
1748149916216 1071.52 125000
1748149918402 953.61 130000
1748149920589 1049.24 135000
1748149922790 1155.78 140000
1748149924950 1066.71 145000
1748149927205 1077.97 150000
1748149929389 1014.94 155000
1748149931558 1155.87 160000
1748149933767 1100.3 165000
1748149935931 1042.64 170000
1748149938251 1091.78 175000
1748149940417 1116.85 180000
1748149942636 1044.0 185000
1748149944828 1031.07 190000
1748149947007 1042.57 195000
1748149949402 1157.5 200000
1748149951685 1107.21 205000
1748149953927 1016.97 210000
1748149956120 701.12 215000
1748149958276 796.25 220000
1748149960500 1152.21 225000
1748149962680 853.97 230000
1748149964857 1038.52 235000
1748149967026 953.97 240000
1748149969272 1140.32 245000
1748149971462 1001.37 250000
1748149973728 1026.37 255000
1748149975985 1172.83 260000
1748149978179 1107.51 265000
1748149980366 1005.48 270000
1748149982535 1186.83 275000
1748149984698 1169.55 280000
1748149986912 1179.6 285000
1748149989103 1268.35 290000
1748149991276 1119.57 295000
1748149993465 1210.39 300000
1748149995658 1215.29 305000
1748149997909 1195.9 310000
1748150000082 1103.25 315000
1748150002284 1198.91 320000
1748150004460 1138.19 325000
1748150006758 1120.51 330000
1748150009140 1270.54 335000
1748150011493 1282.58 340000
1748150013834 1158.69 345000
1748150016219 761.88 350000
1748150018417 1114.97 355000
1748150020663 1085.58 360000
1748150022830 1015.04 365000
1748150025090 1048.29 370000
1748150027293 967.67 375000
1748150029485 1142.63 380000
1748150031773 1110.63 385000
1748150034087 1080.13 390000
1748150036262 1233.73 395000
1748150038472 1006.01 400000
1748150040799 1152.87 405000
1748150043006 1154.16 410000
1748150045178 1085.71 415000
1748150047356 1189.71 420000
1748150049539 1040.84 425000
1748150051721 971.47 430000
1748150053991 971.49 435000
1748150056172 1281.09 440000
1748150058376 1037.52 445000
1748150060553 1088.74 450000
1748150062862 1153.88 455000
1748150065209 1166.83 460000
1748150067404 1112.08 465000
1748150069619 1067.05 470000
1748150072053 887.85 475000
1748150074463 1035.84 480000
1748150076847 1206.57 485000
1748150079225 1079.26 490000
1748150081548 1006.58 495000
1748150083971 951.62 500000
1748150086284 1053.98 505000
1748150088532 1073.99 510000
1748150090798 1181.32 515000
1748150092997 998.92 520000
1748150095165 1036.21 525000
1748150097340 1125.67 530000
1748150099536 1006.23 535000
1748150101768 1289.63 540000
1748150103932 963.51 545000
1748150106153 994.37 550000
1748150108475 985.25 555000
1748150110854 1176.79 560000
1748150113239 1026.9 565000
1748150115553 1050.55 570000
1748150117854 1113.3 575000
1748150120134 1066.83 580000
1748150122311 1138.02 585000
1748150124501 1013.6 590000
1748150126679 1069.64 595000
1748150128830 1104.08 600000
1748150131229 1017.37 605000
1748150133407 1135.51 610000
1748150135577 1160.04 615000
1748150137954 1210.62 620000
1748150140244 1212.77 625000
1748150142551 1062.76 630000
1748150144852 956.66 635000
1748150147144 1195.15 640000
1748150149299 976.56 645000
1748150151460 947.96 650000
1748150153617 929.08 655000
1748150155802 1126.42 660000
1748150157957 1154.57 665000
1748150160163 976.32 670000
1748150162300 847.81 675000
1748150164505 981.47 680000
1748150166820 1116.81 685000
1748150169148 1026.75 690000
1748150171307 1126.68 695000
1748150173472 1104.74 700000
1748150175662 942.9 705000
1748150177888 1147.02 710000
1748150180075 828.12 715000
1748150182258 1068.36 720000
1748150184408 1138.12 725000
1748150186547 1223.49 730000
1748150188707 1067.99 735000
1748150190881 1216.29 740000
1748150193116 1076.87 745000
1748150195255 991.02 750000
1748150197417 957.58 755000
1748150199625 1048.24 760000
1748150201843 1051.86 765000
1748150204001 1134.9 770000
1748150206177 1026.41 775000
1748150208350 1130.41 780000
1748150210554 1147.38 785000
1748150212710 1173.34 790000
1748150214891 1050.56 795000
1748150217033 1005.71 800000
1748150219335 1043.89 805000
1748150221530 1161.49 810000
1748150223722 1031.64 815000
1748150225999 995.41 820000
1748150228208 997.92 825000
1748150230523 1090.45 830000
1748150232682 1209.55 835000
1748150234916 1101.7 840000
1748150237114 1135.14 845000
1748150239287 940.51 850000
1748150241457 1061.07 855000
1748150243635 1131.69 860000
1748150245796 1048.06 865000
1748150247973 1282.0 870000
1748150250139 1094.87 875000
1748150252389 939.31 880000
1748150254551 1082.56 885000
1748150256784 1087.52 890000
1748150259123 1151.62 895000
1748150261476 990.37 900000
1748150263766 1247.02 905000
1748150266104 1064.36 910000
1748150268410 802.73 915000
1748150270726 985.79 920000
1748150272958 1130.16 925000
1748150275138 1063.34 930000
1748150277300 882.73 935000
1748150279598 974.8 940000
1748150281870 1134.52 945000
1748150284179 1036.73 950000
1748150286355 1012.38 955000
1748150288599 958.7 960000
1748150290798 1178.17 965000
1748150293025 1176.53 970000
1748150295199 1072.86 975000
1748150297360 893.75 980000
1748150299520 1122.53 985000
1748150301685 964.34 990000
1748150303952 1048.01 995000
1748150306141 1099.76 1000000
1748150308411 1154.34 1005000
1748150310691 1133.73 1010000
1748150313010 1118.41 1015000
1748150315377 978.33 1020000
1748150317688 911.88 1025000
1748150320000 1126.49 1030000
1748150322330 1097.29 1035000
1748150324631 1009.23 1040000
1748150326938 1120.46 1045000
1748150329333 1094.57 1050000
1748150331654 1005.37 1055000
1748150333974 1102.34 1060000
1748150336296 937.74 1065000
1748150338629 1174.12 1070000
1748150340795 1047.22 1075000
1748150342959 1103.03 1080000
1748150345124 1058.1 1085000
1748150347297 1035.09 1090000
1748150349555 1020.19 1095000
1748150351721 976.77 1100000
1748150353957 1055.41 1105000
1748150356275 1005.41 1110000
1748150358493 789.07 1115000
1748150360751 1194.79 1120000
1748150363189 1223.64 1125000
1748150365421 940.3 1130000
1748150367608 715.31 1135000
1748150369770 1073.23 1140000
1748150372097 1221.56 1145000
1748150374277 936.55 1150000
1748150376467 1148.44 1155000
1748150378634 1010.46 1160000
1748150380793 1072.7 1165000
1748150382991 987.97 1170000
1748150385233 1162.67 1175000
1748150387419 1070.41 1180000
1748150389657 882.01 1185000
1748150391828 1020.2 1190000
1748150394044 1092.73 1195000
1748150396233 1105.86 1200000
1748150398399 878.77 1205000
1748150400587 1149.88 1210000
1748150402770 962.07 1215000
1748150405063 1126.29 1220000
1748150407354 1230.98 1225000
1748150409581 1054.47 1230000
1748150411831 1110.26 1235000
1748150414136 1174.58 1240000
1748150416358 978.53 1245000
1748150418735 924.28 1250000
1748150420971 972.86 1255000
1748150423230 832.59 1260000
1748150425397 1072.45 1265000
1748150427566 957.71 1270000
1748150429775 1125.87 1275000
1748150431947 1032.97 1280000
1748150434173 1040.39 1285000
1748150436383 1122.76 1290000
1748150438584 842.16 1295000
1748150440759 1025.85 1300000
1748150442939 767.59 1305000
1748150445112 861.14 1310000
1748150447315 1062.44 1315000
1748150449479 1080.73 1320000
1748150451718 924.65 1325000
1748150453979 1056.12 1330000
1748150456143 904.93 1335000
1748150458324 1159.25 1340000
1748150460641 966.69 1345000
1748150462814 1122.94 1350000
1748150464988 1039.67 1355000
1748150467162 1104.23 1360000
1748150469413 982.47 1365000
1748150471588 1064.01 1370000
1748150473777 991.27 1375000
1748150475943 967.98 1380000
1748150478314 1070.06 1385000
1748150480498 1166.4 1390000
1748150482680 1067.55 1395000
1748150484884 923.23 1400000
1748150487204 1222.88 1405000
1748150489370 1010.75 1410000
1748150491545 981.88 1415000
1748150493709 1116.95 1420000
1748150496059 1142.55 1425000
1748150498288 1065.81 1430000
1748150500458 1055.63 1435000
1748150502646 1046.47 1440000
1748150504817 1014.71 1445000
1748150507022 1102.64 1450000
1748150509300 1132.36 1455000
1748150511489 1063.86 1460000
1748150513677 973.04 1465000
1748150515902 1031.96 1470000
1748150518137 1105.92 1475000
1748150520468 1099.73 1480000
1748150522674 1131.25 1485000
1748150524878 1116.23 1490000
1748150527170 1033.81 1495000
1748150529465 888.95 1500000
1748150531659 935.56 1505000
1748150533882 1039.35 1510000
1748150536095 1076.77 1515000
1748150538337 864.56 1520000
