1748149861234 0.091324200913242 5000
1748149863416 0.182648401826484 10000
1748149865628 0.273972602739726 15000
1748149868047 0.365296803652968 20000
1748149870392 0.45662100456621 25000
1748149872785 0.547945205479452 30000
1748149875086 0.6392694063926941 35000
1748149877387 0.730593607305936 40000
1748149879622 0.821917808219178 45000
1748149881914 0.91324200913242 50000
1748149884133 1.004566210045662 55000
1748149886292 1.095890410958904 60000
1748149888476 1.187214611872146 65000
1748149890744 1.2785388127853883 70000
1748149892970 1.36986301369863 75000
1748149895295 1.461187214611872 80000
1748149897619 1.552511415525114 85000
1748149899920 1.643835616438356 90000
1748149902237 1.7351598173515983 95000
1748149904664 1.82648401826484 100000
1748149906986 1.9178082191780823 105000
1748149909289 2.009132420091324 110000
1748149911671 2.1004566210045663 115000
1748149913976 2.191780821917808 120000
1748149916220 2.28310502283105 125000
1748149918405 2.374429223744292 130000
1748149920593 2.4657534246575343 135000
1748149922794 2.5570776255707766 140000
1748149924954 2.6484018264840183 145000
1748149927210 2.73972602739726 150000
1748149929393 2.8310502283105023 155000
1748149931561 2.922374429223744 160000
1748149933771 3.0136986301369864 165000
1748149935934 3.105022831050228 170000
1748149938256 3.1963470319634704 175000
1748149940421 3.287671232876712 180000
1748149942640 3.3789954337899544 185000
1748149944832 3.4703196347031966 190000
1748149947013 3.5616438356164384 195000
1748149949406 3.65296803652968 200000
1748149951689 3.744292237442922 205000
1748149953931 3.8356164383561646 210000
1748149956124 3.9269406392694064 215000
1748149958280 4.018264840182648 220000
1748149960503 4.10958904109589 225000
1748149962683 4.200913242009133 230000
1748149964861 4.292237442922374 235000
1748149967030 4.383561643835616 240000
1748149969277 4.474885844748858 245000
1748149971466 4.5662100456621 250000
1748149973732 4.657534246575342 255000
1748149975988 4.748858447488584 260000
1748149978183 4.840182648401827 265000
1748149980371 4.931506849315069 270000
1748149982539 5.0228310502283104 275000
1748149984702 5.114155251141553 280000
1748149986917 5.205479452054795 285000
1748149989107 5.296803652968037 290000
1748149991280 5.3881278538812785 295000
1748149993469 5.47945205479452 300000
1748149995662 5.570776255707763 305000
1748149997914 5.662100456621005 310000
1748150000086 5.7534246575342465 315000
1748150002288 5.844748858447488 320000
1748150004463 5.93607305936073 325000
1748150006762 6.027397260273973 330000
1748150009145 6.1187214611872145 335000
1748150011496 6.210045662100456 340000
1748150013838 6.301369863013699 345000
1748150016223 6.392694063926941 350000
1748150018421 6.4840182648401825 355000
1748150020667 6.575342465753424 360000
1748150022834 6.666666666666667 365000
1748150025094 6.757990867579909 370000
1748150027297 6.8493150684931505 375000
1748150029488 6.940639269406393 380000
1748150031776 7.031963470319634 385000
1748150034091 7.123287671232877 390000
1748150036266 7.214611872146119 395000
1748150038475 7.30593607305936 400000
1748150040803 7.397260273972603 405000
1748150043010 7.488584474885844 410000
1748150045182 7.579908675799087 415000
1748150047360 7.671232876712329 420000
1748150049542 7.76255707762557 425000
1748150051725 7.853881278538813 430000
1748150053994 7.9452054794520555 435000
1748150056176 8.036529680365296 440000
1748150058380 8.12785388127854 445000
1748150060557 8.21917808219178 450000
1748150062866 8.310502283105023 455000
1748150065213 8.401826484018265 460000
1748150067408 8.493150684931507 465000
1748150069623 8.584474885844749 470000
1748150072057 8.67579908675799 475000
1748150074467 8.767123287671232 480000
1748150076850 8.858447488584476 485000
1748150079229 8.949771689497716 490000
1748150081551 9.04109589041096 495000
1748150083974 9.1324200913242 500000
1748150086288 9.223744292237443 505000
1748150088535 9.315068493150685 510000
1748150090802 9.406392694063927 515000
1748150093001 9.497716894977168 520000
1748150095169 9.58904109589041 525000
1748150097345 9.680365296803654 530000
1748150099540 9.771689497716896 535000
1748150101772 9.863013698630137 540000
1748150103936 9.954337899543379 545000
1748150106158 10.045662100456621 550000
1748150108480 10.136986301369863 555000
1748150110858 10.228310502283106 560000
1748150113244 10.319634703196346 565000
1748150115556 10.41095890410959 570000
1748150117858 10.50228310502283 575000
1748150120138 10.593607305936073 580000
1748150122316 10.684931506849315 585000
1748150124504 10.776255707762557 590000
1748150126682 10.867579908675799 595000
1748150128834 10.95890410958904 600000
1748150131232 11.050228310502282 605000
1748150133411 11.141552511415526 610000
1748150135581 11.232876712328768 615000
1748150137958 11.32420091324201 620000
1748150140248 11.415525114155251 625000
1748150142555 11.506849315068493 630000
1748150144856 11.598173515981735 635000
1748150147147 11.689497716894977 640000
1748150149302 11.78082191780822 645000
1748150151463 11.87214611872146 650000
1748150153621 11.963470319634704 655000
1748150155805 12.054794520547945 660000
1748150157961 12.146118721461187 665000
1748150160167 12.237442922374429 670000
1748150162304 12.32876712328767 675000
1748150164509 12.420091324200913 680000
1748150166824 12.511415525114156 685000
1748150169152 12.602739726027398 690000
1748150171310 12.694063926940638 695000
1748150173476 12.785388127853881 700000
1748150175665 12.876712328767123 705000
1748150177892 12.968036529680365 710000
1748150180079 13.059360730593609 715000
1748150182262 13.150684931506849 720000
1748150184412 13.24200913242009 725000
1748150186551 13.333333333333334 730000
1748150188711 13.424657534246576 735000
1748150190885 13.515981735159817 740000
1748150193120 13.607305936073057 745000
1748150195258 13.698630136986301 750000
1748150197420 13.789954337899543 755000
1748150199629 13.881278538812786 760000
1748150201847 13.972602739726028 765000
1748150204005 14.063926940639268 770000
1748150206181 14.15525114155251 775000
1748150208353 14.246575342465754 780000
1748150210557 14.337899543378995 785000
1748150212714 14.429223744292239 790000
1748150214895 14.520547945205479 795000
1748150217037 14.61187214611872 800000
1748150219339 14.703196347031962 805000
1748150221534 14.794520547945206 810000
1748150223726 14.885844748858448 815000
1748150226003 14.977168949771688 820000
1748150228212 15.068493150684931 825000
1748150230527 15.159817351598173 830000
1748150232686 15.251141552511417 835000
1748150234920 15.342465753424658 840000
1748150237118 15.4337899543379 845000
1748150239290 15.52511415525114 850000
1748150241461 15.616438356164384 855000
1748150243639 15.707762557077626 860000
1748150245799 15.79908675799087 865000
1748150247977 15.890410958904111 870000
1748150250143 15.981735159817351 875000
1748150252393 16.073059360730593 880000
1748150254555 16.164383561643834 885000
1748150256788 16.25570776255708 890000
1748150259127 16.34703196347032 895000
1748150261480 16.43835616438356 900000
1748150263770 16.5296803652968 905000
1748150266109 16.621004566210047 910000
1748150268415 16.71232876712329 915000
1748150270730 16.80365296803653 920000
1748150272962 16.894977168949772 925000
1748150275142 16.986301369863014 930000
1748150277304 17.077625570776256 935000
1748150279601 17.168949771689498 940000
1748150281874 17.26027397260274 945000
1748150284183 17.35159817351598 950000
1748150286359 17.442922374429223 955000
1748150288603 17.534246575342465 960000
1748150290801 17.62557077625571 965000
1748150293029 17.716894977168952 970000
1748150295203 17.80821917808219 975000
1748150297364 17.899543378995432 980000
1748150299524 17.990867579908677 985000
1748150301688 18.08219178082192 990000
1748150303956 18.17351598173516 995000
1748150306145 18.2648401826484 1000000
1748150308416 18.356164383561644 1005000
1748150310695 18.447488584474886 1010000
1748150313013 18.538812785388128 1015000
1748150315381 18.63013698630137 1020000
1748150317692 18.72146118721461 1025000
1748150320004 18.812785388127853 1030000
1748150322334 18.904109589041095 1035000
1748150324635 18.995433789954337 1040000
1748150326942 19.086757990867582 1045000
1748150329337 19.17808219178082 1050000
1748150331658 19.269406392694062 1055000
1748150333978 19.360730593607308 1060000
1748150336299 19.45205479452055 1065000
1748150338632 19.54337899543379 1070000
1748150340799 19.63470319634703 1075000
1748150342963 19.726027397260275 1080000
1748150345128 19.817351598173516 1085000
1748150347300 19.908675799086758 1090000
1748150349559 20.0 1095000
1748150351725 20.091324200913242 1100000
1748150353961 20.182648401826484 1105000
1748150356279 20.273972602739725 1110000
1748150358497 20.365296803652967 1115000
1748150360755 20.456621004566212 1120000
1748150363193 20.54794520547945 1125000
1748150365425 20.639269406392692 1130000
1748150367612 20.730593607305934 1135000
1748150369775 20.82191780821918 1140000
1748150372101 20.91324200913242 1145000
1748150374280 21.00456621004566 1150000
1748150376471 21.095890410958905 1155000
1748150378637 21.187214611872147 1160000
1748150380797 21.27853881278539 1165000
1748150382995 21.36986301369863 1170000
1748150385237 21.461187214611872 1175000
1748150387423 21.552511415525114 1180000
1748150389661 21.643835616438356 1185000
1748150391832 21.735159817351597 1190000
1748150394049 21.826484018264843 1195000
1748150396237 21.91780821917808 1200000
1748150398403 22.009132420091323 1205000
1748150400590 22.100456621004565 1210000
1748150402773 22.19178082191781 1215000
1748150405066 22.28310502283105 1220000
1748150407358 22.37442922374429 1225000
1748150409585 22.465753424657535 1230000
1748150411835 22.557077625570777 1235000
1748150414140 22.64840182648402 1240000
1748150416361 22.73972602739726 1245000
1748150418739 22.831050228310502 1250000
1748150420975 22.922374429223744 1255000
1748150423234 23.013698630136986 1260000
1748150425401 23.105022831050228 1265000
1748150427570 23.19634703196347 1270000
1748150429779 23.28767123287671 1275000
1748150431950 23.378995433789953 1280000
1748150434176 23.470319634703195 1285000
1748150436387 23.56164383561644 1290000
1748150438588 23.652968036529682 1295000
1748150440764 23.74429223744292 1300000
1748150442943 23.835616438356162 1305000
1748150445116 23.926940639269407 1310000
1748150447319 24.01826484018265 1315000
1748150449483 24.10958904109589 1320000
1748150451722 24.200913242009133 1325000
1748150453983 24.292237442922374 1330000
1748150456147 24.383561643835616 1335000
1748150458329 24.474885844748858 1340000
1748150460648 24.5662100456621 1345000
1748150462817 24.65753424657534 1350000
1748150464992 24.748858447488583 1355000
1748150467166 24.840182648401825 1360000
1748150469417 24.93150684931507 1365000
1748150471591 25.022831050228312 1370000
1748150473781 25.11415525114155 1375000
1748150475946 25.205479452054796 1380000
1748150478317 25.296803652968038 1385000
1748150480502 25.388127853881276 1390000
1748150482684 25.47945205479452 1395000
1748150484887 25.570776255707763 1400000
1748150487208 25.662100456621005 1405000
1748150489374 25.753424657534246 1410000
1748150491548 25.844748858447485 1415000
1748150493713 25.93607305936073 1420000
1748150496064 26.027397260273972 1425000
1748150498292 26.118721461187217 1430000
1748150500462 26.210045662100455 1435000
1748150502650 26.301369863013697 1440000
1748150504821 26.392694063926943 1445000
1748150507037 26.48401826484018 1450000
1748150509304 26.575342465753426 1455000
1748150511493 26.666666666666668 1460000
1748150513681 26.757990867579906 1465000
1748150515906 26.84931506849315 1470000
1748150518140 26.94063926940639 1475000
1748150520471 27.031963470319635 1480000
1748150522677 27.123287671232877 1485000
1748150524882 27.214611872146115 1490000
1748150527174 27.30593607305936 1495000
1748150529469 27.397260273972602 1500000
1748150531663 27.488584474885847 1505000
1748150533886 27.579908675799086 1510000
1748150536099 27.671232876712327 1515000
1748150538341 27.762557077625573 1520000
