1748149019573 5.250596658711217 500
1748149039666 2.863961813842482 1000
1748149059651 1.988862370723946 1500
1748149079511 1.9093078758949882 2000
1748149099277 2.768496420047733 2500
1748149118984 2.58552108194113 3000
1748149138994 2.932151380838732 3500
1748149159234 2.7744630071599046 4000
1748149179128 2.8109254839565105 4500
1748149199203 2.649164677804296 5000
1748149219358 2.516814927316121 5500
1748149239523 2.326968973747017 6000
1748149259816 2.1663300899577753 6500
1748149280037 2.0286396181384254 7000
1748149299976 1.9093078758949886 7500
1748149320074 1.8347255369928401 8000
1748149339994 1.7689175909027095 8500
1748149360016 1.7104216388225935 9000
1748149379798 1.6329606833312398 9500
1748149399704 1.5632458233890216 10000
