1748149019471 140.67 500
1748149039559 60.8 1000
1748149059542 34.64666666666667 1500
1748149079408 43.9875 2000
1748149099165 34.321999999999996 2500
1748149118873 21.141666666666666 3000
1748149138872 7.672857142857142 3500
1748149159124 -4.943750000000001 4000
1748149179011 -14.091111111111111 4500
1748149199108 -21.799 5000
1748149219244 -24.682727272727274 5500
1748149239411 -26.416666666666668 6000
1748149259701 -24.94 6500
1748149279922 -26.497142857142858 7000
1748149299871 -19.042000000000005 7500
1748149319950 -20.649375000000003 8000
1748149339870 -16.625294117647062 8500
1748149359917 -14.515000000000002 9000
1748149379685 -8.638421052631582 9500
1748149399589 -9.176000000000002 10000
