1748149019509 24066.9 500
1748149039593 16080.0 1000
1748149059572 13464.506666666668 1500
1748149079444 14398.52 2000
1748149099198 13432.108000000002 2500
1748149118900 12114.106666666668 3000
1748149138908 10767.202857142858 3500
1748149159154 9505.5225 4000
1748149179050 8590.824444444444 4500
1748149199145 7819.995999999999 5000
1748149219283 7531.676363636362 5500
1748149239444 7358.263333333332 6000
1748149259739 7505.921538461537 6500
1748149279965 7350.177142857142 7000
1748149299908 8095.713333333332 7500
1748149319997 7934.956249999999 8000
1748149339913 8337.382352941177 8500
1748149359947 8548.423333333332 9000
1748149379718 9136.083157894736 9500
1748149399631 9082.314 10000
