1748149019539 22.0 500
1748149039631 12.0 1000
1748149059612 8.333333333333334 1500
1748149079480 8.0 2000
1748149099237 11.6 2500
1748149118942 10.833333333333334 3000
1748149138952 12.285714285714286 3500
1748149159189 11.625 4000
1748149179088 11.777777777777779 4500
1748149199171 11.1 5000
1748149219321 10.545454545454545 5500
1748149239485 9.75 6000
1748149259774 9.076923076923077 6500
1748149279997 8.5 7000
1748149299940 8.0 7500
1748149320037 7.6875 8000
1748149339956 7.411764705882353 8500
1748149359983 7.166666666666667 9000
1748149379756 6.842105263157895 9500
1748149399668 6.55 10000
