1748149019302 500.0 500
1748149039363 1000.0 1000
1748149059373 1500.0 1500
1748149079217 2000.0 2000
1748149098973 2500.0 2500
1748149118653 3000.0 3000
1748149138701 3500.0 3500
1748149158942 4000.0 4000
1748149178841 4500.0 4500
1748149198911 5000.0 5000
1748149219056 5500.0 5500
1748149239237 6000.0 6000
1748149259501 6500.0 6500
1748149279725 7000.0 7000
1748149299700 7500.0 7500
1748149319737 8000.0 8000
1748149339659 8500.0 8500
1748149359746 9000.0 9000
1748149379517 9500.0 9500
1748149399403 10000.0 10000
