1748149019269 500.0 500
1748149039322 500.0 1000
1748149059342 500.0 1500
1748149079183 500.0 2000
1748149098936 500.0 2500
1748149118623 500.0 3000
1748149138666 500.0 3500
1748149158905 500.0 4000
1748149178805 500.0 4500
1748149198875 500.0 5000
1748149219021 500.0 5500
1748149239204 500.0 6000
1748149259463 500.0 6500
1748149279686 500.0 7000
1748149299667 500.0 7500
1748149319704 500.0 8000
1748149339617 500.0 8500
1748149359715 500.0 9000
1748149379483 500.0 9500
1748149399371 500.0 10000
