1748149019445 5.250596658711217 500
1748149039518 0.47732696897374705 1000
1748149059509 0.23866348448687352 1500
1748149079374 1.6706443914081146 2000
1748149099128 6.205250596658711 2500
1748149118805 1.6706443914081146 3000
1748149138838 5.011933174224343 3500
1748149159091 1.6706443914081146 4000
1748149178970 3.1026252983293556 4500
1748149199071 1.1933174224343674 5000
1748149219205 1.1933174224343674 5500
1748149239374 0.23866348448687352 6000
1748149259658 0.23866348448687352 6500
1748149279882 0.23866348448687352 7000
1748149299834 0.23866348448687352 7500
1748149319907 0.7159904534606205 8000
1748149339831 0.7159904534606205 8500
1748149359882 0.7159904534606205 9000
1748149379648 0.23866348448687352 9500
1748149399556 0.23866348448687352 10000
