1748149019342 140.67 500
1748149039402 -19.07 1000
1748149059407 -17.66 1500
1748149079255 72.01 2000
1748149099013 -4.34 2500
1748149118691 -44.76 3000
1748149138737 -73.14 3500
1748149158978 -93.26 4000
1748149178873 -87.27 4500
1748149198950 -91.17 5000
1748149219090 -53.52 5500
1748149239270 -45.49 6000
1748149259540 -7.22 6500
1748149279765 -46.74 7000
1748149299735 85.33 7500
1748149319782 -44.76 8000
1748149339700 47.76 8500
1748149359783 21.36 9000
1748149379548 97.14 9500
1748149399436 -19.39 10000
