1748149019378 24066.9 500
1748149039443 8093.1 1000
1748149059441 8233.52 1500
1748149079296 17200.56 2000
1748149099053 9566.46 2500
1748149118731 5524.1 3000
1748149138770 2685.78 3500
1748149159014 673.76 4000
1748149178907 1273.24 4500
1748149198990 882.54 5000
1748149219130 4648.48 5500
1748149239308 5450.72 6000
1748149259580 9277.82 6500
1748149279804 5325.5 7000
1748149299765 18533.22 7500
1748149319822 5523.6 8000
1748149339744 14776.2 8500
1748149359813 12136.12 9000
1748149379581 19713.96 9500
1748149399475 8060.7 10000
