1748149022660 1.0 500
1748149045546 1.0 1000
1748149068185 1.0 1500
1748149090944 1.0 2000
1748149113272 1.0 2500
1748149135987 1.0 3000
1748149159069 1.0 3500
1748149181956 1.0 4000
1748149204705 1.0 4500
1748149227427 1.0 5000
1748149250416 1.0 5500
1748149273264 1.0 6000
1748149296271 1.0 6500
1748149319006 1.0 7000
1748149341899 2.4 7500
1748149364798 5.125 8000
1748149387161 5.411764705882353 8500
1748149409983 5.833333333333333 9000
1748149432426 5.947368421052632 9500
1748149455000 6.3 10000
