1748149022626 5601.26 500
1748149045513 6292.6 1000
1748149068148 6939.573333333334 1500
1748149090908 8860.54 2000
1748149113232 11782.356 2500
1748149135952 11421.613333333333 3000
1748149159036 11492.917142857143 3500
1748149181920 10351.682499999999 4000
1748149204668 9474.828888888887 4500
1748149227389 9018.21 5000
1748149250373 9021.110909090909 5500
1748149273227 8723.578333333333 6000
1748149296237 8766.212307692305 6500
1748149318966 8520.447142857141 7000
1748149341864 7994.423999999999 7500
1748149364760 7501.0225 8000
1748149387127 7439.71294117647 8500
1748149409946 7580.377777777777 9000
1748149432392 7551.694736842104 9500
1748149454952 7229.462999999999 10000
