1748149022596 -43.99 500
1748149045476 -37.075 1000
1748149068108 -30.603333333333335 1500
1748149090867 -11.395000000000001 2000
1748149113195 17.823999999999995 2500
1748149135916 14.216666666666663 3000
1748149158998 14.929999999999998 3500
1748149181886 3.5174999999999983 4000
1748149204627 -5.251111111111113 4500
1748149227349 -9.817000000000002 5000
1748149250343 -9.788181818181819 5500
1748149273192 -12.763333333333335 6000
1748149296200 -12.336923076923078 6500
1748149318926 -14.794285714285717 7000
1748149341829 -20.05466666666667 7500
1748149364725 -24.988750000000003 8000
1748149387089 -25.601764705882353 8500
1748149409918 -24.195 9000
1748149432356 -24.482105263157894 9500
1748149454907 -27.704499999999996 10000
