1748149022694 0.23866348448687352 500
1748149045581 0.23866348448687352 1000
1748149068218 0.2386634844868735 1500
1748149090976 0.23866348448687352 2000
1748149113308 0.23866348448687352 2500
1748149136024 0.23866348448687355 3000
1748149159102 0.23866348448687355 3500
1748149181985 0.23866348448687352 4000
1748149204744 0.23866348448687352 4500
1748149227467 0.23866348448687352 5000
1748149250452 0.23866348448687355 5500
1748149273294 0.23866348448687355 6000
1748149296306 0.23866348448687355 6500
1748149319044 0.23866348448687355 7000
1748149341934 0.5727923627684964 7500
1748149364836 1.2231503579952268 8000
1748149387200 1.2915906219289626 8500
1748149410015 1.392203659506762 9000
1748149432463 1.419419670895616 9500
1748149455040 1.503579952267303 10000
