1748149022418 500.0 500
1748149045285 1000.0 1000
1748149067920 1500.0 1500
1748149090680 2000.0 2000
1748149113003 2500.0 2500
1748149135723 3000.0 3000
1748149158806 3500.0 3500
1748149181694 4000.0 4000
1748149204571 4500.0 4500
1748149227167 5000.0 5000
1748149250150 5500.0 5500
1748149272975 6000.0 6000
1748149296012 6500.0 6500
1748149318744 7000.0 7000
1748149341648 7500.0 7500
1748149364516 8000.0 8000
1748149386908 8500.0 8500
1748149409739 9000.0 9000
1748149432168 9500.0 9500
1748149454710 10000.0 10000
