1748149022484 5601.26 500
1748149045356 6983.94 1000
1748149067997 8233.52 1500
1748149090753 14623.44 2000
1748149113078 23469.62 2500
1748149135798 9617.9 3000
1748149158893 11920.74 3500
1748149181777 2363.04 4000
1748149204574 2460.0 4500
1748149227239 4908.64 5000
1748149250225 9050.12 5500
1748149273061 5450.72 6000
1748149296086 9277.82 6500
1748149318821 5325.5 7000
1748149341720 630.1 7500
1748149364598 100.0 8000
1748149386983 6458.76 8500
1748149409807 9971.68 9000
1748149432242 7035.4 9500
1748149454783 1107.06 10000
