1748149022452 -43.99 500
1748149045322 -30.16 1000
1748149067961 -17.66 1500
1748149090720 46.23 2000
1748149113041 134.7 2500
1748149135761 -3.82 3000
1748149158850 19.21 3500
1748149181734 -76.37 4000
1748149204573 -75.4 4500
1748149227204 -50.91 5000
1748149250188 -9.5 5500
1748149273016 -45.49 6000
1748149296046 -7.22 6500
1748149318784 -46.74 7000
1748149341684 -93.7 7500
1748149364563 -99.0 8000
1748149386949 -35.41 8500
1748149409772 -0.28 9000
1748149432206 -29.65 9500
1748149454742 -88.93 10000
