1748149022385 500.0 500
1748149045245 500.0 1000
1748149067887 500.0 1500
1748149090645 500.0 2000
1748149112961 500.0 2500
1748149135691 500.0 3000
1748149158762 500.0 3500
1748149181651 500.0 4000
1748149204570 500.0 4500
1748149227132 500.0 5000
1748149250111 500.0 5500
1748149272940 500.0 6000
1748149295973 500.0 6500
1748149318710 500.0 7000
1748149341607 500.0 7500
1748149364473 500.0 8000
1748149386868 500.0 8500
1748149409696 500.0 9000
1748149432132 500.0 9500
1748149454689 500.0 10000
