1748149022555 0.23866348448687352 500
1748149045438 0.23866348448687352 1000
1748149068073 0.23866348448687352 1500
1748149090829 0.23866348448687352 2000
1748149113153 0.23866348448687352 2500
1748149135879 0.23866348448687352 3000
1748149158956 0.23866348448687352 3500
1748149181847 0.23866348448687352 4000
1748149204577 0.23866348448687352 4500
1748149227316 0.23866348448687352 5000
1748149250302 0.23866348448687352 5500
1748149273149 0.23866348448687352 6000
1748149296161 0.23866348448687352 6500
1748149318889 0.23866348448687352 7000
1748149341791 5.250596658711217 7500
1748149364690 10.978520286396181 8000
1748149387053 2.386634844868735 8500
1748149409884 3.1026252983293556 9000
1748149432324 1.9093078758949882 9500
1748149454865 3.1026252983293556 10000
