1748149483466 3.0 500
1748149502654 10.5 1000
1748149521713 30.0 1500
1748149540523 25.75 2000
1748149559597 21.6 2500
1748149578878 21.0 3000
1748149598065 19.285714285714285 3500
1748149616107 18.0 4000
1748149633798 17.444444444444443 4500
1748149649706 16.2 5000
1748149665197 15.545454545454545 5500
1748149680666 14.333333333333334 6000
1748149695703 13.76923076923077 6500
1748149710237 13.0 7000
1748149723455 12.733333333333333 7500
1748149736216 12.25 8000
1748149746503 11.823529411764707 8500
1748149756830 11.666666666666666 9000
1748149767488 11.526315789473685 9500
1748149777763 11.2 10000
