1748149483503 0.7159904534606205 500
1748149502691 2.5059665871121717 1000
1748149521753 7.159904534606206 1500
1748149540560 6.1455847255369935 2000
1748149559634 5.155131264916468 2500
1748149578925 5.011933174224344 3000
1748149598103 4.602795772246847 3500
1748149616131 4.295942720763723 4000
1748149633830 4.163351896048793 4500
1748149649738 3.8663484486873507 5000
1748149665229 3.710132349750488 5500
1748149680697 3.4208432776451865 6000
1748149695735 3.286212594088489 6500
1748149710266 3.102625298329355 7000
1748149723478 3.038981702466189 7500
1748149736234 2.9236276849642007 8000
1748149746517 2.8218447283447987 8500
1748149756845 2.7844073190135243 9000
1748149767502 2.750910689611858 9500
1748149777780 2.6730310262529833 10000
