1748149483427 14482.66 500
1748149502615 9132.1 1000
1748149521674 6121.933333333333 1500
1748149540484 6689.129999999999 2000
1748149559560 9463.323999999999 2500
1748149578837 7962.493333333332 3000
1748149598026 7935.214285714284 3500
1748149616079 7023.577499999999 4000
1748149633763 6516.513333333332 4500
1748149649669 6355.726 5000
1748149665164 6116.070909090909 5500
1748149680638 6060.625 6000
1748149695676 6213.170769230769 6500
1748149710213 5988.631428571428 7000
1748149723433 6310.524 7500
1748149736190 6021.129999999999 8000
1748149746493 6400.1176470588225 8500
1748149756816 6207.3933333333325 9000
1748149767475 6686.267368421052 9500
1748149777748 6534.3369999999995 10000
