1748149483395 44.83 500
1748149502579 -8.675 1000
1748149521634 -38.77666666666667 1500
1748149540446 -33.105000000000004 2000
1748149559525 -5.364000000000004 2500
1748149578795 -20.37333333333334 3000
1748149597988 -20.64571428571429 3500
1748149616047 -29.762500000000003 4000
1748149633734 -34.833333333333336 4500
1748149649637 -36.440999999999995 5000
1748149665128 -38.837272727272726 5500
1748149680604 -39.391666666666666 6000
1748149695647 -37.86615384615384 6500
1748149710191 -40.11142857142857 7000
1748149723406 -36.89266666666666 7500
1748149736168 -39.78687500000001 8000
1748149746479 -35.99705882352942 8500
1748149756802 -37.92444444444445 9000
1748149767461 -33.13578947368422 9500
1748149777730 -34.65500000000001 10000
