1748149483201 500.0 500
1748149502383 1000.0 1000
1748149521428 1500.0 1500
1748149540259 2000.0 2000
1748149559346 2500.0 2500
1748149578562 3000.0 3000
1748149597793 3500.0 3500
1748149615893 4000.0 4000
1748149633552 4500.0 4500
1748149649482 5000.0 5000
1748149664964 5500.0 5500
1748149680463 6000.0 6000
1748149695498 6500.0 6500
1748149710054 7000.0 7000
1748149723284 7500.0 7500
1748149736055 8000.0 8000
1748149746408 8500.0 8500
1748149756729 9000.0 9000
1748149767393 9500.0 9500
1748149777633 10000.0 10000
