1748149483245 44.83 500
1748149502422 -62.18 1000
1748149521470 -98.98 1500
1748149540296 -16.09 2000
1748149559375 105.6 2500
1748149578610 -95.42 3000
1748149597834 -22.28 3500
1748149615926 -93.58 4000
1748149633587 -75.4 4500
1748149649507 -50.91 5000
1748149665001 -62.8 5500
1748149680491 -45.49 6000
1748149695529 -19.56 6500
1748149710079 -69.3 7000
1748149723308 8.17 7500
1748149736076 -83.2 8000
1748149746423 24.64 8500
1748149756743 -70.69 9000
1748149767409 53.06 9500
1748149777651 -63.52 10000
