1748149483167 500.0 500
1748149502351 500.0 1000
1748149521384 500.0 1500
1748149540221 500.0 2000
1748149559313 500.0 2500
1748149578519 500.0 3000
1748149597754 500.0 3500
1748149615864 500.0 4000
1748149633512 500.0 4500
1748149649450 500.0 5000
1748149664931 500.0 5500
1748149680428 500.0 6000
1748149695471 500.0 6500
1748149710027 500.0 7000
1748149723256 500.0 7500
1748149736032 500.0 8000
1748149746393 500.0 8500
1748149756715 500.0 9000
1748149767378 500.0 9500
1748149777618 500.0 10000
