1748149483282 14482.66 500
1748149502459 3781.54 1000
1748149521508 101.6 1500
1748149540336 8390.72 2000
1748149559413 20560.1 2500
1748149578660 458.34 3000
1748149597873 7771.54 3500
1748149615957 642.12 4000
1748149633625 2460.0 4500
1748149649544 4908.64 5000
1748149665030 3719.52 5500
1748149680518 5450.72 6000
1748149695556 8043.72 6500
1748149710105 3069.62 7000
1748149723331 10817.02 7500
1748149736102 1680.22 8000
1748149746434 12463.92 8500
1748149756759 2931.08 9000
1748149767426 15306.0 9500
1748149777668 3647.66 10000
