1748149483355 0.7159904534606205 500
1748149502536 4.295942720763723 1000
1748149521591 16.467780429594274 1500
1748149540409 3.1026252983293556 2000
1748149559487 1.1933174224343674 2500
1748149578749 4.295942720763723 3000
1748149597945 2.1479713603818613 3500
1748149616019 2.1479713603818613 4000
1748149633699 3.1026252983293556 4500
1748149649603 1.1933174224343674 5000
1748149665095 2.1479713603818613 5500
1748149680573 0.23866348448687352 6000
1748149695614 1.6706443914081146 6500
1748149710163 0.7159904534606205 7000
1748149723385 2.1479713603818613 7500
1748149736149 1.1933174224343674 8000
1748149746463 1.1933174224343674 8500
1748149756789 2.1479713603818613 9000
1748149767448 2.1479713603818613 9500
1748149777704 1.1933174224343674 10000
