1748149502992 0.0 500
1748149545773 0.11933174224343676 1000
1748149589471 0.15910898965791567 1500
1748149630327 0.17899761336515513 2000
1748149666697 0.6205250596658711 2500
1748149700749 3.898170246618934 3000
1748149731131 4.875554040231845 3500
1748149755536 4.445107398568019 4000
1748149779209 15.062317687616018 4500
1748149795634 14.77326968973747 5000
1748149803941 13.495335213712302 5500
1748149812897 18.85441527446301 6000
1748149821342 20.4883422067193 6500
1748149827217 21.309239686327995 7000
1748149831608 25.600636435958634 7500
1748149836176 25.880071599045344 8000
1748149840790 28.260564368945666 8500
1748149844878 30.33678069477592 9000
1748149849260 28.752669262655445 9500
1748149853554 28.556085918854414 10000
