1748149502886 0.0 500
1748149545670 15.08 1000
1748149589360 15.94 1500
1748149630220 23.5125 2000
1748149666597 32.766 2500
1748149700655 11.021666666666663 3000
1748149731054 7.271428571428568 3500
1748149755489 -5.335000000000003 4000
1748149779165 -2.4433333333333356 4500
1748149795623 -7.290000000000002 5000
1748149803931 -10.265454545454547 5500
1748149812887 -10.204166666666667 6000
1748149821332 -8.413846153846155 6500
1748149827211 -12.620000000000001 7000
1748149831602 -16.208000000000002 7500
1748149836170 -18.751875000000005 8000
1748149840786 -22.540000000000003 8500
1748149844869 -23.225000000000005 9000
1748149849255 -24.923157894736846 9500
1748149853550 -28.096500000000002 10000
