1748149502958 0.0 500
1748149545738 0.5 1000
1748149589432 0.6666666666666666 1500
1748149630289 0.75 2000
1748149666667 2.6 2500
1748149700717 16.333333333333332 3000
1748149731104 20.428571428571427 3500
1748149755522 18.625 4000
1748149779194 63.111111111111114 4500
1748149795631 61.9 5000
1748149803938 56.54545454545455 5500
1748149812895 79.0 6000
1748149821339 85.84615384615384 6500
1748149827214 89.28571428571429 7000
1748149831606 107.26666666666667 7500
1748149836174 108.4375 8000
1748149840789 118.41176470588235 8500
1748149844876 127.11111111111111 9000
1748149849259 120.47368421052632 9500
1748149853553 119.65 10000
