1748149502920 10000.0 500
1748149545706 11508.029999999999 1000
1748149589395 11594.179999999998 1500
1748149630254 12351.494999999999 2000
1748149666632 13276.728 2500
1748149700686 11102.203333333333 3000
1748149731079 10727.228571428572 3500
1748149755506 9466.59 4000
1748149779181 9755.8 4500
1748149795627 9271.083999999999 5000
1748149803935 8973.556363636364 5500
1748149812891 8979.663333333332 6000
1748149821335 9158.690769230769 6500
1748149827213 8738.06857142857 7000
1748149831604 8379.273333333333 7500
1748149836172 8124.87125 8000
1748149840788 7746.0552941176475 8500
1748149844872 7677.527777777777 9000
1748149849257 7507.725263157895 9500
1748149853552 7190.382 10000
