1748149502694 500.0 500
1748149545473 1000.0 1000
1748149589190 1500.0 1500
1748149630049 2000.0 2000
1748149666430 2500.0 2500
1748149700518 3000.0 3000
1748149730946 3500.0 3500
1748149755405 4000.0 4000
1748149779085 4500.0 4500
1748149795605 5000.0 5000
1748149803912 5500.0 5500
1748149812866 6000.0 6000
1748149821314 6500.0 6500
1748149827199 7000.0 7000
1748149831591 7500.0 7500
1748149836161 8000.0 8000
1748149840777 8500.0 8500
1748149844855 9000.0 9000
1748149849245 9500.0 9500
1748149853545 10000.0 10000
