1748149502770 10000.0 500
1748149545551 13016.06 1000
1748149589257 11766.48 1500
1748149630115 14623.44 2000
1748149666502 16977.66 2500
1748149700570 229.58 3000
1748149730989 8477.38 3500
1748149755435 642.12 4000
1748149779118 12069.48 4500
1748149795613 4908.64 5000
1748149803920 5998.28 5500
1748149812873 9046.84 6000
1748149821322 11307.02 6500
1748149827203 3269.98 7000
1748149831596 3356.14 7500
1748149836164 4308.84 8000
1748149840780 1685.0 8500
1748149844861 6512.56 9000
1748149849248 4451.28 9500
1748149853547 1160.86 10000
