1748149502733 0.0 500
1748149545511 30.16 1000
1748149589229 17.66 1500
1748149630083 46.23 2000
1748149666467 69.78 2500
1748149700543 -97.7 3000
1748149730969 -15.23 3500
1748149755423 -93.58 4000
1748149779099 20.69 4500
1748149795609 -50.91 5000
1748149803916 -40.02 5500
1748149812870 -9.53 6000
1748149821318 13.07 6500
1748149827202 -67.3 7000
1748149831593 -66.44 7500
1748149836163 -56.91 8000
1748149840778 -83.15 8500
1748149844858 -34.87 9000
1748149849246 -55.49 9500
1748149853546 -88.39 10000
