1748149502654 500.0 500
1748149545432 500.0 1000
1748149589155 500.0 1500
1748149630014 500.0 2000
1748149666396 500.0 2500
1748149700487 500.0 3000
1748149730923 500.0 3500
1748149755389 500.0 4000
1748149779073 500.0 4500
1748149795601 500.0 5000
1748149803907 500.0 5500
1748149812863 500.0 6000
1748149821310 500.0 6500
1748149827197 500.0 7000
1748149831588 500.0 7500
1748149836159 500.0 8000
1748149840775 500.0 8500
1748149844852 500.0 9000
1748149849243 500.0 9500
1748149853544 500.0 10000
