1748149502847 0.0 500
1748149545633 0.23866348448687352 1000
1748149589326 0.23866348448687352 1500
1748149630185 0.23866348448687352 2000
1748149666562 2.386634844868735 2500
1748149700623 20.286396181384248 3000
1748149731035 10.739856801909307 3500
1748149755469 1.431980906921241 4000
1748149779150 100.0 4500
1748149795620 12.17183770883055 5000
1748149803928 0.7159904534606205 5500
1748149812881 77.80429594272077 6000
1748149821329 40.09546539379475 6500
1748149827208 31.980906921241047 7000
1748149831600 85.68019093078759 7500
1748149836168 30.071599045346066 8000
1748149840784 66.34844868735084 8500
1748149844866 65.63245823389022 9000
1748149849253 0.23866348448687352 9500
1748149853549 24.821002386634845 10000
