1748142013229 0.7159904534606205 500
1748142013624 0.47732696897374705 1000
1748142014027 0.477326968973747 1500
1748142014445 0.41766109785202865 2000
1748142014843 0.38186157517899766 2500
1748142015329 0.3579952267303103 3000
1748142015735 0.3409478349812479 3500
1748142016147 0.32816229116945106 4000
1748142016545 0.31821797931583135 4500
1748142016942 0.31026252983293556 5000
1748142017364 0.3037535257105663 5500
1748142017773 0.2983293556085919 6000
1748142018194 0.2937396732146136 6500
1748142018607 0.2898056597340607 7000
1748142019028 0.2863961813842482 7500
1748142019445 0.2834128878281623 8000
1748142019852 0.2807805699845571 8500
1748142020274 0.27844073190135243 9000
1748142020755 0.2763471925637483 9500
1748142021205 0.27446300715990457 10000
1748142021605 0.27275826798499836 10500
1748142022000 0.2712085050987199 11000
1748142022401 0.2697935042025527 11500
1748142022796 0.2684964200477327 12000
1748142023194 0.26730310262529833 12500
1748142023590 0.2662015788507435 13000
1748142023985 0.26518164942985945 13500
1748142024387 0.26423457211046714 14000
1748142024849 0.26335281046827425 14500
1748142025266 0.26252983293556087 15000
1748142025708 0.2617599507275387 15500
1748142026191 0.26103818615751795 16000
1748142026589 0.2603601648947711 16500
1748142027002 0.2597220272357153 17000
1748142027406 0.25912035458574834 17500
1748142027797 0.2585521081941129 18000
1748142028277 0.25801457782364695 18500
1748142028683 0.2575053385253108 19000
1748142029149 0.25702221406278675 19500
1748142029561 0.2565632458233891 20000
1748142029972 0.256126666278596 20500
1748142030367 0.2557108762359359 21000
1748142030754 0.25531442526502746 21500
1748142031152 0.25493599479279666 22000
1748142031548 0.25457438345266503 22500
1748142031938 0.254228494344713 23000
1748142032332 0.25389732392220576 23500
1748142032724 0.2535799522673032 24000
1748142033203 0.25327553455749846 24500
1748142033628 0.25298329355608595 25000
1748142034048 0.25270251298610136 25500
1748142034452 0.2524325316688085 26000
1748142034855 0.2521727383257531 26500
1748142035272 0.25192256695836646 27000
1748142035689 0.251681492731612 27500
1748142036098 0.2514490282986704 28000
1748142036498 0.25122472051249845 28500
1748142036893 0.2510081474775739 29000
1748142037283 0.2507989159014603 29500
1748142037679 0.25059665871121717 30000
1748142038072 0.2504010329042607 30500
1748142038463 0.25021171760720606 31000
1748142038855 0.2500284123195817 31500
1748142039247 0.24985083532219576 32000
1748142039643 0.2496787222324216 32500
1748142040037 0.2495118246908224 33000
1748142040431 0.24934990916539032 33500
1748142040819 0.24919275586129452 34000
1748142041212 0.24904015772543336 34500
1748142041603 0.24889191953631107 35000
1748142041994 0.24874785707082606 35500
1748142042446 0.2486077963404933 36000
1748142042837 0.24847157289044372 36500
1748142043282 0.24833903115526035 37000
1748142043672 0.24821002386634855 37500
1748142044059 0.2480844115060923 38000
1748142044455 0.24796206180454403 38500
1748142044845 0.2478428492748303 39000
1748142045239 0.24772665478384354 39500
1748142045632 0.24761336515513133 40000
1748142046028 0.24750287280120223 40500
1748142046425 0.2473950753827348 41000
1748142046818 0.24728987549242323 41500
1748142047210 0.2471871803614048 42000
1748142047605 0.24708690158641033 42500
1748142047997 0.24698895487595063 43000
1748142048422 0.2468932598140072 43500
1748142048829 0.24679973963983518 44000
1748142049240 0.2467083210426109 44500
1748142049637 0.24661893396976936 45000
1748142050029 0.24653151144797933 45500
1748142050419 0.2464459894157934 46000
1748142050822 0.24636230656709535 46500
1748142051237 0.2462804042045398 47000
1748142051653 0.2462002261022486 47500
1748142052051 0.24612171837708838 48000
1748142052446 0.24604482936791092 48500
1748142052849 0.24596950952218605 49000
1748142053243 0.24589571128950613 49500
1748142053634 0.24582338902147982 50000
1748142054024 0.24575249887757283 50500
1748142054852 0.24329772690409446 51500
1748142055257 0.2432531668808519 52000
1748142055657 0.24320945561995688 52500
1748142056051 0.24316656909983345 53000
1748142056459 0.2431244841969086 53500
1748142056875 0.24308317864403792 54000
1748142057273 0.2430426309912199 54500
1748142057691 0.24300282056845313 55000
1748142058116 0.24296372745060107 55500
1748142058545 0.24292533242413916 56000
1748142058973 0.2428876169556678 56500
1748142059455 0.2428505631620819 57000
1748142059896 0.24281415378229748 57500
1748142060393 0.24277837215044037 58000
1748142060818 0.2427432021704099 58500
1748142061235 0.24270862829173587 59000
1748142061701 0.242674635486653 59500
1748142062122 0.24264120922832141 60000
1748142062537 0.24260833547012764 60500
1748142062959 0.24257600062600262 61000
1748142063403 0.24254419155170076 61500
1748142063819 0.24251289552698443 62000
1748142064240 0.24248210023866354 62500
1748142064659 0.242451793764443 63000
1748142065074 0.242421964557533 63500
1748142065486 0.24239260143198094 64000
1748142065894 0.24236369354868556 64500
1748142066313 0.24233523040205623 65000
1748142066737 0.24230720180728382 65500
1748142067148 0.2422795978881898 66000
1748142067568 0.24225240906562354 66500
1748142067988 0.2422256260463791 67000
1748142068407 0.24219923981260502 67500
1748142068829 0.2421732416116805 68000
1748142069248 0.2421476229465359 68500
1748142070118 0.24038048797239062 69500
1748142070543 0.24036822366177982 70000
1748142070966 0.2403561333130216 70500
1748142071359 0.2403442132508656 71000
1748142071763 0.2403324599028657 71500
1748142072154 0.2403208697958102 72000
1748142072558 0.24030943955230025 72500
1748142072963 0.2402981658874686 73000
1748142073373 0.24028704560583192 73500
1748142073788 0.24027607559827138 74000
1748142074182 0.24026525283913447 74500
1748142074605 0.24025457438345274 75000
1748142074999 0.24024403736427014 75500
1748142075394 0.2402336389900767 76000
1748142075813 0.24022337654234335 76500
1748142076283 0.24021324737315197 77000
1748142076684 0.2402032489029179 77500
1748142077077 0.2401933786181997 78000
1748142077472 0.24018363406959256 78500
1748142077868 0.2401740128697019 79000
1748142078260 0.24016451269119354 79500
1748142078652 0.24015513126491653 80000
1748142079046 0.24014586637809637 80500
1748142079440 0.24013671587259502 81000
1748142079834 0.24012767764323478 81500
1748142080231 0.2401187496361838 82000
1748142080634 0.24010992984740007 82500
1748142081050 0.24010121632113188 83000
1748142081446 0.24009260714847167 83500
1748142081838 0.2400841004659621 84000
1748142082233 0.24007569445425153 84500
1748142082628 0.24006738733679636 85000
1748142083023 0.24005917737860966 85500
1748142083418 0.24005106288505307 86000
1748142083812 0.24004304220067058 86500
1748142084276 0.24003511370806252 87000
1748142084678 0.24002727582679856 87500
1748142085134 0.24001952701236717 88000
1748142085528 0.24001186575516098 88500
1748142085964 0.24000429057949646 89000
1748142086360 0.2399968000426662 89500
1748142086756 0.2399893927340229 90000
1748142087169 0.23998206727409385 90500
1748142087585 0.23997482231372455 91000
1748142087998 0.23996765653324997 91500
1748142088394 0.23996056864169352 92000
1748142088788 0.23995355737599183 92500
1748142089184 0.23994662150024387 93000
1748142089579 0.2399397598049852 93500
1748142089975 0.23993297110648462 94000
1748142090372 0.23992625424606343 94500
1748142090775 0.23991960808943608 95000
1748142091194 0.23991303152607188 95500
1748142091591 0.23990652346857602 96000
1748142091996 0.23990008285209052 96500
1748142092388 0.23989370863371312 97000
1748142092781 0.2398873997919345 97500
1748142093172 0.23988115532609233 98000
1748142093561 0.23987497425584248 98500
1748142093954 0.2398688556206457 99000
1748142094346 0.23986279847926997 99500
1748142094739 0.23985680190930794 100000
1748142095129 0.23985086500670877 100500
1748142095519 0.23984498688532344 101000
1748142095913 0.23983916667646407 101500
1748142096307 0.2398334035284759 102000
1748142096702 0.23982769660632178 102500
1748142097113 0.2398220450911788 103000
1748142097512 0.23981644818004688 103500
1748142097914 0.23981090508536812 104000
1748142098323 0.23980541503465763 104500
1748142098741 0.2397999772701444 105000
1748142099203 0.2397945910484227 105500
1748142099623 0.23978925564011352 106000
1748142100016 0.23978397032953494 106500
1748142100415 0.23977873441438236 107000
1748142100823 0.2397735472054172 107500
1748142101248 0.23976840802616464 108000
1748142101653 0.2397633162126195 108500
1748142102054 0.2397582711129601 109000
1748142102467 0.23975327208727024 109500
1748142102888 0.23974831850726847 110000
1748142103283 0.23974340975604494 110500
1748142103701 0.2397385452278054 111000
1748142104107 0.23973372432762188 111500
1748142104528 0.23972894647118995 112000
1748142104934 0.239724211084593 112500
1748142105341 0.23971951760407212 113000
1748142105787 0.2397148654758025 113500
1748142106200 0.23971025415567562 114000
1748142106622 0.239705683109087 114500
1748142107061 0.23970115181072957 115000
1748142107486 0.2396966597443925 115500
1748142107914 0.23969220640276526 116000
1748142108443 0.2396877912872464 116500
1748142108866 0.23968341390775763 117000
1748142109271 0.2396790737825624 117500
1748142109673 0.23967477043808916 118000
1748142110081 0.23967050340875912 118500
1748142110473 0.2396662722368184 119000
1748142110863 0.2396620764721743 119500
1748142111348 0.23965791567223552 120000
1748142111752 0.23965378940175686 120500
1748142112143 0.23964969723268706 121000
1748142112544 0.23964563874402117 121500
1748142112938 0.23964161352165583 122000
1748142113338 0.23963762115824858 122500
1748142113732 0.23963366125308036 123000
1748142114130 0.23962973341192162 123500
1748142114523 0.23962583724690126 124000
1748142114926 0.23962197237637906 124500
1748142115322 0.23961813842482105 125000
1748142115720 0.23961433502267782 125500
1748142116141 0.2396105618062659 126000
1748142116551 0.2396068184176517 126500
1748142116958 0.23960310450453842 127000
1748142117384 0.23959941972015542 127500
1748142117851 0.2395957637231504 128000
1748142118332 0.23959213617748396 128500
1748142118750 0.23958853675232655 129000
1748142119155 0.23958496512195798 129500
1748142119555 0.23958142096566923 130000
1748142119948 0.23957790396766615 130500
1748142120339 0.2395744138169761 131000
1748142120731 0.23957095020735597 131500
1748142121124 0.2395675128372026 132000
1748142121522 0.23956410140946552 132500
1748142121927 0.23956071563156103 133000
1748142122337 0.23955735521528881 133500
1748142122735 0.23955401987674993 134000
1748142123134 0.23955070933626713 134500
1748142123566 0.23954742331830642 135000
1748142123986 0.2395441615514008 135500
1748142124429 0.2395409237680753 136000
1748142124877 0.2395377097047742 136500
1748142125294 0.23953451910178913 137000
1748142125692 0.23953135170318948 137500
1748142126101 0.23952820725675353 138000
1748142126508 0.23952508551390195 138500
1748142126909 0.23952198622963214 139000
1748142127324 0.23951890916245375 139500
1748142127741 0.23951585407432663 140000
1748142128618 0.23866348448687352 141000
1748142129016 0.23866348448687355 141500
1748142129416 0.23866348448687352 142000
1748142129810 0.23866348448687358 142500
1748142130212 0.23866348448687355 143000
1748142130605 0.23866348448687352 143500
1748142130995 0.23866348448687358 144000
1748142131388 0.23866348448687355 144500
1748142131782 0.23866348448687352 145000
1748142132178 0.23866348448687358 145500
1748142132582 0.23866348448687355 146000
1748142132974 0.23866348448687355 146500
1748142133756 0.2378544557259011 147500
1748142134147 0.23785718893117463 148000
1748142134539 0.2378599037310255 148500
1748142134931 0.23786260031074313 149000
1748142135326 0.23786527885313818 149500
1748142135717 0.237867939538584 150000
1748142136111 0.23787058254505672 150500
1748142136504 0.23787320804817527 151000
1748142136896 0.23787581622124035 151500
1748142137286 0.237878407235272 152000
1748142137676 0.23788098125904772 152500
1748142138069 0.23788353845913868 153000
1748142138462 0.23788607899994563 153500
1748142138854 0.23788860304373438 154000
1748142139249 0.23789111075067013 154500
1748142139636 0.2378936022788514 155000
1748142140030 0.23789607778434343 155500
1748142140420 0.23789853742121048 156000
1748142140883 0.23790098134154808 156500
1748142141285 0.2379034096955141 157000
1748142141739 0.2379058226313597 157500
1748142142134 0.23790822029545938 158000
1748142142528 0.23791060283234083 158500
1748142142923 0.2379129703847136 159000
1748142143318 0.23791532309349778 159500
1748142143712 0.23791766109785203 160000
1748142144104 0.23791998453520108 160500
1748142144495 0.23792229354126215 161000
1748142144883 0.2379245882500721 161500
1748142145276 0.23792686879401284 162000
1748142145702 0.23792913530383702 162500
1748142146097 0.237931387908693 163000
1748142146490 0.23793362673614918 163500
1748142146886 0.23793585191221844 164000
1748142147280 0.23793806356138153 164500
1748142147675 0.23794026180661032 165000
1748142148066 0.23794244676939053 165500
1748142148460 0.23794461856974447 166000
1748142148851 0.23794677732625233 166500
1748142149244 0.23794892315607452 167000
1748142149641 0.23795105617497248 167500
1748142150035 0.2379531764973293 168000
1748142150425 0.23795528423617066 168500
1748142150816 0.23795737950318457 169000
1748142151221 0.2379594624087412 169500
1748142151634 0.23796153306191217 170000
1748142152044 0.2379635915704898 170500
1748142152462 0.2379656380410055 171000
1748142152867 0.23796767257874857 171500
1748142153273 0.2379696952877838 172000
1748142153690 0.23797170627096959 172500
1748142154090 0.23797370562997508 173000
1748142154488 0.23797569346529757 173500
1748142154880 0.23797766987627908 174000
1748142155275 0.2379796349611232 174500
1748142155670 0.2379815888169111 175000
1748142156143 0.23798353153961752 175500
1748142156553 0.23798546322412673 176000
1748142156957 0.23798738396424787 176500
1748142157467 0.23798929385272985 177000
1748142157872 0.23799119298127674 177500
1748142158269 0.23799308144056214 178000
1748142158662 0.23799495932024364 178500
1748142159063 0.23799682670897732 179000
1748142159484 0.23799868369443103 179500
1748142159890 0.2380005303632989 180000
1748142160293 0.23800236680131434 180500
1748142160749 0.23800419309326343 181000
1748142161319 0.23800600932299787 181500
1748142161759 0.2380078155734481 182000
1748142162269 0.23800961192663556 182500
1748142162683 0.23801139846368535 183000
1748142163104 0.2380131752648385 183500
1748142163526 0.23801494240946358 184000
1748142163935 0.238016699976069 184500
1748142164356 0.23801844804231442 185000
1748142164776 0.23802018668502214 185500
1748142165284 0.23802191598018843 186000
1748142165769 0.23802363600299456 186500
1748142166190 0.23802534682781776 187000
1748142166592 0.2380270485282419 187500
1748142166986 0.23802874117706804 188000
1748142167392 0.23803042484632483 188500
1748142167787 0.23803209960727867 189000
1748142168181 0.23803376553044384 189500
1748142168572 0.2380354226855923 190000
1748142168965 0.23803707114176367 190500
1748142169363 0.23803871096727444 191000
1748142169830 0.23804034222972767 191500
1748142170251 0.2380419649960223 192000
1748142170688 0.23804357933236223 192500
1748142171167 0.23804518530426508 193000
1748142171588 0.23804678297657153 193500
1748142172003 0.2380483724134538 194000
1748142172413 0.238049953678424 194500
1748142172827 0.2380515268343431 195000
1748142173238 0.23805309194342889 195500
1748142173642 0.23805464906726417 196000
1748142174037 0.23805619826680513 196500
1748142174435 0.23805773960238913 197000
1748142174840 0.23805927313374223 197500
1748142175245 0.23806079891998752 198000
1748142175655 0.23806231701965222 198500
1748142176061 0.23806382749067537 199000
1748142176454 0.23806533039041528 199500
1748142176854 0.23806682577565638 200000
1748142177245 0.238068313702617 200500
1748142177638 0.23806979422695596 201000
1748142178034 0.2380712674037796 201500
1748142178427 0.23807273328764864 202000
1748142178871 0.238074191932585 202500
1748142179321 0.23807564339207832 203000
1748142179771 0.23807708771909256 203500
1748142180172 0.2380785249660724 204000
1748142180564 0.23807995518494968 204500
1748142180960 0.2380813784271495 205000
1748142181352 0.2380827947435965 205500
1748142181746 0.23808420418472095 206000
1748142182144 0.23808560680046467 206500
1748142182535 0.23808700264028693 207000
1748142182928 0.23808839175317026 207500
1748142183321 0.23808977418762625 208000
1748142183723 0.2380911499917012 208500
1748142184119 0.23809251921298152 209000
1748142184523 0.23809388189859937 209500
1748142184916 0.23809523809523814 210000
1748142185308 0.2380965878491375 210500
1748142185696 0.23809793120609898 211000
1748142186088 0.23809926821149088 211500
1748142186482 0.23810059891025356 212000
1748142186872 0.23810192334690441 212500
1748142187277 0.23810324156554286 213000
1748142187675 0.2381045536098551 213500
1748142188069 0.2381058595231192 214000
1748142188461 0.23810715934820953 214500
1748142188864 0.23810845312760176 215000
1748142189257 0.23810974090337733 215500
1748142189649 0.23811102271722803 216000
1748142190042 0.23811229861046043 216500
1748142190433 0.23811356862400057 217000
1748142190822 0.23811483279839799 217500
1748142191216 0.23811609117383029 218000
1748142191610 0.2381173437901073 218500
1748142192004 0.23811859068667524 219000
1748142192393 0.238119831902621 219500
1748142192797 0.2381210674766761 220000
1748142193193 0.2381222974472208 220500
1748142193586 0.23812352185228788 221000
1748142193980 0.23812474072956688 221500
1748142194373 0.23812595411640763 222000
1748142194764 0.23812716204982443 222500
1748142195157 0.2381283645664994 223000
1748142195546 0.2381295617027866 223500
1748142195938 0.23813075349471532 224000
1748142196340 0.2381319399779941 224500
1748142196733 0.23813312118801383 225000
1748142197128 0.23813429715985165 225500
1748142197523 0.23813546792827428 226000
1748142197916 0.2381366335277414 226500
1748142198311 0.23813779399240909 227000
1748142198707 0.2381389493561332 227500
1748142199102 0.23814009965247251 228000
1748142199498 0.23814124491469219 228500
1748142199890 0.23814238517576683 229000
1748142200281 0.23814352046838363 229500
1748142200673 0.23814465082494557 230000
1748142201067 0.2381457762775745 230500
1748142201463 0.23814689685811408 231000
1748142201858 0.238148012598133 231500
1748142202250 0.23814912352892773 232000
1748142202642 0.23815022968152544 232500
1748142203041 0.23815133108668712 233000
1748142203434 0.23815242777491025 233500
1748142203826 0.23815351977643154 234000
1748142204222 0.23815460712122993 234500
1748142204619 0.23815568983902916 235000
1748142205012 0.2381567679593006 235500
1748142205408 0.23815784151126576 236000
1748142205846 0.2381589105238992 236500
1748142206240 0.2381599750259308 237000
1748142206653 0.2381610350458486 237500
1748142207048 0.23816209061190113 238000
1748142207444 0.23816314175210024 238500
1748142207838 0.23816418849422322 239000
1748142208295 0.23816523086581537 239500
1748142208689 0.23816626889419254 240000
1748142209080 0.23816730260644345 240500
1748142209472 0.2381683320294319 241000
1748142209868 0.23816935718979926 241500
1748142210262 0.2381703781139668 242000
1748142210653 0.23817139482813773 242500
1748142211045 0.23817240735829975 243000
1748142211439 0.23817341573022702 243500
1748142211832 0.2381744199694824 244000
1748142212228 0.23817542010141982 244500
1748142212620 0.23817641615118604 245000
1748142213014 0.2381774081437231 245500
1748142213406 0.23817839610377012 246000
1748142213797 0.2381793800558657 246500
1748142214191 0.2381803600243495 247000
1748142214585 0.2381813360333647 247500
1748142214980 0.23818230810685972 248000
1748142215372 0.2381832762685901 248500
1748142215763 0.23818424054212078 249000
1748142216156 0.2381852009508277 249500
1748142216549 0.2381861575178998 250000
1748142216940 0.23818711026634085 250500
1748142217336 0.23818805921897143 251000
1748142217730 0.23818900439843047 251500
1748142218122 0.23818994582717734 252000
1748142218513 0.23819088352749362 252500
1748142218905 0.23819181752148447 253000
1748142219298 0.23819274783108088 253500
1748142219690 0.23819367447804113 254000
1748142220079 0.23819459748395239 254500
1748142220472 0.23819551687023263 255000
1748142220865 0.23819643265813212 255500
1748142221262 0.23819734486873512 256000
1748142221655 0.2381982535229615 256500
1748142222051 0.23819915864156835 257000
1748142222441 0.23820006024515145 257500
1748142222833 0.23820095835414706 258000
1748142223232 0.23820185298883317 258500
1748142223626 0.23820274416933132 259000
1748142224054 0.2382036319156079 259500
1748142224498 0.2382045162474757 260000
1748142224911 0.23820539718459546 260500
1748142225313 0.23820627474647724 261000
1748142225709 0.23820714895248182 261500
1748142226104 0.23820801982182224 262000
1748142226502 0.23820888737356524 262500
1748142226900 0.23820975162663235 263000
1748142227295 0.2382106125998017 263500
1748142227867 0.238211470311709 264000
1748142228267 0.23821232478084922 264500
1748142228663 0.23821317602557754 265000
1748142229071 0.2382140240641111 265500
1748142229474 0.2382148689145298 266000
1748142229906 0.2382157105947781 266500
1748142230315 0.23821654912266593 267000
1748142230718 0.23821738451587005 267500
1748142231121 0.23821821679193533 268000
1748142231523 0.23821904596827603 268500
1748142231928 0.23821987206217676 269000
1748142232330 0.238220695090794 269500
1748142232734 0.23822151507115713 270000
1748142233135 0.23822233202016954 270500
1748142233536 0.23822314595460992 271000
1748142233932 0.23822395689113346 271500
1748142234327 0.23822476484627267 272000
1748142234730 0.2382255698364389 272500
1748142235132 0.23822637187792325 273000
1748142235535 0.23822717098689755 273500
1748142235936 0.23822796717941572 274000
1748142236340 0.23822876047141478 274500
1748142236739 0.23822955087871558 275000
1748142237139 0.2382303384170244 275500
1748142237543 0.23823112310193356 276000
1748142237944 0.2382319049489226 276500
1748142238355 0.2382326839733593 277000
1748142238755 0.23823346019050082 277500
1748142239192 0.23823423361549426 278000
1748142239594 0.23823500426337824 278500
1748142239989 0.23823577214908345 279000
1748142240397 0.23823653728743374 279500
1748142240794 0.23823729969314697 280000
1748142241200 0.23823805938083634 280500
1748142241600 0.23823881636501076 281000
1748142241997 0.23823957066007623 281500
1748142242401 0.23824032228033654 282000
1748142242809 0.2382410712399941 282500
1748142243210 0.23824181755315113 283000
1748142243640 0.23824256123381027 283500
1748142244047 0.2382433022958755 284000
1748142244500 0.23824404075315317 284500
1748142244904 0.23824477661935273 285000
1748142245304 0.2382455099080874 285500
1748142245706 0.23824624063287547 286000
1748142246108 0.23824696880714077 286500
1748142246513 0.23824769444421348 287000
1748142246918 0.23824841755733112 287500
1748142247327 0.23824913815963938 288000
1748142247728 0.23824985626419268 288500
1748142248135 0.2382505718839551 289000
1748142248557 0.23825128503180124 289500
1748142248971 0.2382519957205169 290000
1748142249382 0.23825270396279977 290500
1748142249829 0.23825340977126036 291000
1748142250339 0.23825411315842268 291500
1748142250752 0.2382548141367248 292000
1748142251157 0.2382555127185199 292500
1748142251556 0.23825620891607685 293000
1748142251955 0.23825690274158076 293500
1748142252350 0.23825759420713397 294000
1748142252750 0.23825828332475663 294500
1748142253144 0.23825897010638733 295000
1748142253538 0.2382596545638839 295500
1748142253932 0.23826033670902408 296000
1748142254325 0.23826101655350615 296500
1748142254718 0.2382616941089495 297000
1748142255115 0.23826236938689557 297500
1748142255514 0.23826304239880833 298000
1748142255905 0.23826371315607475 298500
1748142256305 0.23826438167000588 299000
1748142256703 0.23826504795183703 299500
1748142257095 0.23826571201272875 300000
1748142257489 0.23826637386376728 300500
1748142257893 0.23826703351596512 301000
1748142258285 0.2382676909802618 301500
1748142258679 0.23826834626752444 302000
1748142259070 0.23826899938854815 302500
1748142259463 0.23826965035405692 303000
1748142259870 0.23827029917470408 303500
1748142260279 0.23827094586107278 304000
1748142260748 0.23827159042367668 304500
1748142261174 0.23827223287296065 305000
1748142261585 0.23827287321930093 305500
1748142261998 0.2382735114730061 306000
1748142262415 0.23827414764431748 306500
1748142262818 0.23827478174340957 307000
1748142263212 0.2382754137803908 307500
1748142263695 0.23827604376530395 308000
1748142264137 0.23827667170812658 308500
1748142264563 0.23827729761877178 309000
1748142264976 0.23827792150708862 309500
1748142265372 0.23827854338286245 310000
1748142265803 0.23827916325581575 310500
1748142266200 0.2382797811356085 311000
1748142266621 0.23828039703183848 311500
1748142267034 0.238281010954042 312000
1748142267433 0.23828162291169455 312500
1748142267832 0.2382822329142108 313000
1748142268232 0.2382828409709455 313500
1748142268634 0.2382834470911938 314000
1748142269043 0.2382840512841917 314500
1748142269451 0.23828465355911657 315000
1748142269866 0.2382852539250877 315500
1748142270287 0.23828585239116645 316000
1748142270711 0.23828644896635715 316500
1748142271119 0.23828704365960718 317000
1748142271553 0.23828763647980764 317500
1748142271965 0.23828822743579353 318000
1748142272368 0.2382888165363447 318500
1748142272781 0.23828940379018568 319000
1748142273175 0.2382899892059864 319500
1748142273584 0.23829057279236282 320000
1748142273980 0.23829115455787686 320500
1748142274441 0.23829173451103727 321000
1748142274851 0.23829231266029988 321500
1748142275253 0.23829288901406784 322000
1748142275657 0.2382934635806923 322500
1748142276052 0.23829403636847282 323000
1748142276452 0.23829460738565733 323500
1748142276853 0.23829517664044317 324000
1748142277276 0.23829574414097698 324500
1748142277672 0.23829630989535527 325000
1748142278069 0.23829687391162485 325500
1748142278486 0.23829743619778324 326000
1748142278888 0.23829799676177876 326500
1748142279280 0.2382985556115113 327000
1748142279674 0.2382991127548325 327500
1748142280067 0.23829966819954598 328000
1748142280465 0.238300221953408 328500
1748142280859 0.23830077402412753 329000
1748142281254 0.23830132441936688 329500
1748142281650 0.23830187314674192 330000
1748142282047 0.2383024202138223 330500
1748142282444 0.23830296562813208 331000
1748142282837 0.23830350939714975 331500
1748142283231 0.23830405152830897 332000
1748142283623 0.23830459202899856 332500
1748142284015 0.23830513090656294 333000
1748142284409 0.2383056681683025 333500
1748142284801 0.23830620382147405 334000
1748142285193 0.2383067378732908 334500
1748142285593 0.23830727033092297 335000
1748142285985 0.2383078012014982 335500
1748142286382 0.23830833049210143 336000
1748142286778 0.23830885820977565 336500
1748142287170 0.23830938436152213 337000
1748142287568 0.2383099089543004 337500
1748142287962 0.23831043199502905 338000
1748142288357 0.2383109534905857 338500
1748142288756 0.23831147344780737 339000
1748142289147 0.2383119918734908 339500
1748142289540 0.23831250877439286 340000
1748142289934 0.23831302415723057 340500
1748142290327 0.23831353802868163 341000
1748142290719 0.23831405039538472 341500
1748142291114 0.23831456126393952 342000
1748142291509 0.2383150706409073 342500
1748142291902 0.23831557853281107 343000
1748142292299 0.2383160849461358 343500
1748142292691 0.23831658988732865 344000
1748142293084 0.23831709336279971 344500
1748142293481 0.23831759537892155 345000
1748142293871 0.23831809594203002 345500
1748142294263 0.23831859505842432 346000
1748142294658 0.23831909273436724 346500
1748142295059 0.23831958897608552 347000
1748142295455 0.23832008378977013 347500
1748142295851 0.23832057718157632 348000
1748142296241 0.23832106915762408 348500
1748142296638 0.23832155972399838 349000
1748142297035 0.2383220488867493 349500
1748142297431 0.2383225366518923 350000
1748142297821 0.23832302302540867 350500
1748142298243 0.23832350801324556 351000
1748142298633 0.2383239916213161 351500
1748142299029 0.23832447385550015 352000
1748142299423 0.23832495472164392 352500
1748142299826 0.23832543422556068 353000
1748142300251 0.23832591237303072 353500
1748142300654 0.23832638916980167 354000
1748142301050 0.23832686462158878 354500
1748142301448 0.23832733873407513 355000
1748142301843 0.23832781151291169 355500
1748142302235 0.2383282829637178 356000
1748142302630 0.2383287530920813 356500
1748142303022 0.2383292219035586 357000
1748142303418 0.2383296894036751 357500
1748142303816 0.2383301555979254 358000
1748142304212 0.23833062049177328 358500
1748142304627 0.23833108409065223 359000
1748142305022 0.2383315463999655 359500
1748142305416 0.2383320074250862 360000
1748142305811 0.23833246717135778 360500
1748142306208 0.23833292564409395 361000
1748142306602 0.2383333828485791 361500
1748142307028 0.23833383879006848 362000
1748142307423 0.2383342934737882 362500
1748142307816 0.23833474690493572 363000
1748142308209 0.23833519908867978 363500
1748142308601 0.2383356500301608 364000
1748142308993 0.23833609973449102 364500
1748142309390 0.23833654820675454 365000
1748142309792 0.2383369954520078 365500
1748142310183 0.23833744147527947 366000
1748142310575 0.23833788628157085 366500
1748142310969 0.23833832987585601 367000
1748142311364 0.2383387722630819 367500
1748142311758 0.23833921344816855 368000
1748142312149 0.2383396534360094 368500
1748142312541 0.2383400922314713 369000
1748142312934 0.2383405298393947 369500
1748142313332 0.23834096626459397 370000
1748142313729 0.23834140151185754 370500
1748142314122 0.23834183558594785 371000
1748142314514 0.23834226849160184 371500
1748142314907 0.238342700233531 372000
1748142315300 0.23834313081642136 372500
1748142315692 0.23834356024493403 373000
1748142316085 0.23834398852370506 373500
1748142316486 0.23834441565734565 374000
1748142316877 0.23834484165044245 374500
1748142317270 0.23834526650755772 375000
1748142317666 0.23834569023322927 375500
1748142318060 0.23834611283197077 376000
1748142318453 0.23834653430827213 376500
1748142318846 0.23834695466659916 377000
1748142319233 0.23834737391139424 377500
1748142319625 0.2383477920470761 378000
1748142320017 0.23834820907804016 378500
1748142320413 0.23834862500865867 379000
1748142320807 0.23834903984328085 379500
1748142321206 0.2383494535862329 380000
1748142321603 0.2383498662418185 380500
1748142321995 0.2383502778143186 381000
1748142322390 0.2383506883079917 381500
1748142322785 0.23835109772707397 382000
1748142323191 0.2383515060757796 382500
1748142323596 0.23835191335830064 383000
1748142324097 0.2383523195788072 383500
1748142324528 0.23835272474144795 384000
1748142324990 0.23835312885034965 384500
1748142325509 0.23835353190961786 385000
1748142325951 0.23835393392333676 385500
1748142326360 0.2383543348955693 386000
1748142326766 0.23835473483035752 386500
1748142327208 0.23835513373172254 387000
1748142327604 0.23835553160366468 387500
1748142327999 0.23835592845016365 388000
1748142328401 0.23835632427517872 388500
1748142328823 0.23835671908264877 389000
1748142329319 0.23835711287649242 389500
1748142329739 0.23835750566060832 390000
1748142330151 0.23835789743887498 390500
1748142330555 0.23835828821515118 391000
1748142330952 0.238358677993276 391500
1748142331352 0.23835906677706886 392000
1748142331764 0.23835945457032978 392500
1748142332171 0.23835984137683935 393000
1748142332569 0.23836022720035907 393500
1748142332973 0.23836061204463133 394000
1748142333384 0.23836099591337942 394500
1748142333796 0.23836137881030792 395000
1748142334195 0.23836176073910254 395500
1748142334593 0.23836214170343054 396000
1748142334984 0.23836252170694056 396500
1748142335394 0.23836290075326289 397000
1748142335810 0.23836327884600955 397500
1748142336222 0.2383636559887745 398000
1748142336621 0.23836403218513344 398500
1748142337027 0.23836440743864437 399000
1748142337488 0.23836478175284745 399500
1748142337887 0.23836515513126497 400000
1748142338330 0.2383655275774018 400500
1748142338729 0.2383658990947453 401000
1748142339124 0.23836626968676536 401500
1748142339514 0.23836663935691474 402000
1748142339910 0.238367008108629 402500
1748142340313 0.23836737594532656 403000
1748142340731 0.23836774287040902 403500
1748142341165 0.2383681088872611 404000
1748142341656 0.2383684739992507 404500
1748142342063 0.23836883820972926 405000
1748142342456 0.23836920152203156 405500
1748142342853 0.23836956393947592 406000
1748142343251 0.23836992546536448 406500
1748142343647 0.23837028610298305 407000
1748142344038 0.23837064585560136 407500
1748142344461 0.23837100472647296 408000
1748142344878 0.23837136271883577 408500
1748142345275 0.2383717198359116 409000
1748142345691 0.23837207608090666 409500
1748142346091 0.2383724314570115 410000
1748142346508 0.2383727859674011 410500
1748142346919 0.238373139615235 411000
1748142347404 0.23837349240365743 411500
1748142347876 0.23837384433579725 412000
1748142348347 0.23837419541476823 412500
1748142348775 0.2383745456436691 413000
1748142349245 0.23837489502558354 413500
1748142349661 0.2383752435635802 414000
1748142350068 0.23837559126071328 414500
1748142350494 0.23837593812002192 415000
1748142350928 0.23837628414453071 415500
1748142351362 0.2383766293372499 416000
1748142351759 0.23837697370117503 416500
1748142352253 0.23837731723928735 417000
1748142352649 0.23837765995455396 417500
1748142353070 0.23837800184992752 418000
1748142353464 0.2383783429283468 418500
1748142353869 0.23837868319273647 419000
1748142354263 0.2383790226460072 419500
1748142354664 0.23837936129105583 420000
1748142355143 0.2383796991307655 420500
1748142355540 0.23838003616800552 421000
1748142355943 0.23838037240563167 421500
1748142356340 0.23838070784648627 422000
1748142356736 0.23838104249339795 422500
1748142357141 0.2383813763491822 423000
1748142357538 0.2383817094166411 423500
1748142357933 0.23838204169856356 424000
1748142358329 0.2383823731977253 424500
1748142358729 0.23838270391688898 425000
1748142359125 0.23838303385880436 425500
1748142359533 0.23838336302620822 426000
1748142359995 0.23838369142182447 426500
1748142360460 0.23838401904836434 427000
1748142360878 0.23838434590852633 427500
1748142361281 0.23838467200499636 428000
1748142361700 0.23838499734044782 428500
1748142362107 0.23838532191754153 429000
1748142362501 0.2383856457389261 429500
1748142362891 0.23838596880723767 430000
1748142363333 0.23838629112510018 430500
1748142363727 0.23838661269512543 431000
1748142364122 0.2383869335199131 431500
1748142364540 0.2383872536020508 432000
1748142364954 0.23838757294411417 432500
1748142365379 0.23838789154866702 433000
1748142365820 0.23838820941826125 433500
1748142366228 0.23838852655543705 434000
1748142366625 0.23838884296272297 434500
1748142367087 0.23838915864263577 435000
1748142367502 0.2383894735976808 435500
1748142367907 0.23838978783035192 436000
1748142368312 0.23839010134313143 436500
1748142368730 0.23839041413849038 437000
1748142369173 0.23839072621888857 437500
1748142369590 0.23839103758677438 438000
1748142370024 0.23839134824458522 438500
1748142370430 0.23839165819474728 439000
1748142370836 0.23839196743967578 439500
1748142371267 0.23839227598177481 440000
1748142371683 0.23839258382343784 440500
1748142372087 0.23839289096704716 441000
1748142372492 0.23839319741497447 441500
1748142372894 0.23839350316958072 442000
1748142373467 0.23839380823321607 442500
1748142373908 0.2383941126082202 443000
1748142374346 0.23839441629692218 443500
1748142374750 0.23839471930164058 444000
1748142375157 0.23839502162468357 444500
1748142375553 0.23839532326834897 445000
1748142375952 0.23839562423492422 445500
1748142376352 0.23839592452668645 446000
1748142376757 0.2383962241459028 446500
1748142377157 0.2383965230948301 447000
1748142377556 0.23839682137571502 447500
1748142377950 0.23839711899079447 448000
1748142378350 0.2383974159422951 448500
1748142378747 0.2383977122324338 449000
1748142379139 0.23839800786341764 449500
1748142379536 0.23839830283744368 450000
1748142379952 0.23839859715669942 450500
1748142380346 0.2383988908233626 451000
1748142380736 0.23839918383960126 451500
1748142381138 0.2383994762075739 452000
1748142381535 0.2383997679294295 452500
1748142381937 0.23840005900730746 453000
1748142382345 0.23840034944333785 453500
1748142382741 0.2384006392396413 454000
1748142383163 0.23840092839832913 454500
1748142383566 0.23840121692150334 455000
1748142383964 0.2384015048112568 455500
1748142384362 0.23840179206967302 456000
1748142384765 0.2384020786988266 456500
1748142385160 0.23840236470078288 457000
1748142385573 0.23840265007759828 457500
1748142385974 0.23840293483132022 458000
1748142386400 0.2384032189639871 458500
1748142386796 0.23840350247762862 459000
1748142387194 0.23840378537426543 459500
1748142387589 0.23840406765590955 460000
1748142387984 0.23840434932456425 460500
1748142388385 0.238404630382224 461000
1748142388783 0.23840491083087478 461500
1748142389179 0.23840519067249383 462000
1748142389580 0.2384054699090499 462500
1748142389980 0.23840574854250327 463000
1748142390374 0.23840602657480575 463500
1748142390771 0.23840630400790064 464000
1748142391167 0.238406580843723 464500
1748142391567 0.2384068570841995 465000
1748142391976 0.23840713273124856 465500
1748142392391 0.23840740778678032 466000
1748142392788 0.23840768225269685 466500
1748142393196 0.23840795613089188 467000
1748142393598 0.2384082294232512 467500
1748142393996 0.23840850213165254 468000
1748142394397 0.23840877425796547 468500
1748142394797 0.23840904580405173 469000
1748142395196 0.23840931677176508 469500
1748142395599 0.23840958716295135 470000
1748142396036 0.2384098569794486 470500
1748142396453 0.23841012622308708 471000
1748142396863 0.2384103948956892 471500
1748142397261 0.23841066299906966 472000
1748142397664 0.2384109305350356 472500
1748142398059 0.23841119750538636 473000
1748142398452 0.2384114639119138 473500
1748142398855 0.23841172975640218 474000
1748142399253 0.23841199504062816 474500
1748142399656 0.23841225976636105 475000
1748142400079 0.23841252393536266 475500
1748142400490 0.23841278754938733 476000
1748142400905 0.23841305061018217 476500
1748142401339 0.2384133131194869 477000
1748142401765 0.23841357507903393 477500
1748142402187 0.23841383649054837 478000
1748142402603 0.2384140973557483 478500
1748142403016 0.23841435767634447 479000
1748142403468 0.23841461745404052 479500
1748142403893 0.23841487669053307 480000
1748142404319 0.23841513538751155 480500
1748142404748 0.2384153935466585 481000
1748142405168 0.23841565116964938 481500
1748142405585 0.23841590825815273 482000
1748142406000 0.23841616481383016 482500
1748142406418 0.23841642083833642 483000
1748142406852 0.2384166763333194 483500
1748142407315 0.23841693130042016 484000
1748142407744 0.23841718574127307 484500
1748142408168 0.23841743965750564 485000
1748142408587 0.23841769305073876 485500
1748142409011 0.23841794592258664 486000
1748142409436 0.23841819827465682 486500
1748142409858 0.23841845010855026 487000
1748142410278 0.23841870142586138 487500
1748142410693 0.23841895222817797 488000
1748142411109 0.23841920251708149 488500
1748142411526 0.23841945229414668 489000
1748142411949 0.2384197015609421 489500
1748142412357 0.23841995031902982 490000
1748142412762 0.23842019856996544 490500
1748142413170 0.23842044631529832 491000
1748142413574 0.23842069355657156 491500
1748142414002 0.23842094029532185 492000
1748142414405 0.23842118653307978 492500
1748142414808 0.2384214322713696 493000
1748142415211 0.23842167751170953 493500
1748142415616 0.23842192225561154 494000
1748142416015 0.23842216650458145 494500
1748142416412 0.23842241026011912 495000
1748142416816 0.2384226535237183 495500
1748142417219 0.23842289629686664 496000
1748142417617 0.23842313858104588 496500
1748142418012 0.23842338037773184 497000
1748142418419 0.2384236216883943 497500
1748142418834 0.23842386251449718 498000
1748142419259 0.23842410285749857 498500
1748142419683 0.23842434271885063 499000
1748142420137 0.2384245820999998 499500
1748142420533 0.23842482100238668 500000
1748142420927 0.2384250594274461 500500
1748142421329 0.2384252973766072 501000
1748142421735 0.23842553485129342 501500
1748142422136 0.2384257718529225 502000
1748142422546 0.2384260083829065 502500
1748142422945 0.238426244442652 503000
1748142423394 0.23842648003355987 503500
1748142423818 0.23842671515702546 504000
1748142424250 0.23842694981443857 504500
1748142424676 0.23842718400718355 505000
1748142425086 0.23842741773663925 505500
1748142425481 0.238427651004179 506000
1748142425874 0.23842788381117078 506500
1748142426276 0.23842811615897722 507000
1748142426672 0.23842834804895544 507500
1748142427063 0.2384285794824573 508000
1748142427462 0.23842881046082942 508500
1748142427883 0.23842904098541295 509000
1748142428303 0.2384292710575439 509500
1748142428731 0.2384295006785531 510000
1748142429148 0.23842972984976593 510500
1748142429567 0.23842995857250282 511000
1748142429983 0.23843018684807896 511500
1748142430402 0.23843041467780435 512000
1748142430822 0.23843064206298392 512500
1748142431237 0.23843086900491753 513000
1748142431662 0.23843109550489994 513500
1748142432092 0.23843132156422095 514000
1748142432514 0.2384315471841652 514500
1748142432932 0.2384317723660125 515000
1748142433349 0.2384319971110376 515500
1748142433764 0.2384322214205103 516000
1748142434176 0.23843244529569554 516500
1748142434592 0.23843266873785335 517000
1748142435007 0.23843289174823887 517500
1748142435428 0.23843311432810244 518000
1748142435858 0.23843333647868947 518500
1748142436286 0.2384335582012407 519000
1748142436712 0.23843377949699207 519500
1748142437136 0.23843400036717463 520000
1748142437560 0.2384342208130149 520500
1748142437985 0.23843444083573453 521000
1748142438396 0.23843466043655057 521500
1748142438800 0.23843487961667542 522000
1748142439209 0.23843509837731675 522500
1748142439602 0.2384353167196777 523000
1748142440005 0.2384355346449568 523500
1748142440429 0.23843575215434792 524000
1748142440871 0.2384359692490405 524500
1748142441278 0.23843618593021937 525000
1748142441676 0.23843640219906492 525500
1748142442081 0.23843661805675298 526000
1748142442491 0.23843683350445488 526500
1748142442887 0.2384370485433376 527000
1748142443301 0.23843726317456373 527500
1748142443708 0.23843747739929128 528000
1748142444125 0.23843769121867406 528500
1748142444526 0.23843790463386139 529000
1748142444948 0.2384381176459983 529500
1748142445350 0.23843833025622554 530000
1748142445758 0.23843854246567953 530500
1748142446205 0.2384387542754923 531000
1748142446609 0.23843896568679182 531500
1748142447020 0.23843917670070167 532000
1748142447425 0.23843938731834124 532500
1748142447822 0.23843959754082583 533000
1748142448327 0.23843980736926637 533500
1748142448774 0.23844001680476973 534000
1748142449332 0.23844022584843869 534500
1748142449861 0.2384404345013718 535000
1748142450291 0.23844064276466362 535500
1748142450728 0.23844085063940446 536000
1748142451196 0.23844105812668073 536500
1748142451603 0.23844126522757478 537000
1748142452031 0.23844147194316484 537500
1748142452476 0.23844167827452512 538000
1748142452894 0.23844188422272602 538500
1748142453312 0.23844208978883377 539000
1748142453735 0.23844229497391076 539500
1748142454168 0.2384424997790153 540000
1748142454586 0.23844270420520206 540500
1748142454988 0.2384429082535215 541000
1748142455409 0.23844311192502046 541500
1748142455821 0.23844331522074175 542000
1748142456236 0.23844351814172438 542500
1748142456663 0.2384437206890035 543000
1748142457102 0.23844392286361055 543500
1748142457524 0.23844412466657308 544000
1748142457953 0.23844432609891497 544500
1748142458361 0.23844452716165623 545000
1748142458772 0.2384447278558132 545500
1748142459190 0.23844492818239843 546000
1748142459595 0.23844512814242078 546500
1748142460052 0.2384453277368855 547000
