1748142013228 3.0 500
1748142013624 2.0 1000
1748142014027 2.0 1500
1748142014445 1.75 2000
1748142014843 1.6 2500
1748142015329 1.5 3000
1748142015734 1.4285714285714286 3500
1748142016147 1.375 4000
1748142016545 1.3333333333333333 4500
1748142016942 1.3 5000
1748142017364 1.2727272727272727 5500
1748142017772 1.25 6000
1748142018193 1.2307692307692308 6500
1748142018606 1.2142857142857142 7000
1748142019028 1.2 7500
1748142019445 1.1875 8000
1748142019852 1.1764705882352942 8500
1748142020273 1.1666666666666667 9000
1748142020755 1.1578947368421053 9500
1748142021205 1.15 10000
1748142021604 1.1428571428571428 10500
1748142021999 1.1363636363636365 11000
1748142022401 1.1304347826086956 11500
1748142022795 1.125 12000
1748142023194 1.12 12500
1748142023590 1.1153846153846154 13000
1748142023984 1.1111111111111112 13500
1748142024386 1.1071428571428572 14000
1748142024848 1.103448275862069 14500
1748142025265 1.1 15000
1748142025707 1.096774193548387 15500
1748142026191 1.09375 16000
1748142026588 1.0909090909090908 16500
1748142027002 1.088235294117647 17000
1748142027405 1.0857142857142856 17500
1748142027797 1.0833333333333333 18000
1748142028277 1.0810810810810811 18500
1748142028683 1.0789473684210527 19000
1748142029148 1.0769230769230769 19500
1748142029561 1.075 20000
1748142029971 1.0731707317073171 20500
1748142030366 1.0714285714285714 21000
1748142030754 1.069767441860465 21500
1748142031152 1.0681818181818181 22000
1748142031547 1.0666666666666667 22500
1748142031938 1.065217391304348 23000
1748142032331 1.0638297872340425 23500
1748142032724 1.0625 24000
1748142033203 1.0612244897959184 24500
1748142033628 1.06 25000
1748142034047 1.0588235294117647 25500
1748142034452 1.0576923076923077 26000
1748142034855 1.0566037735849056 26500
1748142035272 1.0555555555555556 27000
1748142035689 1.0545454545454545 27500
1748142036098 1.0535714285714286 28000
1748142036498 1.0526315789473684 28500
1748142036893 1.0517241379310345 29000
1748142037282 1.0508474576271187 29500
1748142037678 1.05 30000
1748142038072 1.0491803278688525 30500
1748142038462 1.0483870967741935 31000
1748142038854 1.0476190476190477 31500
1748142039247 1.046875 32000
1748142039643 1.0461538461538462 32500
1748142040037 1.0454545454545454 33000
1748142040430 1.044776119402985 33500
1748142040819 1.0441176470588236 34000
1748142041212 1.0434782608695652 34500
1748142041603 1.042857142857143 35000
1748142041994 1.0422535211267605 35500
1748142042445 1.0416666666666667 36000
1748142042837 1.0410958904109588 36500
1748142043282 1.0405405405405406 37000
1748142043672 1.04 37500
1748142044059 1.0394736842105263 38000
1748142044455 1.0389610389610389 38500
1748142044844 1.0384615384615385 39000
1748142045239 1.0379746835443038 39500
1748142045632 1.0375 40000
1748142046028 1.037037037037037 40500
1748142046424 1.0365853658536586 41000
1748142046818 1.036144578313253 41500
1748142047209 1.0357142857142858 42000
1748142047605 1.035294117647059 42500
1748142047996 1.0348837209302326 43000
1748142048421 1.0344827586206897 43500
1748142048829 1.0340909090909092 44000
1748142049239 1.0337078651685394 44500
1748142049637 1.0333333333333334 45000
1748142050029 1.032967032967033 45500
1748142050418 1.0326086956521738 46000
1748142050821 1.032258064516129 46500
1748142051236 1.0319148936170213 47000
1748142051653 1.0315789473684212 47500
1748142052051 1.03125 48000
1748142052446 1.0309278350515463 48500
1748142052848 1.030612244897959 49000
1748142053243 1.0303030303030303 49500
1748142053634 1.03 50000
1748142054024 1.0297029702970297 50500
1748142054852 1.0194174757281553 51500
1748142055257 1.0192307692307692 52000
1748142055657 1.019047619047619 52500
1748142056051 1.0188679245283019 53000
1748142056459 1.0186915887850467 53500
1748142056874 1.0185185185185186 54000
1748142057272 1.018348623853211 54500
1748142057691 1.018181818181818 55000
1748142058115 1.018018018018018 55500
1748142058545 1.0178571428571428 56000
1748142058973 1.0176991150442478 56500
1748142059454 1.0175438596491229 57000
1748142059896 1.017391304347826 57500
1748142060393 1.0172413793103448 58000
1748142060818 1.017094017094017 58500
1748142061235 1.0169491525423728 59000
1748142061701 1.0168067226890756 59500
1748142062122 1.0166666666666666 60000
1748142062537 1.0165289256198347 60500
1748142062958 1.0163934426229508 61000
1748142063403 1.016260162601626 61500
1748142063819 1.0161290322580645 62000
1748142064240 1.016 62500
1748142064658 1.0158730158730158 63000
1748142065074 1.015748031496063 63500
1748142065486 1.015625 64000
1748142065893 1.0155038759689923 64500
1748142066312 1.0153846153846153 65000
1748142066736 1.015267175572519 65500
1748142067147 1.0151515151515151 66000
1748142067568 1.0150375939849625 66500
1748142067988 1.0149253731343284 67000
1748142068406 1.0148148148148148 67500
1748142068828 1.0147058823529411 68000
1748142069247 1.0145985401459854 68500
1748142070118 1.0071942446043165 69500
1748142070543 1.0071428571428571 70000
1748142070966 1.0070921985815602 70500
1748142071358 1.0070422535211268 71000
1748142071763 1.006993006993007 71500
1748142072154 1.0069444444444444 72000
1748142072557 1.006896551724138 72500
1748142072963 1.0068493150684932 73000
1748142073372 1.0068027210884354 73500
1748142073787 1.0067567567567568 74000
1748142074182 1.0067114093959733 74500
1748142074605 1.0066666666666666 75000
1748142074998 1.0066225165562914 75500
1748142075394 1.006578947368421 76000
1748142075812 1.0065359477124183 76500
1748142076283 1.0064935064935066 77000
1748142076684 1.0064516129032257 77500
1748142077076 1.0064102564102564 78000
1748142077471 1.0063694267515924 78500
1748142077868 1.0063291139240507 79000
1748142078260 1.0062893081761006 79500
1748142078651 1.00625 80000
1748142079045 1.0062111801242235 80500
1748142079440 1.0061728395061729 81000
1748142079834 1.0061349693251533 81500
1748142080231 1.0060975609756098 82000
1748142080633 1.006060606060606 82500
1748142081049 1.0060240963855422 83000
1748142081446 1.0059880239520957 83500
1748142081838 1.005952380952381 84000
1748142082233 1.0059171597633136 84500
1748142082628 1.0058823529411764 85000
1748142083023 1.0058479532163742 85500
1748142083417 1.005813953488372 86000
1748142083812 1.0057803468208093 86500
1748142084275 1.0057471264367817 87000
1748142084677 1.0057142857142858 87500
1748142085134 1.0056818181818181 88000
1748142085528 1.0056497175141244 88500
1748142085964 1.0056179775280898 89000
1748142086360 1.005586592178771 89500
1748142086756 1.0055555555555555 90000
1748142087169 1.0055248618784531 90500
1748142087585 1.0054945054945055 91000
1748142087998 1.005464480874317 91500
1748142088394 1.0054347826086956 92000
1748142088788 1.0054054054054054 92500
1748142089184 1.0053763440860215 93000
1748142089578 1.0053475935828877 93500
1748142089975 1.0053191489361701 94000
1748142090372 1.0052910052910053 94500
1748142090775 1.0052631578947369 95000
1748142091193 1.0052356020942408 95500
1748142091591 1.0052083333333333 96000
1748142091995 1.005181347150259 96500
1748142092387 1.0051546391752577 97000
1748142092780 1.005128205128205 97500
1748142093172 1.0051020408163265 98000
1748142093560 1.0050761421319796 98500
1748142093954 1.005050505050505 99000
1748142094345 1.0050251256281406 99500
1748142094738 1.005 100000
1748142095129 1.0049751243781095 100500
1748142095518 1.004950495049505 101000
1748142095913 1.0049261083743843 101500
1748142096306 1.0049019607843137 102000
1748142096701 1.0048780487804878 102500
1748142097112 1.0048543689320388 103000
1748142097512 1.0048309178743962 103500
1748142097914 1.0048076923076923 104000
1748142098323 1.0047846889952152 104500
1748142098741 1.0047619047619047 105000
1748142099203 1.004739336492891 105500
1748142099623 1.0047169811320755 106000
1748142100015 1.0046948356807512 106500
1748142100415 1.0046728971962617 107000
1748142100823 1.0046511627906978 107500
1748142101248 1.0046296296296295 108000
1748142101653 1.0046082949308757 108500
1748142102054 1.0045871559633028 109000
1748142102467 1.004566210045662 109500
1748142102888 1.0045454545454546 110000
1748142103283 1.004524886877828 110500
1748142103700 1.0045045045045045 111000
1748142104106 1.0044843049327354 111500
1748142104528 1.0044642857142858 112000
1748142104933 1.0044444444444445 112500
1748142105341 1.0044247787610618 113000
1748142105787 1.0044052863436124 113500
1748142106200 1.0043859649122806 114000
1748142106622 1.0043668122270741 114500
1748142107061 1.0043478260869565 115000
1748142107486 1.0043290043290043 115500
1748142107913 1.0043103448275863 116000
1748142108443 1.0042918454935623 116500
1748142108866 1.0042735042735043 117000
1748142109270 1.004255319148936 117500
1748142109672 1.0042372881355932 118000
1748142110081 1.0042194092827004 118500
1748142110473 1.004201680672269 119000
1748142110863 1.00418410041841 119500
1748142111347 1.0041666666666667 120000
1748142111751 1.004149377593361 120500
1748142112142 1.0041322314049588 121000
1748142112543 1.0041152263374487 121500
1748142112937 1.0040983606557377 122000
1748142113337 1.0040816326530613 122500
1748142113732 1.0040650406504066 123000
1748142114129 1.0040485829959513 123500
1748142114522 1.0040322580645162 124000
1748142114926 1.0040160642570282 124500
1748142115322 1.004 125000
1748142115719 1.00398406374502 125500
1748142116141 1.003968253968254 126000
1748142116551 1.0039525691699605 126500
1748142116958 1.0039370078740157 127000
1748142117384 1.003921568627451 127500
1748142117851 1.00390625 128000
1748142118331 1.0038910505836576 128500
1748142118750 1.003875968992248 129000
1748142119154 1.0038610038610039 129500
1748142119555 1.0038461538461538 130000
1748142119948 1.003831417624521 130500
1748142120338 1.0038167938931297 131000
1748142120731 1.0038022813688212 131500
1748142121124 1.003787878787879 132000
1748142121522 1.0037735849056604 132500
1748142121926 1.0037593984962405 133000
1748142122337 1.00374531835206 133500
1748142122735 1.0037313432835822 134000
1748142123134 1.003717472118959 134500
1748142123566 1.0037037037037038 135000
1748142123986 1.003690036900369 135500
1748142124427 1.0036764705882353 136000
1748142124877 1.0036630036630036 136500
1748142125293 1.0036496350364963 137000
1748142125692 1.0036363636363637 137500
1748142126101 1.0036231884057971 138000
1748142126508 1.0036101083032491 138500
1748142126908 1.0035971223021583 139000
1748142127324 1.003584229390681 139500
1748142127740 1.0035714285714286 140000
1748142128618 1.0 141000
1748142129015 1.0 141500
1748142129415 1.0 142000
1748142129810 1.0 142500
1748142130212 1.0 143000
1748142130605 1.0 143500
1748142130995 1.0 144000
1748142131388 1.0 144500
1748142131782 1.0 145000
1748142132178 1.0 145500
1748142132581 1.0 146000
1748142132974 1.0 146500
1748142133756 0.9966101694915255 147500
1748142134147 0.9966216216216216 148000
1748142134539 0.9966329966329966 148500
1748142134931 0.9966442953020134 149000
1748142135325 0.9966555183946488 149500
1748142135717 0.9966666666666667 150000
1748142136110 0.9966777408637874 150500
1748142136503 0.9966887417218543 151000
1748142136895 0.9966996699669967 151500
1748142137286 0.9967105263157895 152000
1748142137676 0.9967213114754099 152500
1748142138069 0.9967320261437909 153000
1748142138462 0.996742671009772 153500
1748142138854 0.9967532467532467 154000
1748142139248 0.9967637540453075 154500
1748142139636 0.9967741935483871 155000
1748142140030 0.9967845659163987 155500
1748142140420 0.9967948717948718 156000
1748142140883 0.9968051118210862 156500
1748142141284 0.9968152866242038 157000
1748142141739 0.9968253968253968 157500
1748142142133 0.9968354430379747 158000
1748142142528 0.9968454258675079 158500
1748142142923 0.9968553459119497 159000
1748142143318 0.9968652037617555 159500
1748142143711 0.996875 160000
1748142144104 0.9968847352024922 160500
1748142144494 0.9968944099378882 161000
1748142144883 0.9969040247678018 161500
1748142145276 0.9969135802469136 162000
1748142145701 0.9969230769230769 162500
1748142146097 0.9969325153374233 163000
1748142146490 0.9969418960244648 163500
1748142146886 0.9969512195121951 164000
1748142147280 0.9969604863221885 164500
1748142147675 0.996969696969697 165000
1748142148066 0.9969788519637462 165500
1748142148460 0.9969879518072289 166000
1748142148851 0.996996996996997 166500
1748142149244 0.9970059880239521 167000
1748142149641 0.9970149253731343 167500
1748142150035 0.9970238095238095 168000
1748142150425 0.9970326409495549 168500
1748142150816 0.9970414201183432 169000
1748142151221 0.9970501474926253 169500
1748142151634 0.9970588235294118 170000
1748142152044 0.9970674486803519 170500
1748142152461 0.9970760233918129 171000
1748142152867 0.9970845481049563 171500
1748142153272 0.997093023255814 172000
1748142153690 0.9971014492753624 172500
1748142154090 0.9971098265895953 173000
1748142154488 0.9971181556195965 173500
1748142154880 0.9971264367816092 174000
1748142155275 0.997134670487106 174500
1748142155670 0.9971428571428571 175000
1748142156143 0.9971509971509972 175500
1748142156552 0.9971590909090909 176000
1748142156956 0.9971671388101983 176500
1748142157467 0.9971751412429378 177000
1748142157871 0.9971830985915493 177500
1748142158269 0.9971910112359551 178000
1748142158661 0.9971988795518207 178500
1748142159063 0.9972067039106145 179000
1748142159484 0.9972144846796658 179500
1748142159890 0.9972222222222222 180000
1748142160292 0.997229916897507 180500
1748142160749 0.9972375690607734 181000
1748142161318 0.9972451790633609 181500
1748142161759 0.9972527472527473 182000
1748142162268 0.9972602739726028 182500
1748142162682 0.9972677595628415 183000
1748142163103 0.997275204359673 183500
1748142163525 0.9972826086956522 184000
1748142163935 0.997289972899729 184500
1748142164356 0.9972972972972973 185000
1748142164776 0.9973045822102425 185500
1748142165283 0.9973118279569892 186000
1748142165769 0.9973190348525469 186500
1748142166190 0.9973262032085561 187000
1748142166591 0.9973333333333333 187500
1748142166985 0.9973404255319149 188000
1748142167391 0.9973474801061007 188500
1748142167786 0.9973544973544973 189000
1748142168181 0.9973614775725593 189500
1748142168572 0.9973684210526316 190000
1748142168965 0.9973753280839895 190500
1748142169363 0.9973821989528796 191000
1748142169830 0.9973890339425587 191500
1748142170251 0.9973958333333334 192000
1748142170688 0.9974025974025974 192500
1748142171167 0.9974093264248705 193000
1748142171588 0.9974160206718347 193500
1748142172002 0.9974226804123711 194000
1748142172413 0.9974293059125964 194500
1748142172827 0.9974358974358974 195000
1748142173238 0.9974424552429667 195500
1748142173642 0.9974489795918368 196000
1748142174037 0.9974554707379135 196500
1748142174435 0.9974619289340102 197000
1748142174840 0.9974683544303797 197500
1748142175245 0.9974747474747475 198000
1748142175655 0.9974811083123426 198500
1748142176061 0.9974874371859297 199000
1748142176454 0.9974937343358395 199500
1748142176853 0.9975 200000
1748142177244 0.9975062344139651 200500
1748142177638 0.9975124378109452 201000
1748142178033 0.9975186104218362 201500
1748142178426 0.9975247524752475 202000
1748142178871 0.9975308641975309 202500
1748142179320 0.9975369458128078 203000
1748142179770 0.9975429975429976 203500
1748142180171 0.9975490196078431 204000
1748142180564 0.9975550122249389 204500
1748142180959 0.9975609756097561 205000
1748142181352 0.9975669099756691 205500
1748142181745 0.9975728155339806 206000
1748142182143 0.9975786924939467 206500
1748142182535 0.9975845410628019 207000
1748142182927 0.9975903614457832 207500
1748142183320 0.9975961538461539 208000
1748142183723 0.9976019184652278 208500
1748142184118 0.9976076555023924 209000
1748142184523 0.9976133651551312 209500
1748142184915 0.9976190476190476 210000
1748142185307 0.997624703087886 210500
1748142185696 0.9976303317535545 211000
1748142186088 0.9976359338061466 211500
1748142186482 0.9976415094339622 212000
1748142186872 0.9976470588235294 212500
1748142187276 0.9976525821596244 213000
1748142187675 0.9976580796252927 213500
1748142188068 0.9976635514018691 214000
1748142188460 0.9976689976689976 214500
1748142188863 0.9976744186046511 215000
1748142189257 0.9976798143851509 215500
1748142189648 0.9976851851851852 216000
1748142190041 0.9976905311778291 216500
1748142190433 0.9976958525345622 217000
1748142190822 0.9977011494252873 217500
1748142191216 0.9977064220183486 218000
1748142191610 0.9977116704805492 218500
1748142192003 0.997716894977169 219000
1748142192393 0.9977220956719818 219500
1748142192797 0.9977272727272727 220000
1748142193192 0.9977324263038548 220500
1748142193586 0.997737556561086 221000
1748142193979 0.9977426636568849 221500
1748142194373 0.9977477477477478 222000
1748142194764 0.9977528089887641 222500
1748142195157 0.9977578475336323 223000
1748142195545 0.9977628635346756 223500
1748142195937 0.9977678571428571 224000
1748142196340 0.9977728285077951 224500
1748142196733 0.9977777777777778 225000
1748142197128 0.9977827050997783 225500
1748142197523 0.9977876106194691 226000
1748142197915 0.9977924944812362 226500
1748142198311 0.9977973568281938 227000
1748142198707 0.9978021978021978 227500
1748142199102 0.9978070175438597 228000
1748142199498 0.9978118161925602 228500
1748142199889 0.9978165938864629 229000
1748142200281 0.9978213507625272 229500
1748142200673 0.9978260869565218 230000
1748142201066 0.9978308026030369 230500
1748142201462 0.9978354978354979 231000
1748142201857 0.9978401727861771 231500
1748142202250 0.9978448275862069 232000
1748142202642 0.9978494623655914 232500
1748142203041 0.9978540772532188 233000
1748142203433 0.9978586723768736 233500
1748142203825 0.9978632478632479 234000
1748142204222 0.997867803837953 234500
1748142204619 0.997872340425532 235000
1748142205012 0.9978768577494692 235500
1748142205408 0.9978813559322034 236000
1748142205845 0.9978858350951374 236500
1748142206240 0.9978902953586498 237000
1748142206653 0.9978947368421053 237500
1748142207048 0.9978991596638656 238000
1748142207444 0.9979035639412998 238500
1748142207838 0.997907949790795 239000
1748142208294 0.9979123173277662 239500
1748142208688 0.9979166666666667 240000
1748142209080 0.997920997920998 240500
1748142209472 0.9979253112033195 241000
1748142209868 0.9979296066252588 241500
1748142210261 0.9979338842975206 242000
1748142210652 0.9979381443298969 242500
1748142211044 0.9979423868312757 243000
1748142211438 0.997946611909651 243500
1748142211832 0.9979508196721312 244000
1748142212227 0.9979550102249489 244500
1748142212619 0.9979591836734694 245000
1748142213014 0.9979633401221996 245500
1748142213405 0.9979674796747967 246000
1748142213797 0.9979716024340771 246500
1748142214191 0.9979757085020243 247000
1748142214585 0.997979797979798 247500
1748142214980 0.9979838709677419 248000
1748142215371 0.9979879275653923 248500
1748142215763 0.9979919678714859 249000
1748142216156 0.9979959919839679 249500
1748142216549 0.998 250000
1748142216940 0.998003992015968 250500
1748142217336 0.99800796812749 251000
1748142217730 0.9980119284294234 251500
1748142218121 0.998015873015873 252000
1748142218513 0.998019801980198 252500
1748142218905 0.9980237154150198 253000
1748142219298 0.9980276134122288 253500
1748142219689 0.9980314960629921 254000
1748142220079 0.9980353634577603 254500
1748142220472 0.9980392156862745 255000
1748142220865 0.9980430528375733 255500
1748142221262 0.998046875 256000
1748142221655 0.9980506822612085 256500
1748142222051 0.9980544747081712 257000
1748142222440 0.9980582524271845 257500
1748142222833 0.998062015503876 258000
1748142223232 0.9980657640232108 258500
1748142223625 0.9980694980694981 259000
1748142224053 0.9980732177263969 259500
1748142224498 0.9980769230769231 260000
1748142224910 0.9980806142034548 260500
1748142225313 0.9980842911877394 261000
1748142225709 0.9980879541108987 261500
1748142226104 0.9980916030534351 262000
1748142226502 0.9980952380952381 262500
1748142226899 0.9980988593155894 263000
1748142227295 0.9981024667931688 263500
1748142227866 0.9981060606060606 264000
1748142228266 0.998109640831758 264500
1748142228663 0.9981132075471698 265000
1748142229071 0.9981167608286252 265500
1748142229473 0.9981203007518797 266000
1748142229906 0.99812382739212 266500
1748142230315 0.99812734082397 267000
1748142230718 0.9981308411214953 267500
1748142231121 0.9981343283582089 268000
1748142231523 0.9981378026070763 268500
1748142231928 0.9981412639405205 269000
1748142232330 0.9981447124304267 269500
1748142232734 0.9981481481481481 270000
1748142233135 0.9981515711645101 270500
1748142233535 0.9981549815498155 271000
1748142233932 0.998158379373849 271500
1748142234326 0.9981617647058824 272000
1748142234730 0.998165137614679 272500
1748142235132 0.9981684981684982 273000
1748142235535 0.9981718464351006 273500
1748142235935 0.9981751824817519 274000
1748142236339 0.9981785063752276 274500
1748142236739 0.9981818181818182 275000
1748142237139 0.9981851179673321 275500
1748142237542 0.9981884057971014 276000
1748142237944 0.9981916817359855 276500
1748142238355 0.9981949458483754 277000
1748142238755 0.9981981981981982 277500
1748142239191 0.9982014388489209 278000
1748142239594 0.9982046678635548 278500
1748142239989 0.9982078853046595 279000
1748142240397 0.998211091234347 279500
1748142240794 0.9982142857142857 280000
1748142241200 0.9982174688057041 280500
1748142241600 0.998220640569395 281000
1748142241997 0.9982238010657194 281500
1748142242401 0.99822695035461 282000
1748142242809 0.9982300884955753 282500
1748142243210 0.9982332155477032 283000
1748142243640 0.9982363315696648 283500
1748142244047 0.9982394366197183 284000
1748142244499 0.9982425307557118 284500
1748142244904 0.9982456140350877 285000
1748142245304 0.9982486865148862 285500
1748142245706 0.9982517482517482 286000
1748142246108 0.9982547993019197 286500
1748142246513 0.9982578397212544 287000
1748142246918 0.9982608695652174 287500
1748142247327 0.9982638888888888 288000
1748142247727 0.9982668977469671 288500
1748142248135 0.9982698961937716 289000
1748142248556 0.998272884283247 289500
1748142248970 0.9982758620689656 290000
1748142249381 0.9982788296041308 290500
1748142249829 0.9982817869415808 291000
1748142250339 0.9982847341337907 291500
1748142250752 0.9982876712328768 292000
1748142251157 0.9982905982905983 292500
1748142251555 0.9982935153583617 293000
1748142251954 0.9982964224872232 293500
1748142252350 0.9982993197278912 294000
1748142252750 0.99830220713073 294500
1748142253144 0.9983050847457627 295000
1748142253538 0.9983079526226735 295500
1748142253932 0.9983108108108109 296000
1748142254325 0.9983136593591906 296500
1748142254717 0.9983164983164983 297000
1748142255115 0.9983193277310924 297500
1748142255513 0.9983221476510067 298000
1748142255905 0.998324958123953 298500
1748142256305 0.9983277591973244 299000
1748142256703 0.998330550918197 299500
1748142257094 0.9983333333333333 300000
1748142257489 0.9983361064891847 300500
1748142257893 0.9983388704318937 301000
1748142258285 0.9983416252072969 301500
1748142258679 0.9983443708609272 302000
1748142259069 0.9983471074380166 302500
1748142259463 0.9983498349834984 303000
1748142259869 0.9983525535420099 303500
1748142260278 0.9983552631578947 304000
1748142260748 0.9983579638752053 304500
1748142261173 0.9983606557377049 305000
1748142261584 0.9983633387888707 305500
1748142261997 0.9983660130718954 306000
1748142262414 0.99836867862969 306500
1748142262817 0.998371335504886 307000
1748142263212 0.9983739837398374 307500
1748142263695 0.9983766233766234 308000
1748142264137 0.9983792544570502 308500
1748142264562 0.9983818770226537 309000
1748142264976 0.9983844911147012 309500
1748142265371 0.9983870967741936 310000
1748142265803 0.998389694041868 310500
1748142266199 0.9983922829581994 311000
1748142266621 0.9983948635634029 311500
1748142267033 0.9983974358974359 312000
1748142267432 0.9984 312500
1748142267832 0.9984025559105432 313000
1748142268231 0.9984051036682615 313500
1748142268634 0.9984076433121019 314000
1748142269043 0.9984101748807631 314500
1748142269450 0.9984126984126984 315000
1748142269866 0.9984152139461173 315500
1748142270287 0.9984177215189873 316000
1748142270710 0.9984202211690363 316500
1748142271119 0.998422712933754 317000
1748142271552 0.9984251968503937 317500
1748142271965 0.9984276729559748 318000
1748142272368 0.9984301412872841 318500
1748142272781 0.9984326018808778 319000
1748142273175 0.9984350547730829 319500
1748142273584 0.9984375 320000
1748142273980 0.9984399375975039 320500
1748142274441 0.9984423676012462 321000
1748142274850 0.9984447900466563 321500
1748142275253 0.9984472049689441 322000
1748142275657 0.9984496124031008 322500
1748142276051 0.9984520123839009 323000
1748142276452 0.9984544049459042 323500
1748142276853 0.9984567901234568 324000
1748142277276 0.9984591679506933 324500
1748142277672 0.9984615384615385 325000
1748142278068 0.9984639016897081 325500
1748142278486 0.9984662576687117 326000
1748142278888 0.998468606431853 326500
1748142279279 0.9984709480122325 327000
1748142279673 0.9984732824427481 327500
1748142280067 0.9984756097560976 328000
1748142280464 0.9984779299847792 328500
1748142280858 0.9984802431610942 329000
1748142281254 0.9984825493171472 329500
1748142281649 0.9984848484848485 330000
1748142282047 0.9984871406959153 330500
1748142282443 0.9984894259818731 331000
1748142282836 0.9984917043740573 331500
1748142283231 0.9984939759036144 332000
1748142283623 0.9984962406015038 332500
1748142284014 0.9984984984984985 333000
1748142284408 0.9985007496251874 333500
1748142284800 0.9985029940119761 334000
1748142285193 0.9985052316890882 334500
1748142285592 0.9985074626865672 335000
1748142285985 0.9985096870342772 335500
1748142286382 0.9985119047619048 336000
1748142286778 0.9985141158989599 336500
1748142287170 0.9985163204747775 337000
1748142287567 0.9985185185185185 337500
1748142287962 0.9985207100591716 338000
1748142288357 0.9985228951255539 338500
1748142288755 0.9985250737463127 339000
1748142289147 0.9985272459499264 339500
1748142289539 0.9985294117647059 340000
1748142289934 0.9985315712187959 340500
1748142290327 0.998533724340176 341000
1748142290719 0.9985358711566618 341500
1748142291114 0.9985380116959064 342000
1748142291508 0.9985401459854014 342500
1748142291902 0.9985422740524781 343000
1748142292299 0.9985443959243085 343500
1748142292691 0.998546511627907 344000
1748142293084 0.9985486211901307 344500
1748142293481 0.9985507246376811 345000
1748142293871 0.9985528219971056 345500
1748142294263 0.9985549132947977 346000
1748142294658 0.9985569985569985 346500
1748142295058 0.9985590778097982 347000
1748142295455 0.9985611510791367 347500
1748142295851 0.9985632183908046 348000
1748142296241 0.9985652797704447 348500
1748142296638 0.998567335243553 349000
1748142297034 0.9985693848354793 349500
1748142297430 0.9985714285714286 350000
1748142297820 0.9985734664764622 350500
1748142298243 0.9985754985754985 351000
1748142298633 0.9985775248933144 351500
1748142299028 0.9985795454545454 352000
1748142299422 0.9985815602836879 352500
1748142299826 0.9985835694050992 353000
1748142300251 0.9985855728429985 353500
1748142300654 0.998587570621469 354000
1748142301049 0.998589562764457 354500
1748142301448 0.9985915492957746 355000
1748142301842 0.9985935302390999 355500
1748142302235 0.9985955056179775 356000
1748142302629 0.9985974754558204 356500
1748142303022 0.9985994397759104 357000
1748142303417 0.9986013986013986 357500
1748142303816 0.9986033519553073 358000
1748142304212 0.99860529986053 358500
1748142304627 0.9986072423398329 359000
1748142305021 0.9986091794158554 359500
1748142305416 0.9986111111111111 360000
1748142305811 0.9986130374479889 360500
1748142306207 0.9986149584487535 361000
1748142306602 0.9986168741355463 361500
1748142307027 0.9986187845303868 362000
1748142307423 0.9986206896551724 362500
1748142307815 0.9986225895316805 363000
1748142308209 0.9986244841815681 363500
1748142308600 0.9986263736263736 364000
1748142308993 0.9986282578875172 364500
1748142309390 0.9986301369863013 365000
1748142309792 0.9986320109439124 365500
1748142310182 0.9986338797814208 366000
1748142310574 0.9986357435197817 366500
1748142310969 0.9986376021798365 367000
1748142311363 0.998639455782313 367500
1748142311757 0.998641304347826 368000
1748142312148 0.9986431478968792 368500
1748142312540 0.9986449864498645 369000
1748142312934 0.9986468200270636 369500
1748142313331 0.9986486486486487 370000
1748142313729 0.9986504723346828 370500
1748142314122 0.9986522911051213 371000
1748142314513 0.9986541049798116 371500
1748142314907 0.9986559139784946 372000
1748142315299 0.9986577181208054 372500
1748142315692 0.9986595174262735 373000
1748142316085 0.998661311914324 373500
1748142316485 0.9986631016042781 374000
1748142316877 0.9986648865153538 374500
1748142317270 0.9986666666666667 375000
1748142317665 0.9986684420772304 375500
1748142318060 0.9986702127659575 376000
1748142318452 0.99867197875166 376500
1748142318846 0.9986737400530504 377000
1748142319233 0.9986754966887417 377500
1748142319624 0.9986772486772487 378000
1748142320017 0.9986789960369881 378500
1748142320413 0.9986807387862797 379000
1748142320807 0.9986824769433466 379500
1748142321205 0.9986842105263158 380000
1748142321602 0.9986859395532195 380500
1748142321994 0.9986876640419947 381000
1748142322390 0.9986893840104849 381500
1748142322785 0.9986910994764397 382000
1748142323190 0.9986928104575163 382500
1748142323596 0.9986945169712794 383000
1748142324096 0.9986962190352021 383500
1748142324527 0.9986979166666666 384000
1748142324989 0.9986996098829649 384500
1748142325509 0.9987012987012988 385000
1748142325950 0.9987029831387808 385500
1748142326360 0.9987046632124352 386000
1748142326765 0.9987063389391979 386500
1748142327208 0.9987080103359173 387000
1748142327604 0.9987096774193548 387500
1748142327999 0.9987113402061856 388000
1748142328400 0.9987129987129987 388500
1748142328823 0.9987146529562982 389000
1748142329319 0.9987163029525032 389500
1748142329739 0.9987179487179487 390000
1748142330151 0.998719590268886 390500
1748142330555 0.9987212276214834 391000
1748142330952 0.9987228607918263 391500
1748142331351 0.9987244897959183 392000
1748142331764 0.9987261146496815 392500
1748142332171 0.9987277353689568 393000
1748142332569 0.9987293519695044 393500
1748142332973 0.998730964467005 394000
1748142333383 0.9987325728770595 394500
1748142333796 0.9987341772151899 395000
1748142334195 0.9987357774968394 395500
1748142334592 0.9987373737373737 396000
1748142334984 0.9987389659520807 396500
1748142335393 0.9987405541561712 397000
1748142335810 0.9987421383647799 397500
1748142336222 0.9987437185929648 398000
1748142336621 0.998745294855709 398500
1748142337027 0.9987468671679198 399000
1748142337488 0.9987484355444305 399500
1748142337887 0.99875 400000
1748142338329 0.9987515605493134 400500
1748142338729 0.9987531172069826 401000
1748142339124 0.9987546699875467 401500
1748142339514 0.9987562189054726 402000
1748142339910 0.9987577639751553 402500
1748142340313 0.9987593052109182 403000
1748142340730 0.9987608426270136 403500
1748142341165 0.9987623762376238 404000
1748142341655 0.9987639060568603 404500
1748142342063 0.9987654320987654 405000
1748142342456 0.998766954377312 405500
1748142342853 0.9987684729064039 406000
1748142343250 0.998769987699877 406500
1748142343647 0.9987714987714987 407000
1748142344038 0.9987730061349693 407500
1748142344460 0.9987745098039216 408000
1748142344878 0.9987760097919217 408500
1748142345274 0.9987775061124694 409000
1748142345691 0.9987789987789988 409500
1748142346091 0.998780487804878 410000
1748142346507 0.9987819732034104 410500
1748142346918 0.9987834549878345 411000
1748142347403 0.9987849331713244 411500
1748142347876 0.9987864077669902 412000
1748142348347 0.9987878787878788 412500
1748142348774 0.9987893462469734 413000
1748142349244 0.9987908101571947 413500
1748142349661 0.998792270531401 414000
1748142350068 0.9987937273823885 414500
1748142350493 0.9987951807228915 415000
1748142350927 0.9987966305655837 415500
1748142351361 0.9987980769230769 416000
1748142351758 0.9987995198079231 416500
1748142352253 0.9988009592326139 417000
1748142352649 0.9988023952095808 417500
1748142353069 0.9988038277511961 418000
1748142353464 0.998805256869773 418500
1748142353869 0.9988066825775657 419000
1748142354263 0.99880810488677 419500
1748142354663 0.9988095238095238 420000
1748142355143 0.9988109393579072 420500
1748142355540 0.998812351543943 421000
1748142355943 0.9988137603795967 421500
1748142356340 0.9988151658767772 422000
1748142356735 0.9988165680473373 422500
1748142357140 0.9988179669030733 423000
1748142357538 0.9988193624557261 423500
1748142357933 0.9988207547169812 424000
1748142358328 0.9988221436984688 424500
1748142358728 0.9988235294117647 425000
1748142359124 0.9988249118683902 425500
1748142359533 0.9988262910798122 426000
1748142359995 0.9988276670574443 426500
1748142360459 0.9988290398126464 427000
1748142360877 0.9988304093567252 427500
1748142361281 0.9988317757009346 428000
1748142361700 0.9988331388564761 428500
1748142362106 0.9988344988344988 429000
1748142362501 0.9988358556461001 429500
1748142362890 0.9988372093023256 430000
1748142363333 0.9988385598141696 430500
1748142363726 0.9988399071925754 431000
1748142364122 0.9988412514484357 431500
1748142364540 0.9988425925925926 432000
1748142364954 0.9988439306358381 432500
1748142365379 0.9988452655889145 433000
1748142365820 0.9988465974625144 433500
1748142366228 0.9988479262672811 434000
1748142366625 0.998849252013809 434500
1748142367087 0.9988505747126437 435000
1748142367502 0.9988518943742825 435500
1748142367907 0.9988532110091743 436000
1748142368311 0.9988545246277205 436500
1748142368730 0.9988558352402745 437000
1748142369173 0.9988571428571429 437500
1748142369590 0.9988584474885844 438000
1748142370024 0.9988597491448119 438500
1748142370430 0.9988610478359908 439000
1748142370836 0.9988623435722411 439500
1748142371266 0.9988636363636364 440000
1748142371682 0.9988649262202043 440500
1748142372087 0.9988662131519275 441000
1748142372491 0.9988674971687429 441500
1748142372894 0.998868778280543 442000
1748142373466 0.9988700564971752 442500
1748142373908 0.9988713318284425 443000
1748142374345 0.9988726042841037 443500
1748142374750 0.9988738738738738 444000
1748142375157 0.9988751406074241 444500
1748142375553 0.998876404494382 445000
1748142375951 0.9988776655443322 445500
1748142376351 0.9988789237668162 446000
1748142376757 0.9988801791713325 446500
1748142377157 0.9988814317673378 447000
1748142377556 0.9988826815642458 447500
1748142377950 0.9988839285714286 448000
1748142378349 0.9988851727982163 448500
1748142378747 0.9988864142538976 449000
1748142379139 0.9988876529477196 449500
1748142379535 0.9988888888888889 450000
1748142379952 0.9988901220865705 450500
1748142380345 0.9988913525498891 451000
1748142380736 0.9988925802879292 451500
1748142381138 0.9988938053097345 452000
1748142381535 0.9988950276243094 452500
1748142381936 0.9988962472406181 453000
1748142382344 0.9988974641675854 453500
1748142382741 0.998898678414097 454000
1748142383162 0.9988998899889989 454500
1748142383566 0.9989010989010989 455000
1748142383963 0.9989023051591658 455500
1748142384362 0.9989035087719298 456000
1748142384765 0.9989047097480832 456500
1748142385160 0.9989059080962801 457000
1748142385573 0.9989071038251366 457500
1748142385974 0.9989082969432315 458000
1748142386399 0.9989094874591058 458500
1748142386796 0.9989106753812637 459000
1748142387194 0.998911860718172 459500
1748142387588 0.9989130434782608 460000
1748142387984 0.998914223669924 460500
1748142388384 0.9989154013015185 461000
1748142388782 0.9989165763813651 461500
1748142389179 0.9989177489177489 462000
1748142389580 0.9989189189189189 462500
1748142389979 0.9989200863930886 463000
1748142390374 0.9989212513484358 463500
1748142390770 0.9989224137931034 464000
1748142391167 0.9989235737351991 464500
1748142391567 0.9989247311827957 465000
1748142391976 0.9989258861439313 465500
1748142392391 0.9989270386266095 466000
1748142392788 0.9989281886387996 466500
1748142393195 0.9989293361884368 467000
1748142393597 0.9989304812834224 467500
1748142393995 0.9989316239316239 468000
1748142394397 0.9989327641408752 468500
1748142394797 0.9989339019189766 469000
1748142395195 0.9989350372736954 469500
1748142395598 0.9989361702127659 470000
1748142396036 0.9989373007438895 470500
1748142396453 0.9989384288747346 471000
1748142396863 0.9989395546129375 471500
1748142397261 0.9989406779661016 472000
1748142397664 0.9989417989417989 472500
1748142398059 0.9989429175475687 473000
1748142398452 0.9989440337909187 473500
1748142398854 0.9989451476793249 474000
1748142399253 0.9989462592202318 474500
1748142399656 0.9989473684210526 475000
1748142400078 0.9989484752891693 475500
1748142400490 0.9989495798319328 476000
1748142400904 0.9989506820566632 476500
1748142401339 0.9989517819706499 477000
1748142401765 0.9989528795811519 477500
1748142402187 0.9989539748953975 478000
1748142402603 0.9989550679205852 478500
1748142403016 0.9989561586638831 479000
1748142403468 0.9989572471324296 479500
1748142403893 0.9989583333333333 480000
1748142404318 0.9989594172736732 480500
1748142404748 0.998960498960499 481000
1748142405168 0.9989615784008308 481500
1748142405584 0.9989626556016598 482000
1748142405999 0.9989637305699481 482500
1748142406418 0.9989648033126294 483000
1748142406852 0.9989658738366081 483500
1748142407315 0.9989669421487604 484000
1748142407744 0.9989680082559339 484500
1748142408167 0.9989690721649485 485000
1748142408587 0.9989701338825953 485500
1748142409010 0.9989711934156379 486000
1748142409436 0.998972250770812 486500
1748142409858 0.9989733059548255 487000
1748142410278 0.9989743589743589 487500
1748142410693 0.9989754098360656 488000
1748142411108 0.9989764585465711 488500
1748142411525 0.9989775051124744 489000
1748142411949 0.9989785495403473 489500
1748142412357 0.9989795918367347 490000
1748142412761 0.9989806320081549 490500
1748142413170 0.9989816700610998 491000
1748142413574 0.9989827060020345 491500
1748142414002 0.9989837398373984 492000
1748142414405 0.9989847715736041 492500
1748142414807 0.9989858012170385 493000
1748142415211 0.9989868287740629 493500
1748142415615 0.9989878542510121 494000
1748142416015 0.9989888776541962 494500
1748142416412 0.998989898989899 495000
1748142416816 0.9989909182643795 495500
1748142417219 0.998991935483871 496000
1748142417616 0.998992950654582 496500
1748142418012 0.9989939637826962 497000
1748142418418 0.9989949748743718 497500
1748142418833 0.998995983935743 498000
1748142419259 0.9989969909729187 498500
1748142419682 0.998997995991984 499000
1748142420136 0.998998998998999 499500
1748142420533 0.999 500000
1748142420927 0.999000999000999 500500
1748142421329 0.999001996007984 501000
1748142421735 0.9990029910269193 501500
1748142422136 0.999003984063745 502000
1748142422545 0.9990049751243781 502500
1748142422945 0.9990059642147118 503000
1748142423393 0.9990069513406157 503500
1748142423817 0.9990079365079365 504000
1748142424250 0.9990089197224975 504500
1748142424675 0.999009900990099 505000
1748142425086 0.9990108803165183 505500
1748142425481 0.9990118577075099 506000
1748142425873 0.9990128331688055 506500
1748142426275 0.9990138067061144 507000
1748142426672 0.9990147783251232 507500
1748142427063 0.9990157480314961 508000
1748142427461 0.9990167158308751 508500
1748142427883 0.9990176817288802 509000
1748142428303 0.9990186457311089 509500
1748142428731 0.9990196078431373 510000
1748142429148 0.9990205680705191 510500
1748142429566 0.9990215264187867 511000
1748142429982 0.9990224828934506 511500
1748142430401 0.9990234375 512000
1748142430821 0.9990243902439024 512500
1748142431236 0.9990253411306043 513000
1748142431662 0.9990262901655307 513500
1748142432091 0.9990272373540856 514000
1748142432514 0.9990281827016521 514500
1748142432931 0.9990291262135922 515000
1748142433349 0.9990300678952473 515500
1748142433764 0.999031007751938 516000
1748142434176 0.9990319457889641 516500
1748142434592 0.9990328820116054 517000
1748142435007 0.9990338164251208 517500
1748142435427 0.999034749034749 518000
1748142435857 0.9990356798457087 518500
1748142436286 0.9990366088631984 519000
1748142436712 0.9990375360923965 519500
1748142437135 0.9990384615384615 520000
1748142437560 0.9990393852065321 520500
1748142437984 0.9990403071017274 521000
1748142438396 0.9990412272291467 521500
1748142438799 0.9990421455938697 522000
1748142439209 0.999043062200957 522500
1748142439601 0.9990439770554493 523000
1748142440004 0.9990448901623686 523500
1748142440429 0.9990458015267175 524000
1748142440871 0.9990467111534795 524500
1748142441277 0.9990476190476191 525000
1748142441676 0.9990485252140818 525500
1748142442080 0.9990494296577946 526000
1748142442491 0.9990503323836657 526500
1748142442887 0.9990512333965844 527000
1748142443301 0.9990521327014218 527500
1748142443708 0.9990530303030303 528000
1748142444125 0.9990539262062441 528500
1748142444526 0.999054820415879 529000
1748142444947 0.9990557129367328 529500
1748142445350 0.9990566037735849 530000
1748142445758 0.9990574929311969 530500
1748142446205 0.9990583804143126 531000
1748142446609 0.9990592662276576 531500
1748142447020 0.9990601503759399 532000
1748142447424 0.9990610328638497 532500
1748142447822 0.99906191369606 533000
1748142448327 0.9990627928772259 533500
1748142448774 0.9990636704119851 534000
1748142449331 0.9990645463049579 534500
1748142449861 0.9990654205607477 535000
1748142450291 0.9990662931839402 535500
1748142450728 0.9990671641791045 536000
1748142451196 0.9990680335507922 536500
1748142451603 0.9990689013035382 537000
1748142452031 0.9990697674418605 537500
1748142452475 0.9990706319702602 538000
1748142452894 0.9990714948932219 538500
1748142453311 0.9990723562152134 539000
1748142453734 0.9990732159406858 539500
1748142454168 0.9990740740740741 540000
1748142454586 0.9990749306197965 540500
1748142454988 0.9990757855822551 541000
1748142455409 0.9990766389658357 541500
1748142455821 0.9990774907749077 542000
1748142456236 0.9990783410138249 542500
1748142456662 0.9990791896869244 543000
1748142457102 0.9990800367985281 543500
1748142457524 0.9990808823529411 544000
1748142457953 0.9990817263544536 544500
1748142458361 0.9990825688073395 545000
1748142458772 0.999083409715857 545500
1748142459190 0.9990842490842491 546000
1748142459595 0.9990850869167429 546500
1748142460052 0.9990859232175503 547000
