1748142013228 0.06 500
1748142013623 0.075 1000
1748142014026 0.12333333333333334 1500
1748142014444 0.1825 2000
1748142014842 0.16199999999999998 2500
1748142015328 0.15166666666666664 3000
1748142015733 0.09857142857142856 3500
1748142016146 0.04499999999999999 4000
1748142016544 0.01666666666666666 4500
1748142016941 0.010999999999999992 5000
1748142017363 -0.007272727272727279 5500
1748142017772 -0.009166666666666672 6000
1748142018193 -0.02846153846153847 6500
1748142018605 -0.008571428571428579 7000
1748142019027 -0.023333333333333338 7500
1748142019444 -0.008750000000000004 8000
1748142019851 -0.0029411764705882396 8500
1748142020273 0.011111111111111106 9000
1748142020754 0.00421052631578947 9500
1748142021204 0.006499999999999997 10000
1748142021604 0.0028571428571428545 10500
1748142021999 -0.00045454545454545747 11000
1748142022400 0.0069565217391304324 11500
1748142022795 0.01166666666666666 12000
1748142023193 -0.0008000000000000051 12500
1748142023589 -0.0030769230769230817 13000
1748142023984 -0.012222222222222226 13500
1748142024386 -0.015357142857142863 14000
1748142024848 -0.011379310344827592 14500
1748142025265 -0.0006666666666666728 15000
1748142025707 0.005483870967741929 15500
1748142026190 0.0046874999999999955 16000
1748142026588 0.014242424242424239 16500
1748142027001 0.019999999999999993 17000
1748142027405 0.025999999999999995 17500
1748142027796 0.02972222222222222 18000
1748142028276 0.020270270270270264 18500
1748142028682 0.012631578947368416 19000
1748142029148 0.006410256410256404 19500
1748142029560 0.005499999999999996 20000
1748142029971 -0.004146341463414638 20500
1748142030365 -0.006904761904761908 21000
1748142030753 -0.014418604651162794 21500
1748142031151 -0.017272727272727276 22000
1748142031547 -0.01377777777777778 22500
1748142031937 -0.017391304347826087 23000
1748142032331 -0.014680851063829789 23500
1748142032723 -0.013333333333333336 24000
1748142033202 -0.017346938775510207 24500
1748142033627 -0.014800000000000002 25000
1748142034047 -0.009215686274509806 25500
1748142034451 -0.010192307692307693 26000
1748142034854 -0.011509433962264152 26500
1748142035271 -0.016666666666666666 27000
1748142035688 -0.012727272727272726 27500
1748142036097 -0.01446428571428572 28000
1748142036497 -0.019122807017543864 28500
1748142036892 -0.021206896551724145 29000
1748142037282 -0.01932203389830509 29500
1748142037678 -0.016000000000000007 30000
1748142038071 -0.019180327868852466 30500
1748142038462 -0.020967741935483876 31000
1748142038854 -0.02206349206349207 31500
1748142039246 -0.025 32000
1748142039643 -0.030000000000000002 32500
1748142040036 -0.026969696969696973 33000
1748142040430 -0.023432835820895528 33500
1748142040818 -0.02205882352941177 34000
1748142041211 -0.02463768115942029 34500
1748142041602 -0.02742857142857143 35000
1748142041993 -0.023380281690140847 35500
1748142042445 -0.02694444444444445 36000
1748142042836 -0.024109589041095898 36500
1748142043281 -0.027297297297297303 37000
1748142043671 -0.029466666666666672 37500
1748142044058 -0.030131578947368426 38000
1748142044454 -0.02805194805194806 38500
1748142044844 -0.031025641025641038 39000
1748142045238 -0.03139240506329115 39500
1748142045631 -0.035125 40000
1748142046027 -0.03641975308641976 40500
1748142046424 -0.03792682926829269 41000
1748142046817 -0.03542168674698796 41500
1748142047209 -0.0330952380952381 42000
1748142047604 -0.028705882352941185 42500
1748142047996 -0.02732558139534885 43000
1748142048421 -0.030574712643678174 43500
1748142048828 -0.029090909090909098 44000
1748142049239 -0.02966292134831461 44500
1748142049636 -0.02755555555555556 45000
1748142050028 -0.031208791208791213 45500
1748142050418 -0.029347826086956522 46000
1748142050821 -0.030322580645161294 46500
1748142051236 -0.03191489361702128 47000
1748142051652 -0.03463157894736842 47500
1748142052050 -0.034375 48000
1748142052445 -0.03175257731958763 48500
1748142052848 -0.028775510204081634 49000
1748142053242 -0.029191919191919193 49500
1748142053633 -0.029900000000000003 50000
1748142054023 -0.02851485148514852 50500
1748142054850 -0.030000000000000002 51500
1748142055256 -0.029038461538461544 52000
1748142055656 -0.02561904761904762 52500
1748142056050 -0.028207547169811324 53000
1748142056458 -0.026261682242990653 53500
1748142056874 -0.02722222222222222 54000
1748142057272 -0.027339449541284404 54500
1748142057691 -0.030454545454545456 55000
1748142058115 -0.03279279279279279 55500
1748142058544 -0.03491071428571429 56000
1748142058972 -0.03646017699115044 56500
1748142059454 -0.03859649122807018 57000
1748142059895 -0.037043478260869574 57500
1748142060392 -0.03525862068965518 58000
1748142060817 -0.03794871794871795 58500
1748142061234 -0.03686440677966102 59000
1748142061700 -0.03596638655462185 59500
1748142062121 -0.03791666666666667 60000
1748142062536 -0.03851239669421488 60500
1748142062958 -0.036311475409836064 61000
1748142063402 -0.035934959349593495 61500
1748142063818 -0.03387096774193549 62000
1748142064239 -0.0356 62500
1748142064658 -0.03373015873015873 63000
1748142065073 -0.03377952755905512 63500
1748142065485 -0.03546875000000001 64000
1748142065893 -0.03697674418604652 64500
1748142066312 -0.03930769230769231 65000
1748142066735 -0.03961832061068703 65500
1748142067147 -0.04060606060606061 66000
1748142067567 -0.038496240601503764 66500
1748142067988 -0.03708955223880597 67000
1748142068406 -0.036222222222222225 67500
1748142068827 -0.03426470588235294 68000
1748142069247 -0.03218978102189781 68500
1748142070116 -0.0320863309352518 69500
1748142070542 -0.03314285714285715 70000
1748142070965 -0.032553191489361706 70500
1748142071358 -0.034647887323943666 71000
1748142071762 -0.03503496503496504 71500
1748142072153 -0.035625000000000004 72000
1748142072557 -0.037517241379310354 72500
1748142072962 -0.03479452054794521 73000
1748142073372 -0.0326530612244898 73500
1748142073787 -0.03371621621621622 74000
1748142074182 -0.033087248322147655 74500
1748142074604 -0.031200000000000006 75000
1748142074998 -0.032715231788079474 75500
1748142075393 -0.03197368421052632 76000
1748142075812 -0.0311764705882353 76500
1748142076282 -0.02954545454545455 77000
1748142076683 -0.028258064516129038 77500
1748142077076 -0.029551282051282053 78000
1748142077470 -0.030445859872611468 78500
1748142077867 -0.029303797468354435 79000
1748142078259 -0.028238993710691825 79500
1748142078651 -0.0270625 80000
1748142079045 -0.024534161490683232 80500
1748142079439 -0.023641975308641976 81000
1748142079833 -0.024907975460122703 81500
1748142080231 -0.02420731707317073 82000
1748142080633 -0.024787878787878786 82500
1748142081049 -0.025481927710843375 83000
1748142081445 -0.027245508982035926 83500
1748142081837 -0.02875 84000
1748142082232 -0.029644970414201187 84500
1748142082627 -0.03170588235294118 85000
1748142083022 -0.032865497076023396 85500
1748142083417 -0.03372093023255814 86000
1748142083811 -0.032774566473988444 86500
1748142084275 -0.033793103448275866 87000
1748142084677 -0.03445714285714287 87500
1748142085133 -0.033693181818181824 88000
1748142085527 -0.03548022598870057 88500
1748142085963 -0.03640449438202247 89000
1748142086359 -0.03636871508379889 89500
1748142086755 -0.036777777777777784 90000
1748142087168 -0.0350828729281768 90500
1748142087584 -0.03560439560439561 91000
1748142087997 -0.03530054644808744 91500
1748142088393 -0.03429347826086957 92000
1748142088787 -0.03367567567567568 92500
1748142089183 -0.03252688172043011 93000
1748142089578 -0.031764705882352945 93500
1748142089974 -0.032872340425531915 94000
1748142090371 -0.031746031746031744 94500
1748142090774 -0.031789473684210534 95000
1748142091193 -0.03225130890052356 95500
1748142091590 -0.0321875 96000
1748142091995 -0.032849740932642486 96500
1748142092387 -0.03211340206185567 97000
1748142092780 -0.03235897435897436 97500
1748142093171 -0.03280612244897959 98000
1748142093560 -0.03192893401015229 98500
1748142093954 -0.030404040404040402 99000
1748142094345 -0.029597989949748747 99500
1748142094738 -0.031200000000000002 100000
1748142095129 -0.03064676616915423 100500
1748142095518 -0.03099009900990099 101000
1748142095912 -0.032413793103448274 101500
1748142096306 -0.031911764705882355 102000
1748142096700 -0.032926829268292684 102500
1748142097112 -0.03174757281553398 103000
1748142097511 -0.03260869565217391 103500
1748142097913 -0.03375 104000
1748142098322 -0.03267942583732057 104500
1748142098740 -0.031714285714285716 105000
1748142099202 -0.032132701421800955 105500
1748142099622 -0.031509433962264154 106000
1748142100015 -0.03187793427230047 106500
1748142100414 -0.032616822429906545 107000
1748142100822 -0.03339534883720931 107500
1748142101247 -0.03449074074074074 108000
1748142101652 -0.034101382488479264 108500
1748142102053 -0.03504587155963303 109000
1748142102466 -0.03561643835616439 109500
1748142102887 -0.034272727272727274 110000
1748142103282 -0.03538461538461539 110500
1748142103700 -0.03662162162162162 111000
1748142104105 -0.03573991031390135 111500
1748142104527 -0.03607142857142858 112000
1748142104933 -0.03551111111111112 112500
1748142105340 -0.035 113000
1748142105786 -0.035814977973568286 113500
1748142106199 -0.034342105263157896 114000
1748142106621 -0.03467248908296944 114500
1748142107060 -0.03330434782608696 115000
1748142107485 -0.03285714285714286 115500
1748142107913 -0.03202586206896552 116000
1748142108442 -0.03304721030042919 116500
1748142108865 -0.03431623931623932 117000
1748142109270 -0.034255319148936175 117500
1748142109672 -0.033644067796610166 118000
1748142110080 -0.033628691983122364 118500
1748142110472 -0.032563025210084036 119000
1748142110862 -0.031673640167364014 119500
1748142111347 -0.032875 120000
1748142111751 -0.03269709543568465 120500
1748142112142 -0.032933884297520664 121000
1748142112543 -0.033168724279835395 121500
1748142112937 -0.03372950819672131 122000
1748142113337 -0.034530612244897965 122500
1748142113731 -0.03365853658536585 123000
1748142114128 -0.03279352226720648 123500
1748142114522 -0.033104838709677425 124000
1748142114925 -0.03321285140562249 124500
1748142115321 -0.03364 125000
1748142115718 -0.03430278884462151 125500
1748142116140 -0.03531746031746032 126000
1748142116550 -0.036521739130434785 126500
1748142116957 -0.03641732283464567 127000
1748142117383 -0.03733333333333333 127500
1748142117850 -0.036914062500000004 128000
1748142118331 -0.03696498054474709 128500
1748142118749 -0.03655038759689923 129000
1748142119153 -0.03756756756756757 129500
1748142119554 -0.03834615384615385 130000
1748142119947 -0.037547892720306515 130500
1748142120338 -0.03824427480916031 131000
1748142120730 -0.038022813688212934 131500
1748142121123 -0.03882575757575758 132000
1748142121521 -0.037660377358490565 132500
1748142121926 -0.03789473684210527 133000
1748142122336 -0.037715355805243454 133500
1748142122734 -0.036119402985074635 134000
1748142123133 -0.03598513011152417 134500
1748142123565 -0.034851851851851856 135000
1748142123985 -0.03350553505535056 135500
1748142124426 -0.03433823529411765 136000
1748142124876 -0.03333333333333334 136500
1748142125293 -0.033686131386861315 137000
1748142125691 -0.03429090909090909 137500
1748142126100 -0.03467391304347826 138000
1748142126506 -0.034476534296028885 138500
1748142126908 -0.03338129496402878 139000
1748142127323 -0.034193548387096775 139500
1748142127740 -0.03414285714285714 140000
1748142128617 -0.03393617021276596 141000
1748142129014 -0.03480565371024735 141500
1748142129415 -0.03355633802816902 142000
1748142129809 -0.03259649122807018 142500
1748142130211 -0.03195804195804196 143000
1748142130604 -0.03163763066202091 143500
1748142130994 -0.03114583333333333 144000
1748142131387 -0.031141868512110725 144500
1748142131781 -0.030896551724137935 145000
1748142132177 -0.03116838487972509 145500
1748142132581 -0.030171232876712323 146000
1748142132973 -0.029829351535836178 146500
1748142133755 -0.0295593220338983 147500
1748142134146 -0.029932432432432432 148000
1748142134538 -0.030909090909090907 148500
1748142134930 -0.031073825503355704 149000
1748142135325 -0.03177257525083612 149500
1748142135717 -0.032 150000
1748142136110 -0.03089700996677741 150500
1748142136503 -0.03182119205298013 151000
1748142136895 -0.032145214521452144 151500
1748142137285 -0.03213815789473684 152000
1748142137676 -0.03308196721311475 152500
1748142138068 -0.03248366013071896 153000
1748142138461 -0.03136807817589577 153500
1748142138853 -0.03220779220779221 154000
1748142139247 -0.03155339805825243 154500
1748142139635 -0.03254838709677419 155000
1748142140029 -0.03282958199356913 155500
1748142140419 -0.03381410256410257 156000
1748142140882 -0.03335463258785943 156500
1748142141284 -0.03315286624203822 157000
1748142141738 -0.032317460317460314 157500
1748142142133 -0.03193037974683544 158000
1748142142527 -0.03167192429022083 158500
1748142142922 -0.03157232704402516 159000
1748142143317 -0.03075235109717869 159500
1748142143711 -0.03125 160000
1748142144103 -0.03165109034267913 160500
1748142144494 -0.03114906832298137 161000
1748142144882 -0.03018575851393189 161500
1748142145275 -0.030216049382716048 162000
1748142145701 -0.029600000000000005 162500
1748142146096 -0.0294478527607362 163000
1748142146489 -0.029571865443425077 163500
1748142146885 -0.028932926829268294 164000
1748142147279 -0.029361702127659574 164500
1748142147674 -0.029151515151515154 165000
1748142148065 -0.02984894259818731 165500
1748142148459 -0.029909638554216866 166000
1748142148850 -0.029399399399399395 166500
1748142149243 -0.02853293413173653 167000
1748142149640 -0.02755223880597015 167500
1748142150034 -0.027559523809523808 168000
1748142150424 -0.02830860534124629 168500
1748142150815 -0.02911242603550296 169000
1748142151220 -0.030147492625368734 169500
1748142151633 -0.030735294117647055 170000
1748142152043 -0.030498533724340176 170500
1748142152461 -0.03152046783625731 171000
1748142152866 -0.03122448979591837 171500
1748142153272 -0.03203488372093023 172000
1748142153689 -0.03240579710144927 172500
1748142154089 -0.032485549132947975 173000
1748142154487 -0.03345821325648415 173500
1748142154879 -0.034109195402298856 174000
1748142155274 -0.03429799426934098 174500
1748142155669 -0.03488571428571429 175000
1748142156142 -0.0352991452991453 175500
1748142156552 -0.03494318181818182 176000
1748142156956 -0.03413597733711048 176500
1748142157466 -0.03389830508474576 177000
1748142157871 -0.03307042253521127 177500
1748142158268 -0.03387640449438203 178000
1748142158661 -0.03473389355742298 178500
1748142159062 -0.034692737430167604 179000
1748142159483 -0.03554317548746518 179500
1748142159889 -0.036277777777777784 180000
1748142160292 -0.036786703601108035 180500
1748142160748 -0.03729281767955801 181000
1748142161318 -0.03691460055096419 181500
1748142161758 -0.03662087912087913 182000
1748142162267 -0.03734246575342466 182500
1748142162682 -0.03642076502732241 183000
1748142163102 -0.03659400544959129 183500
1748142163525 -0.03676630434782609 184000
1748142163934 -0.036341463414634144 184500
1748142164355 -0.036513513513513514 185000
1748142164775 -0.03692722371967655 185500
1748142165283 -0.037365591397849465 186000
1748142165768 -0.03785522788203754 186500
1748142166189 -0.0381283422459893 187000
1748142166590 -0.03845333333333333 187500
1748142166985 -0.037845744680851064 188000
1748142167391 -0.03774535809018568 188500
1748142167786 -0.038253968253968255 189000
1748142168180 -0.03817941952506596 189500
1748142168571 -0.03742105263157895 190000
1748142168964 -0.03753280839895013 190500
1748142169362 -0.03756544502617801 191000
1748142169829 -0.03684073107049608 191500
1748142170250 -0.03684895833333333 192000
1748142170687 -0.036337662337662335 192500
1748142171166 -0.03681347150259067 193000
1748142171587 -0.03612403100775193 193500
1748142172002 -0.03695876288659794 194000
1748142172412 -0.03624678663239074 194500
1748142172826 -0.03587179487179487 195000
1748142173237 -0.0367007672634271 195500
1748142173641 -0.035994897959183675 196000
1748142174036 -0.03674300254452926 196500
1748142174434 -0.03751269035532994 197000
1748142174839 -0.03696202531645569 197500
1748142175244 -0.03749999999999999 198000
1748142175654 -0.03831234256926952 198500
1748142176060 -0.037814070351758794 199000
1748142176453 -0.038421052631578946 199500
1748142176853 -0.037725 200000
1748142177244 -0.03827930174563591 200500
1748142177637 -0.038109452736318404 201000
1748142178033 -0.03769230769230769 201500
1748142178426 -0.03707920792079208 202000
1748142178870 -0.03760493827160494 202500
1748142179320 -0.038251231527093595 203000
1748142179770 -0.03891891891891892 203500
1748142180171 -0.0391421568627451 204000
1748142180563 -0.03904645476772616 204500
1748142180959 -0.039097560975609756 205000
1748142181351 -0.039878345498783455 205500
1748142181745 -0.03953883495145631 206000
1748142182143 -0.03915254237288136 206500
1748142182534 -0.0393719806763285 207000
1748142182927 -0.03997590361445784 207500
1748142183320 -0.040624999999999994 208000
1748142183722 -0.040935251798561154 208500
1748142184118 -0.04131578947368421 209000
1748142184522 -0.04083532219570406 209500
1748142184915 -0.041452380952380956 210000
1748142185307 -0.040926365795724465 210500
1748142185695 -0.04090047393364929 211000
1748142186087 -0.040638297872340426 211500
1748142186481 -0.03981132075471698 212000
1748142186871 -0.039411764705882354 212500
1748142187276 -0.03943661971830986 213000
1748142187674 -0.03878220140515222 213500
1748142188068 -0.0388785046728972 214000
1748142188460 -0.039160839160839164 214500
1748142188863 -0.03997674418604651 215000
1748142189256 -0.03958236658932714 215500
1748142189648 -0.039699074074074074 216000
1748142190041 -0.03956120092378752 216500
1748142190432 -0.038847926267281105 217000
1748142190821 -0.03908045977011494 217500
1748142191215 -0.03963302752293578 218000
1748142191609 -0.03901601830663616 218500
1748142192003 -0.039383561643835614 219000
1748142192392 -0.039726651480637816 219500
1748142192796 -0.040068181818181815 220000
1748142193192 -0.039569160997732424 220500
1748142193585 -0.03938914027149321 221000
1748142193979 -0.038758465011286686 221500
1748142194372 -0.039121621621621624 222000
1748142194763 -0.038404494382022474 222500
1748142195156 -0.03760089686098655 223000
1748142195545 -0.03751677852348993 223500
1748142195937 -0.037142857142857144 224000
1748142196339 -0.03683741648106905 224500
1748142196732 -0.03628888888888889 225000
1748142197127 -0.035764966740576505 225500
1748142197522 -0.035287610619469036 226000
1748142197915 -0.03492273730684327 226500
1748142198310 -0.03508810572687225 227000
1748142198706 -0.03421978021978023 227500
1748142199101 -0.03333333333333334 228000
1748142199497 -0.033654266958424515 228500
1748142199889 -0.033580786026200876 229000
1748142200280 -0.03320261437908497 229500
1748142200672 -0.03254347826086957 230000
1748142201066 -0.03197396963123645 230500
1748142201462 -0.03136363636363637 231000
1748142201857 -0.03177105831533478 231500
1748142202249 -0.03157327586206897 232000
1748142202641 -0.030989247311827957 232500
1748142203040 -0.030793991416309015 233000
1748142203433 -0.03029978586723769 233500
1748142203825 -0.029914529914529916 234000
1748142204221 -0.029232409381663115 234500
1748142204618 -0.029553191489361703 235000
1748142205011 -0.028895966029723993 235500
1748142205407 -0.02864406779661017 236000
1748142205844 -0.028033826638477803 236500
1748142206239 -0.027742616033755274 237000
1748142206652 -0.027936842105263156 237500
1748142207047 -0.027542016806722688 238000
1748142207443 -0.027945492662473797 238500
1748142207837 -0.028012552301255232 239000
1748142208294 -0.02791231732776618 239500
1748142208688 -0.0271875 240000
1748142209080 -0.02735966735966736 240500
1748142209471 -0.027468879668049798 241000
1748142209867 -0.02730848861283644 241500
1748142210261 -0.02716942148760331 242000
1748142210652 -0.027154639175257737 242500
1748142211044 -0.027139917695473255 243000
1748142211437 -0.027022587268993842 243500
1748142211831 -0.027069672131147544 244000
1748142212227 -0.02764826175869121 244500
1748142212619 -0.027551020408163266 245000
1748142213013 -0.027474541751527498 245500
1748142213405 -0.026768292682926832 246000
1748142213797 -0.026713995943204873 246500
1748142214190 -0.027105263157894736 247000
1748142214584 -0.026282828282828286 247500
1748142214979 -0.026532258064516128 248000
1748142215371 -0.026680080482897387 248500
1748142215762 -0.02698795180722892 249000
1748142216155 -0.027214428857715436 249500
1748142216548 -0.026760000000000006 250000
1748142216939 -0.027125748502994016 250500
1748142217335 -0.026733067729083668 251000
1748142217729 -0.027077534791252487 251500
1748142218121 -0.027619047619047623 252000
1748142218513 -0.02801980198019802 252500
1748142218904 -0.0274901185770751 253000
1748142219297 -0.027534516765285996 253500
1748142219689 -0.028031496062992125 254000
1748142220078 -0.02858546168958743 254500
1748142220471 -0.02870588235294118 255000
1748142220864 -0.02841487279843444 255500
1748142221261 -0.028105468750000005 256000
1748142221654 -0.028050682261208583 256500
1748142222050 -0.027821011673151756 257000
1748142222440 -0.0274368932038835 257500
1748142222832 -0.02765503875968993 258000
1748142223231 -0.0274468085106383 258500
1748142223625 -0.026833976833976838 259000
1748142224053 -0.026820809248554917 259500
1748142224497 -0.02715384615384616 260000
1748142224910 -0.027811900191938584 260500
1748142225312 -0.027854406130268204 261000
1748142225708 -0.02818355640535373 261500
1748142226103 -0.02820610687022901 262000
1748142226501 -0.02868571428571429 262500
1748142226899 -0.028555133079847916 263000
1748142227294 -0.02806451612903226 263500
1748142227866 -0.028503787878787882 264000
1748142228266 -0.027844990548204163 264500
1748142228662 -0.027283018867924533 265000
1748142229070 -0.02790960451977402 265500
1748142229472 -0.02789473684210527 266000
1748142229905 -0.02844277673545967 266500
1748142230314 -0.028651685393258432 267000
1748142230717 -0.02884112149532711 267500
1748142231120 -0.028470149253731345 268000
1748142231522 -0.028100558659217883 268500
1748142231927 -0.028587360594795545 269000
1748142232329 -0.029128014842300563 269500
1748142232733 -0.02837037037037038 270000
1748142233134 -0.028743068391866917 270500
1748142233535 -0.02817343173431735 271000
1748142233932 -0.0283609576427256 271500
1748142234326 -0.028676470588235293 272000
1748142234729 -0.02834862385321101 272500
1748142235130 -0.028534798534798535 273000
1748142235534 -0.028811700182815356 273500
1748142235935 -0.02874087591240876 274000
1748142236339 -0.029180327868852458 274500
1748142236738 -0.02896363636363636 275000
1748142237138 -0.029092558983666063 275500
1748142237542 -0.028840579710144927 276000
1748142237943 -0.02902350813743219 276500
1748142238354 -0.029422382671480146 277000
1748142238754 -0.02963963963963964 277500
1748142239191 -0.029730215827338133 278000
1748142239593 -0.030035906642728906 278500
1748142239988 -0.029587813620071683 279000
1748142240396 -0.029785330948121642 279500
1748142240793 -0.030178571428571426 280000
1748142241200 -0.0296078431372549 280500
1748142241599 -0.029590747330960853 281000
1748142241996 -0.029040852575488458 281500
1748142242400 -0.02867021276595745 282000
1748142242808 -0.028194690265486724 282500
1748142243209 -0.028462897526501767 283000
1748142243639 -0.028906525573192243 283500
1748142244046 -0.02841549295774648 284000
1748142244499 -0.02838312829525483 284500
1748142244903 -0.027877192982456143 285000
1748142245303 -0.027618213660245184 285500
1748142245705 -0.027517482517482518 286000
1748142246107 -0.027801047120418847 286500
1748142246512 -0.027386759581881533 287000
1748142246917 -0.027582608695652176 287500
1748142247326 -0.02784722222222222 288000
1748142247727 -0.027331022530329287 288500
1748142248134 -0.027854671280276813 289000
1748142248556 -0.02792746113989637 289500
1748142248970 -0.02758620689655172 290000
1748142249381 -0.027728055077452667 290500
1748142249827 -0.028264604810996564 291000
1748142250338 -0.0288336192109777 291500
1748142250751 -0.028698630136986297 292000
1748142251156 -0.028307692307692305 292500
1748142251555 -0.028071672354948805 293000
1748142251954 -0.028398637137989777 293500
1748142252349 -0.027755102040816326 294000
1748142252749 -0.027317487266553475 294500
1748142253143 -0.02766101694915254 295000
1748142253537 -0.027326565143824026 295500
1748142253931 -0.027212837837837837 296000
1748142254324 -0.027453625632377743 296500
1748142254717 -0.02737373737373737 297000
1748142255114 -0.02788235294117647 297500
1748142255512 -0.028422818791946306 298000
1748142255904 -0.028207705192629814 298500
1748142256304 -0.02841137123745819 299000
1748142256702 -0.028447412353923205 299500
1748142257094 -0.02785 300000
1748142257488 -0.02757071547420965 300500
1748142257892 -0.028089700996677736 301000
1748142258284 -0.027429519071310113 301500
1748142258678 -0.02693708609271523 302000
1748142259069 -0.02674380165289256 302500
1748142259462 -0.026996699669966994 303000
1748142259869 -0.027347611202635916 303500
1748142260278 -0.02725328947368421 304000
1748142260747 -0.027126436781609194 304500
1748142261173 -0.027049180327868853 305000
1748142261584 -0.027135842880523727 305500
1748142261997 -0.027058823529411764 306000
1748142262414 -0.026672104404567697 306500
1748142262817 -0.02651465798045603 307000
1748142263211 -0.026211382113821135 307500
1748142263694 -0.025957792207792204 308000
1748142264136 -0.025623987034035654 308500
1748142264562 -0.025954692556634303 309000
1748142264975 -0.026332794830371563 309500
1748142265371 -0.025999999999999995 310000
1748142265802 -0.02545893719806763 310500
1748142266198 -0.02548231511254019 311000
1748142266620 -0.025345104333868378 311500
1748142267033 -0.025080128205128206 312000
1748142267432 -0.025488 312500
1748142267831 -0.02536741214057508 313000
1748142268231 -0.024896331738437003 313500
1748142268633 -0.024681528662420384 314000
1748142269042 -0.025166931637519877 314500
1748142269450 -0.02558730158730159 315000
1748142269865 -0.025974643423137878 315500
1748142270286 -0.02542721518987342 316000
1748142270709 -0.025039494470774092 316500
1748142271118 -0.0255205047318612 317000
1748142271552 -0.025196850393700787 317500
1748142271964 -0.025534591194968558 318000
1748142272367 -0.025321821036106754 318500
1748142272780 -0.025579937304075234 319000
1748142273174 -0.025899843505477308 319500
1748142273583 -0.025625 320000
1748142273979 -0.025491419656786272 320500
1748142274440 -0.02498442367601246 321000
1748142274850 -0.025489891135303266 321500
1748142275252 -0.025093167701863355 322000
1748142275656 -0.025348837209302328 322500
1748142276051 -0.025634674922600624 323000
1748142276451 -0.025100463678516233 323500
1748142276852 -0.024876543209876544 324000
1748142277275 -0.025285053929121726 324500
1748142277671 -0.024830769230769233 325000
1748142278068 -0.024531490015360983 325500
1748142278485 -0.024616564417177914 326000
1748142278887 -0.024701378254211332 326500
1748142279279 -0.025214067278287466 327000
1748142279673 -0.024931297709923663 327500
1748142280066 -0.024390243902439025 328000
1748142280464 -0.024490106544901066 328500
1748142280858 -0.02472644376899696 329000
1748142281253 -0.024446130500758726 329500
1748142281649 -0.02428787878787879 330000
1748142282046 -0.02449319213313162 330500
1748142282443 -0.02421450151057402 331000
1748142282836 -0.023815987933634993 331500
1748142283230 -0.02379518072289157 332000
1748142283622 -0.023263157894736843 332500
1748142284014 -0.022822822822822823 333000
1748142284408 -0.022713643178410795 333500
1748142284800 -0.022739520958083834 334000
1748142285192 -0.023004484304932737 334500
1748142285591 -0.02291044776119403 335000
1748142285984 -0.023204172876304024 335500
1748142286381 -0.023735119047619047 336000
1748142286777 -0.02334323922734027 336500
1748142287169 -0.023664688427299702 337000
1748142287567 -0.02374814814814815 337500
1748142287961 -0.023698224852071004 338000
1748142288356 -0.02401772525849335 338500
1748142288755 -0.024292035398230088 339000
1748142289146 -0.023784977908689248 339500
1748142289539 -0.023617647058823528 340000
1748142289933 -0.02380323054331865 340500
1748142290326 -0.023885630498533723 341000
1748142290718 -0.02407027818448023 341500
1748142291113 -0.02432748538011696 342000
1748142291508 -0.024043795620437954 342500
1748142291901 -0.02379008746355685 343000
1748142292298 -0.02406113537117904 343500
1748142292690 -0.02433139534883721 344000
1748142293083 -0.024310595065312045 344500
1748142293480 -0.023999999999999997 345000
1748142293870 -0.024008683068017365 345500
1748142294262 -0.023858381502890172 346000
1748142294657 -0.023448773448773448 346500
1748142295058 -0.023429394812680113 347000
1748142295454 -0.02303597122302158 347500
1748142295850 -0.0228448275862069 348000
1748142296240 -0.023156384505021523 348500
1748142296637 -0.02348137535816619 349000
1748142297034 -0.023919885550786838 349500
1748142297430 -0.024271428571428576 350000
1748142297819 -0.0243509272467903 350500
1748142298242 -0.02448717948717949 351000
1748142298632 -0.024153627311522048 351500
1748142299028 -0.024090909090909093 352000
1748142299422 -0.023872340425531914 352500
1748142299825 -0.02355524079320114 353000
1748142300250 -0.02388967468175389 353500
1748142300653 -0.023559322033898305 354000
1748142301049 -0.02363892806770099 354500
1748142301447 -0.02342253521126761 355000
1748142301841 -0.023628691983122365 355500
1748142302234 -0.02342696629213483 356000
1748142302629 -0.023338008415147264 356500
1748142303021 -0.023781512605042018 357000
1748142303417 -0.02418181818181818 357500
1748142303815 -0.024567039106145255 358000
1748142304211 -0.02490934449093445 358500
1748142304626 -0.024387186629526464 359000
1748142305021 -0.02463143254520167 359500
1748142305415 -0.02438888888888889 360000
1748142305810 -0.024174757281553397 360500
1748142306207 -0.024099722991689755 361000
1748142306601 -0.023762102351313968 361500
1748142307027 -0.023411602209944756 362000
1748142307421 -0.0231448275862069 362500
1748142307815 -0.023195592286501383 363000
1748142308208 -0.02298486932599725 363500
1748142308600 -0.022829670329670333 364000
1748142308992 -0.02304526748971194 364500
1748142309389 -0.02278082191780822 365000
1748142309791 -0.02284541723666211 365500
1748142310182 -0.022500000000000003 366000
1748142310574 -0.022251023192360168 366500
1748142310968 -0.022234332425068126 367000
1748142311363 -0.0220952380952381 367500
1748142311756 -0.021861413043478266 368000
1748142312148 -0.02187245590230665 368500
1748142312540 -0.02196476964769648 369000
1748142312933 -0.02181326116373478 369500
1748142313331 -0.021945945945945948 370000
1748142313728 -0.021835357624831315 370500
1748142314121 -0.021994609164420486 371000
1748142314513 -0.02216689098250337 371500
1748142314906 -0.021612903225806453 372000
1748142315299 -0.021570469798657718 372500
1748142315691 -0.021769436997319036 373000
1748142316085 -0.0221285140562249 373500
1748142316485 -0.02252673796791444 374000
1748142316877 -0.022990654205607478 374500
1748142317269 -0.023120000000000005 375000
1748142317665 -0.022703062583222373 375500
1748142318059 -0.023071808510638298 376000
1748142318452 -0.023120849933598937 376500
1748142318845 -0.02340848806366048 377000
1748142319232 -0.023086092715231786 377500
1748142319624 -0.023148148148148147 378000
1748142320016 -0.02344782034346103 378500
1748142320412 -0.022968337730870713 379000
1748142320806 -0.02306982872200264 379500
1748142321205 -0.02322368421052632 380000
1748142321602 -0.02358738501971091 380500
1748142321994 -0.023713910761154856 381000
1748142322389 -0.023591087811271297 381500
1748142322784 -0.023232984293193717 382000
1748142323190 -0.022980392156862747 382500
1748142323595 -0.022715404699738907 383000
1748142324096 -0.02277705345501956 383500
1748142324526 -0.02276041666666667 384000
1748142324989 -0.022730819245773734 384500
1748142325508 -0.022337662337662337 385000
1748142325949 -0.02223086900129702 385500
1748142326359 -0.022577720207253887 386000
1748142326765 -0.022858990944372572 386500
1748142327207 -0.02251937984496124 387000
1748142327603 -0.022903225806451613 387500
1748142327998 -0.023221649484536082 388000
1748142328400 -0.02292149292149292 388500
1748142328822 -0.022840616966580976 389000
1748142329317 -0.022926829268292682 389500
1748142329738 -0.0226025641025641 390000
1748142330150 -0.022240717029449426 390500
1748142330554 -0.02172634271099744 391000
1748142330951 -0.021685823754789273 391500
1748142331350 -0.021658163265306122 392000
1748142331763 -0.021630573248407645 392500
1748142332170 -0.021170483460559796 393000
1748142332568 -0.02113087674714104 393500
1748142332972 -0.021434010152284265 394000
1748142333382 -0.02159695817490494 394500
1748142333795 -0.021594936708860757 395000
1748142334194 -0.021997471554993677 395500
1748142334591 -0.021704545454545452 396000
1748142334983 -0.02170239596469105 396500
1748142335393 -0.02187657430730478 397000
1748142335809 -0.021874213836477988 397500
1748142336221 -0.022035175879396983 398000
1748142336620 -0.021555834378920953 398500
1748142337026 -0.021629072681704258 399000
1748142337487 -0.02165206508135169 399500
1748142337886 -0.0213875 400000
1748142338329 -0.021460674157303367 400500
1748142338728 -0.021733167082294263 401000
1748142339123 -0.021930261519302614 401500
1748142339513 -0.02218905472636816 402000
1748142339909 -0.02258385093167702 402500
1748142340312 -0.022531017369727048 403000
1748142340730 -0.022961586121437425 403500
1748142341164 -0.02254950495049505 404000
1748142341655 -0.02220024721878863 404500
1748142342062 -0.021864197530864198 405000
1748142342455 -0.022231812577065354 405500
1748142342852 -0.022352216748768472 406000
1748142343250 -0.02214022140221402 406500
1748142343646 -0.022027027027027028 407000
1748142344037 -0.022061349693251533 407500
1748142344460 -0.021568627450980395 408000
1748142344877 -0.0211750305997552 408500
1748142345273 -0.021405867970660148 409000
1748142345690 -0.021025641025641025 409500
1748142346090 -0.021231707317073172 410000
1748142346507 -0.021266747868453107 410500
1748142346917 -0.021313868613138685 411000
1748142347403 -0.021081409477521264 411500
1748142347875 -0.020728155339805827 412000
1748142348346 -0.020266666666666665 412500
1748142348774 -0.020387409200968522 413000
1748142349244 -0.02067714631197098 413500
1748142349660 -0.020857487922705312 414000
1748142350067 -0.020916767189384802 414500
1748142350493 -0.02083132530120482 415000
1748142350927 -0.021107099879663055 415500
1748142351361 -0.021466346153846152 416000
1748142351758 -0.02117647058823529 416500
1748142352252 -0.02130695443645084 417000
1748142352648 -0.021233532934131733 417500
1748142353069 -0.02116028708133971 418000
1748142353464 -0.021397849462365587 418500
1748142353868 -0.02147971360381861 419000
1748142354262 -0.02171632896305125 419500
1748142354663 -0.02184523809523809 420000
1748142355142 -0.02227110582639714 420500
1748142355539 -0.02235154394299287 421000
1748142355942 -0.022550415183867138 421500
1748142356339 -0.022547393364928905 422000
1748142356735 -0.02216568047337278 422500
1748142357140 -0.02209219858156028 423000
1748142357537 -0.02179456906729634 423500
1748142357932 -0.02147405660377358 424000
1748142358328 -0.021389870435806826 424500
1748142358728 -0.02124705882352941 425000
1748142359123 -0.021222091656874265 425500
1748142359532 -0.021044600938967137 426000
1748142359994 -0.020679953106682296 426500
1748142360459 -0.02088992974238876 427000
1748142360877 -0.02111111111111111 427500
1748142361280 -0.021214953271028035 428000
1748142361699 -0.02124854142357059 428500
1748142362106 -0.021445221445221443 429000
1748142362500 -0.021734575087310824 429500
1748142362890 -0.022104651162790697 430000
1748142363332 -0.02231126596980255 430500
1748142363726 -0.022343387470997678 431000
1748142364121 -0.02253765932792584 431500
1748142364539 -0.022581018518518518 432000
1748142364953 -0.022196531791907514 432500
1748142365378 -0.022517321016166283 433000
1748142365819 -0.022549019607843133 433500
1748142366227 -0.02223502304147465 434000
1748142366623 -0.022600690448791712 434500
1748142367086 -0.022827586206896552 435000
1748142367501 -0.022365097588978183 435500
1748142367906 -0.022408256880733946 436000
1748142368310 -0.021970217640320734 436500
1748142368729 -0.02197940503432494 437000
1748142369172 -0.021942857142857142 437500
1748142369589 -0.022248858447488584 438000
1748142370023 -0.022497149372862027 438500
1748142370429 -0.02206150341685649 439000
1748142370835 -0.02222980659840728 439500
1748142371266 -0.022545454545454546 440000
1748142371682 -0.02220204313280363 440500
1748142372086 -0.022097505668934238 441000
1748142372491 -0.02176670441676104 441500
1748142372893 -0.021447963800904975 442000
1748142373464 -0.021694915254237286 442500
1748142373907 -0.02172686230248307 443000
1748142374345 -0.021927846674182638 443500
1748142374749 -0.02184684684684685 444000
1748142375156 -0.021687289088863894 444500
1748142375552 -0.02169662921348315 445000
1748142375951 -0.021717171717171718 445500
1748142376351 -0.021356502242152468 446000
1748142376756 -0.02165733482642777 446500
1748142377156 -0.021644295302013426 447000
1748142377555 -0.021932960893854752 447500
1748142377949 -0.02181919642857143 448000
1748142378349 -0.02210702341137124 448500
1748142378746 -0.0217260579064588 449000
1748142379138 -0.02181312569521691 449500
1748142379535 -0.02207777777777778 450000
1748142379951 -0.022019977802441734 450500
1748142380344 -0.02197339246119734 451000
1748142380735 -0.021749723145071984 451500
1748142381137 -0.02211283185840708 452000
1748142381534 -0.022154696132596685 452500
1748142381936 -0.021821192052980137 453000
1748142382343 -0.021995589856670345 453500
1748142382740 -0.021696035242290752 454000
1748142383162 -0.021892189218921894 454500
1748142383565 -0.02162637362637363 455000
1748142383963 -0.021427003293084525 455500
1748142384361 -0.021578947368421055 456000
1748142384764 -0.02181818181818182 456500
1748142385159 -0.021969365426695843 457000
1748142385572 -0.022087431693989072 457500
1748142385973 -0.021844978165938868 458000
1748142386399 -0.021875681570338062 458500
1748142386795 -0.02181917211328976 459000
1748142387193 -0.02202393906420022 459500
1748142387588 -0.02229347826086957 460000
1748142387983 -0.022062975027144414 460500
1748142388383 -0.02221258134490239 461000
1748142388782 -0.022372697724810403 461500
1748142389178 -0.02244588744588745 462000
1748142389579 -0.022518918918918922 462500
1748142389979 -0.022473002159827216 463000
1748142390373 -0.022578209277238408 463500
1748142390770 -0.02257543103448276 464000
1748142391166 -0.022389666307857915 464500
1748142391566 -0.02266666666666667 465000
1748142391975 -0.02294307196562836 465500
1748142392390 -0.022671673819742492 466000
1748142392787 -0.023011789924973207 466500
1748142393195 -0.02320128479657388 467000
1748142393597 -0.023411764705882354 467500
1748142393995 -0.023237179487179488 468000
1748142394396 -0.02338313767342583 468500
1748142394796 -0.023486140724946696 469000
1748142395194 -0.023812566560170396 469500
1748142395598 -0.024095744680851065 470000
1748142396035 -0.02426142401700319 470500
1748142396451 -0.02446921443736731 471000
1748142396862 -0.024623541887592793 471500
1748142397260 -0.024226694915254237 472000
1748142397663 -0.02396825396825397 472500
1748142398058 -0.023911205073995773 473000
1748142398452 -0.02363252375923971 473500
1748142398852 -0.023649789029535868 474000
1748142399252 -0.023266596417281345 474500
1748142399655 -0.023178947368421056 475000
1748142400078 -0.023291272344900103 475500
1748142400489 -0.02336134453781513 476000
1748142400904 -0.02311647429171039 476500
1748142401338 -0.02280922431865828 477000
1748142401764 -0.022659685863874346 477500
1748142402186 -0.022834728033472803 478000
1748142402602 -0.023082549634273773 478500
1748142403015 -0.02312108559498956 479000
1748142403467 -0.02273201251303441 479500
1748142403892 -0.02296875 480000
1748142404317 -0.02320499479708637 480500
1748142404747 -0.023440748440748442 481000
1748142405167 -0.023613707165109035 481500
1748142405584 -0.023360995850622405 482000
1748142405998 -0.023647668393782385 482500
1748142406417 -0.023633540372670805 483000
1748142406851 -0.023971044467425026 483500
1748142407314 -0.023708677685950412 484000
1748142407743 -0.023333333333333334 484500
1748142408167 -0.023030927835051545 485000
1748142408586 -0.022976313079299693 485500
1748142409010 -0.02315843621399177 486000
1748142409435 -0.023442959917780063 486500
1748142409857 -0.02326488706365503 487000
1748142410277 -0.023056410256410257 487500
1748142410692 -0.022756147540983606 488000
1748142411108 -0.022998976458546573 488500
1748142411525 -0.023139059304703478 489000
1748142411948 -0.02279877425944842 489500
1748142412356 -0.023122448979591842 490000
1748142412761 -0.022772680937818555 490500
1748142413169 -0.022983706720977597 491000
1748142413573 -0.023112919633774164 491500
1748142414001 -0.02298780487804878 492000
1748142414404 -0.022730964467005076 492500
1748142414807 -0.022860040567951316 493000
1748142415210 -0.02253292806484296 493500
1748142415615 -0.022742914979757084 494000
1748142416014 -0.022952477249747222 494500
1748142416411 -0.023191919191919194 495000
1748142416815 -0.023158425832492436 495500
1748142417218 -0.02306451612903226 496000
1748142417616 -0.0232527693856999 496500
1748142418011 -0.023561368209255536 497000
1748142418417 -0.023658291457286432 497500
1748142418833 -0.023815261044176705 498000
1748142419258 -0.02378134403209629 498500
1748142419682 -0.02351703406813627 499000
1748142420136 -0.023443443443443446 499500
1748142420532 -0.023149999999999997 500000
1748142420926 -0.02310689310689311 500500
1748142421328 -0.023313373253493013 501000
1748142421734 -0.023609172482552343 501500
1748142422135 -0.023276892430278886 502000
1748142422545 -0.023393034825870646 502500
1748142422944 -0.02327037773359841 503000
1748142423393 -0.023197616683217476 503500
1748142423817 -0.023273809523809523 504000
1748142424249 -0.023052527254707633 504500
1748142424675 -0.02313861386138614 505000
1748142425085 -0.02327398615232443 505500
1748142425480 -0.0233102766798419 506000
1748142425873 -0.023316880552813425 506500
1748142426275 -0.022998027613412228 507000
1748142426671 -0.023261083743842365 507500
1748142427062 -0.023031496062992124 508000
1748142427461 -0.023176007866273354 508500
1748142427882 -0.023035363457760315 509000
1748142428302 -0.023169774288518154 509500
1748142428730 -0.022980392156862747 510000
1748142429147 -0.02320274240940255 510500
1748142429566 -0.023463796477495108 511000
1748142429981 -0.02375366568914956 511500
1748142430401 -0.023759765625000005 512000
1748142430821 -0.023990243902439028 512500
1748142431236 -0.024259259259259258 513000
1748142431661 -0.02447906523855891 513500
1748142432090 -0.024319066147859923 514000
1748142432513 -0.023955296404276 514500
1748142432931 -0.024155339805825245 515000
1748142433348 -0.024354995150339474 515500
1748142433763 -0.024457364341085273 516000
1748142434175 -0.024724104549854794 516500
1748142434591 -0.02504835589941973 517000
1748142435006 -0.02477294685990338 517500
1748142435426 -0.024951737451737455 518000
1748142435856 -0.025274831243973 518500
1748142436285 -0.025231213872832375 519000
1748142436711 -0.025534167468719924 519500
1748142437134 -0.025230769230769234 520000
1748142437559 -0.025100864553314124 520500
1748142437984 -0.02520153550863724 521000
1748142438395 -0.025397890699904124 521500
1748142438799 -0.025498084291187745 522000
1748142439208 -0.025741626794258378 522500
1748142439601 -0.025860420650095608 523000
1748142440004 -0.0255396370582617 523500
1748142440428 -0.025438931297709928 524000
1748142440870 -0.025452812202097237 524500
1748142441277 -0.025742857142857144 525000
1748142441675 -0.025889628924833492 525500
1748142442079 -0.02593155893536122 526000
1748142442490 -0.02558404558404559 526500
1748142442886 -0.025246679316888048 527000
1748142443300 -0.025393364928909954 527500
1748142443707 -0.02557765151515152 528000
1748142444124 -0.025373699148533584 528500
1748142444525 -0.025245746691871455 529000
1748142444946 -0.025108593012275734 529500
1748142445349 -0.025386792452830192 530000
1748142445757 -0.025230914231856742 530500
1748142446204 -0.02495291902071563 531000
1748142446608 -0.024609595484477897 531500
1748142447019 -0.024624060150375944 532000
1748142447424 -0.02443192488262911 532500
1748142447821 -0.024671669793621016 533000
1748142448326 -0.024732895970009373 533500
1748142448772 -0.02458801498127341 534000
1748142449330 -0.024808231992516375 534500
1748142449860 -0.024728971962616822 535000
1748142450290 -0.024491129785247437 535500
1748142450727 -0.024486940298507464 536000
1748142451195 -0.024650512581547067 536500
1748142451602 -0.024450651769087523 537000
1748142452030 -0.024530232558139537 537500
1748142452474 -0.02472118959107807 538000
1748142452893 -0.024521819870009287 538500
1748142453311 -0.024397031539888685 539000
1748142453734 -0.024198331788693232 539500
1748142454167 -0.024092592592592596 540000
1748142454585 -0.024135060129509712 540500
1748142454987 -0.023927911275415898 541000
1748142455408 -0.02391505078485688 541500
1748142455820 -0.023625461254612547 542000
1748142456235 -0.023797235023041475 542500
1748142456661 -0.023683241252302024 543000
1748142457101 -0.02375344986200552 543500
1748142457523 -0.023998161764705882 544000
1748142457952 -0.023783287419651054 544500
1748142458360 -0.023697247706422016 545000
1748142458771 -0.023473877176901924 545500
1748142459189 -0.02337912087912088 546000
1748142459594 -0.023129002744739252 546500
1748142460051 -0.02325411334552102 547000
