1748142013228 10005.62 500
1748142013623 10007.2 1000
1748142014026 10012.03 1500
1748142014444 10017.9925 2000
1748142014842 10015.960000000001 2500
1748142015329 10014.973333333333 3000
1748142015734 10009.75857142857 3500
1748142016147 10004.45625 4000
1748142016545 10001.588888888888 4500
1748142016941 10000.99 5000
1748142017364 9999.173636363636 5500
1748142017772 9999.025833333331 6000
1748142018193 9997.090769230768 6500
1748142018606 9999.109999999999 7000
1748142019028 9997.616666666665 7500
1748142019445 9999.085625 8000
1748142019852 9999.691764705884 8500
1748142020273 10001.110555555557 9000
1748142020754 10000.442105263159 9500
1748142021204 10000.645500000002 10000
1748142021604 10000.280476190479 10500
1748142021999 9999.927727272729 11000
1748142022400 10000.66043478261 11500
1748142022795 10001.152916666668 12000
1748142023194 9999.9176 12500
1748142023589 9999.693076923077 13000
1748142023984 9998.782962962963 13500
1748142024386 9998.477499999999 14000
1748142024848 9998.867931034481 14500
1748142025265 9999.926333333333 15000
1748142025707 10000.53 15500
1748142026190 10000.449375 16000
1748142026588 10001.396363636364 16500
1748142027001 10001.966764705881 17000
1748142027405 10002.554 17500
1748142027796 10002.928333333335 18000
1748142028276 10001.973513513514 18500
1748142028683 10001.217105263158 19000
1748142029148 10000.60564102564 19500
1748142029561 10000.517000000002 20000
1748142029971 9999.560000000001 20500
1748142030366 9999.28904761905 21000
1748142030754 9998.548837209304 21500
1748142031152 9998.26181818182 22000
1748142031547 9998.610444444446 22500
1748142031938 9998.25043478261 23000
1748142032331 9998.52510638298 23500
1748142032723 9998.664583333333 24000
1748142033203 9998.25775510204 24500
1748142033628 9998.5108 25000
1748142034047 9999.068431372549 25500
1748142034451 9998.980384615385 26000
1748142034854 9998.843018867923 26500
1748142035271 9998.321666666665 27000
1748142035688 9998.72127272727 27500
1748142036097 9998.546785714285 28000
1748142036497 9998.081052631578 28500
1748142036892 9997.87775862069 29000
1748142037282 9998.069830508475 29500
1748142037678 9998.394833333332 30000
1748142038071 9998.081967213115 30500
1748142038462 9997.908870967742 31000
1748142038854 9997.799047619048 31500
1748142039246 9997.504375 32000
1748142039643 9997.007692307692 32500
1748142040036 9997.305606060607 33000
1748142040430 9997.652537313434 33500
1748142040818 9997.78529411765 34000
1748142041212 9997.525942028988 34500
1748142041602 9997.245571428573 35000
1748142041993 9997.6461971831 35500
1748142042445 9997.294722222221 36000
1748142042837 9997.5801369863 36500
1748142043281 9997.267027027026 37000
1748142043672 9997.0548 37500
1748142044058 9996.989605263158 38000
1748142044455 9997.192467532466 38500
1748142044844 9996.900256410256 39000
1748142045238 9996.867594936708 39500
1748142045632 9996.490000000002 40000
1748142046028 9996.354814814817 40500
1748142046424 9996.198780487806 41000
1748142046817 9996.451566265063 41500
1748142047209 9996.689523809526 42000
1748142047604 9997.130823529413 42500
1748142047996 9997.267441860466 43000
1748142048421 9996.938965517242 43500
1748142048829 9997.09125 44000
1748142049239 9997.038876404495 44500
1748142049637 9997.246000000001 45000
1748142050028 9996.88175824176 45500
1748142050418 9997.062500000002 46000
1748142050821 9996.969354838711 46500
1748142051236 9996.813829787236 47000
1748142051652 9996.540842105265 47500
1748142052050 9996.566979166666 48000
1748142052446 9996.82855670103 48500
1748142052848 9997.128673469386 49000
1748142053243 9997.086767676767 49500
1748142053634 9997.011599999998 50000
1748142054024 9997.151782178216 50500
1748142054851 9997.003883495143 51500
1748142055256 9997.096442307693 52000
1748142055657 9997.441047619048 52500
1748142056051 9997.178584905661 53000
1748142056459 9997.37046728972 53500
1748142056874 9997.273425925927 54000
1748142057272 9997.264495412845 54500
1748142057691 9996.956363636365 55000
1748142058115 9996.725495495497 55500
1748142058545 9996.51 56000
1748142058972 9996.357168141594 56500
1748142059454 9996.146491228072 57000
1748142059896 9996.299478260871 57500
1748142060393 9996.477413793105 58000
1748142060817 9996.212307692309 58500
1748142061235 9996.32440677966 59000
1748142061700 9996.414201680673 59500
1748142062121 9996.220666666666 60000
1748142062537 9996.159504132233 60500
1748142062958 9996.382049180329 61000
1748142063403 9996.418617886178 61500
1748142063819 9996.625564516129 62000
1748142064240 9996.449440000002 62500
1748142064658 9996.632777777779 63000
1748142065074 9996.625433070867 63500
1748142065485 9996.458125000001 64000
1748142065893 9996.307751937986 64500
1748142066312 9996.073461538463 65000
1748142066736 9996.041297709924 65500
1748142067147 9995.94606060606 66000
1748142067567 9996.15947368421 66500
1748142067988 9996.303208955223 67000
1748142068406 9996.390222222224 67500
1748142068828 9996.588897058824 68000
1748142069247 9996.797226277375 68500
1748142070117 9996.806043165469 69500
1748142070543 9996.697857142859 70000
1748142070966 9996.759787234043 70500
1748142071358 9996.549788732395 71000
1748142071762 9996.512377622377 71500
1748142072153 9996.450347222222 72000
1748142072557 9996.263655172414 72500
1748142072962 9996.5351369863 73000
1748142073372 9996.747210884352 73500
1748142073787 9996.63885135135 74000
1748142074182 9996.69899328859 74500
1748142074604 9996.887733333333 75000
1748142074998 9996.73476821192 75500
1748142075393 9996.811513157896 76000
1748142075812 9996.890653594772 76500
1748142076283 9997.055194805194 77000
1748142076684 9997.186387096775 77500
1748142077076 9997.05512820513 78000
1748142077471 9996.962547770701 78500
1748142077868 9997.075632911394 79000
1748142078259 9997.180251572328 79500
1748142078651 9997.2985625 80000
1748142079045 9997.54937888199 80500
1748142079439 9997.640925925927 81000
1748142079834 9997.513619631904 81500
1748142080231 9997.583048780489 82000
1748142080633 9997.525696969698 82500
1748142081049 9997.45469879518 83000
1748142081446 9997.278682634731 83500
1748142081838 9997.129107142857 84000
1748142082232 9997.040355029587 84500
1748142082628 9996.835294117647 85000
1748142083022 9996.719122807019 85500
1748142083417 9996.631627906978 86000
1748142083811 9996.72780346821 86500
1748142084275 9996.623908045978 87000
1748142084677 9996.556457142859 87500
1748142085133 9996.632954545454 88000
1748142085528 9996.456610169493 88500
1748142085963 9996.36320224719 89000
1748142086360 9996.368826815642 89500
1748142086756 9996.329722222223 90000
1748142087168 9996.501657458562 90500
1748142087585 9996.447802197803 91000
1748142087997 9996.480163934426 91500
1748142088394 9996.580869565218 92000
1748142088787 9996.640702702703 92500
1748142089183 9996.753763440862 93000
1748142089578 9996.831711229946 93500
1748142089975 9996.72180851064 94000
1748142090371 9996.835185185186 94500
1748142090774 9996.830052631578 95000
1748142091193 9996.785968586388 95500
1748142091591 9996.790364583334 96000
1748142091995 9996.725803108808 96500
1748142092387 9996.800257731958 97000
1748142092780 9996.773846153847 97500
1748142093172 9996.731428571427 98000
1748142093560 9996.81893401015 98500
1748142093954 9996.971616161616 99000
1748142094345 9997.051005025125 99500
1748142094738 9996.89035 100000
1748142095129 9996.947213930347 100500
1748142095518 9996.912673267327 101000
1748142095912 9996.772364532018 101500
1748142096306 9996.82450980392 102000
1748142096701 9996.721707317072 102500
1748142097112 9996.841601941745 103000
1748142097512 9996.757536231882 103500
1748142097913 9996.645576923078 104000
1748142098322 9996.751004784688 104500
1748142098740 9996.847095238094 105000
1748142099203 9996.806303317535 105500
1748142099622 9996.870235849057 106000
1748142100015 9996.83295774648 106500
1748142100414 9996.756869158877 107000
1748142100823 9996.679488372092 107500
1748142101248 9996.568611111112 108000
1748142101653 9996.607834101384 108500
1748142102054 9996.513486238535 109000
1748142102467 9996.457305936075 109500
1748142102887 9996.592318181818 110000
1748142103282 9996.481583710409 110500
1748142103700 9996.35765765766 111000
1748142104106 9996.44542600897 111500
1748142104527 9996.412232142857 112000
1748142104933 9996.46937777778 112500
1748142105341 9996.518982300886 113000
1748142105787 9996.438061674009 113500
1748142106199 9996.586754385966 114000
1748142106622 9996.55406113537 114500
1748142107061 9996.690521739132 115000
1748142107485 9996.736666666666 115500
1748142107913 9996.818879310345 116000
1748142108442 9996.717682403432 116500
1748142108865 9996.589401709401 117000
1748142109270 9996.597404255317 117500
1748142109672 9996.658389830509 118000
1748142110080 9996.659451476793 118500
1748142110472 9996.765672268906 119000
1748142110862 9996.855774058577 119500
1748142111347 9996.733916666666 120000
1748142111751 9996.752074688797 120500
1748142112142 9996.72888429752 121000
1748142112543 9996.706666666665 121500
1748142112937 9996.650040983606 122000
1748142113337 9996.569061224489 122500
1748142113732 9996.655487804877 123000
1748142114129 9996.74020242915 123500
1748142114522 9996.70745967742 124000
1748142114926 9996.6978313253 124500
1748142115321 9996.65608 125000
1748142115719 9996.588844621514 125500
1748142116140 9996.487539682541 126000
1748142116551 9996.368260869565 126500
1748142116957 9996.378188976378 127000
1748142117383 9996.28474509804 127500
1748142117850 9996.3250390625 128000
1748142118331 9996.318910505837 128500
1748142118749 9996.358488372094 129000
1748142119154 9996.257374517376 129500
1748142119554 9996.18 130000
1748142119947 9996.260038314176 130500
1748142120338 9996.191297709924 131000
1748142120730 9996.213307984792 131500
1748142121124 9996.134204545455 132000
1748142121521 9996.248905660377 132500
1748142121926 9996.226390977445 133000
1748142122336 9996.245056179776 133500
1748142122735 9996.403619402985 134000
1748142123133 9996.417918215613 134500
1748142123566 9996.53137037037 135000
1748142123986 9996.666863468636 135500
1748142124427 9996.584522058823 136000
1748142124877 9996.68490842491 136500
1748142125293 9996.64813868613 137000
1748142125691 9996.587672727273 137500
1748142126101 9996.55054347826 138000
1748142126507 9996.570902527075 138500
1748142126908 9996.681223021582 139000
1748142127323 9996.598351254483 139500
1748142127740 9996.604571428572 140000
1748142128617 9996.624078014185 141000
1748142129015 9996.537879858657 141500
1748142129415 9996.66295774648 142000
1748142129810 9996.759929824562 142500
1748142130212 9996.824090909093 143000
1748142130604 9996.85574912892 143500
1748142130995 9996.903784722223 144000
1748142131388 9996.902456747404 144500
1748142131782 9996.92527586207 145000
1748142132178 9996.897457044674 145500
1748142132581 9996.998664383562 146000
1748142132974 9997.034300341296 146500
1748142133755 9997.061898305084 147500
1748142134147 9997.02347972973 148000
1748142134538 9996.925521885523 148500
1748142134931 9996.910302013424 149000
1748142135325 9996.838963210703 149500
1748142135717 9996.816233333333 150000
1748142136110 9996.92631229236 150500
1748142136503 9996.833973509934 151000
1748142136895 9996.80102310231 151500
1748142137285 9996.802039473685 152000
1748142137676 9996.70668852459 152500
1748142138069 9996.766013071896 153000
1748142138461 9996.878827361563 153500
1748142138853 9996.79564935065 154000
1748142139248 9996.85996763754 154500
1748142139636 9996.759516129034 155000
1748142140030 9996.729871382637 155500
1748142140420 9996.63294871795 156000
1748142140882 9996.678626198083 156500
1748142141284 9996.699012738854 157000
1748142141739 9996.783587301588 157500
1748142142133 9996.822025316456 158000
1748142142528 9996.846940063093 158500
1748142142923 9996.855849056605 159000
1748142143318 9996.937554858934 159500
1748142143711 9996.88846875 160000
1748142144103 9996.847975077882 160500
1748142144494 9996.897111801243 161000
1748142144883 9996.994458204334 161500
1748142145275 9996.992191358024 162000
1748142145701 9997.05366153846 162500
1748142146097 9997.069846625767 163000
1748142146489 9997.057003058102 163500
1748142146885 9997.122225609755 164000
1748142147280 9997.08075987842 164500
1748142147674 9997.103030303031 165000
1748142148065 9997.033081570997 165500
1748142148460 9997.025602409638 166000
1748142148851 9997.075705705705 166500
1748142149243 9997.16263473054 167000
1748142149641 9997.25952238806 167500
1748142150034 9997.25800595238 168000
1748142150425 9997.184005934718 168500
1748142150815 9997.104230769231 169000
1748142151220 9996.999410029497 169500
1748142151633 9996.941647058822 170000
1748142152044 9996.966041055719 170500
1748142152461 9996.864941520467 171000
1748142152866 9996.895860058308 171500
1748142153272 9996.813837209302 172000
1748142153689 9996.777536231884 172500
1748142154089 9996.769017341041 173000
1748142154487 9996.671383285302 173500
1748142154879 9996.605172413792 174000
1748142155275 9996.586504297995 174500
1748142155669 9996.526457142856 175000
1748142156142 9996.485698005697 175500
1748142156552 9996.520994318182 176000
1748142156956 9996.602464589236 176500
1748142157467 9996.625395480225 177000
1748142157871 9996.709464788732 177500
1748142158268 9996.627443820225 178000
1748142158661 9996.542464985994 178500
1748142159062 9996.54567039106 179000
1748142159483 9996.461643454038 179500
1748142159889 9996.386916666666 180000
1748142160292 9996.336980609418 180500
1748142160748 9996.28582872928 181000
1748142161318 9996.323085399448 181500
1748142161759 9996.35217032967 182000
1748142162268 9996.278821917807 182500
1748142162682 9996.369918032786 183000
1748142163102 9996.353487738419 183500
1748142163525 9996.334891304346 184000
1748142163935 9996.376531165311 184500
1748142164355 9996.358729729729 185000
1748142164776 9996.318625336928 185500
1748142165283 9996.274919354839 186000
1748142165768 9996.226327077748 186500
1748142166190 9996.1985828877 187000
1748142166591 9996.165333333332 187500
1748142166985 9996.22494680851 188000
1748142167391 9996.236074270557 188500
1748142167786 9996.185476190476 189000
1748142168180 9996.193007915566 189500
1748142168571 9996.269605263158 190000
1748142168964 9996.25871391076 190500
1748142169362 9996.255445026178 191000
1748142169829 9996.327023498694 191500
1748142170251 9996.325104166666 192000
1748142170687 9996.376077922077 192500
1748142171166 9996.3296373057 193000
1748142171587 9996.397596899225 193500
1748142172002 9996.31530927835 194000
1748142172412 9996.385784061697 194500
1748142172826 9996.42428205128 195000
1748142173237 9996.341534526855 195500
1748142173641 9996.412474489796 196000
1748142174036 9996.338727735369 196500
1748142174434 9996.261954314721 197000
1748142174839 9996.317772151899 197500
1748142175245 9996.262828282828 198000
1748142175654 9996.182518891688 198500
1748142176060 9996.2316080402 199000
1748142176453 9996.171303258145 199500
1748142176853 9996.242025 200000
1748142177244 9996.185511221944 200500
1748142177637 9996.201815920398 201000
1748142178033 9996.242977667494 201500
1748142178426 9996.304455445545 202000
1748142178871 9996.252716049383 202500
1748142179320 9996.189064039409 203000
1748142179770 9996.122653562654 203500
1748142180171 9996.099166666667 204000
1748142180564 9996.107946210268 204500
1748142180959 9996.10375609756 205000
1748142181351 9996.026496350365 205500
1748142181745 9996.061529126213 206000
1748142182143 9996.100217917674 206500
1748142182535 9996.078333333333 207000
1748142182927 9996.018144578313 207500
1748142183320 9995.95420673077 208000
1748142183722 9995.924244604317 208500
1748142184118 9995.887057416268 209000
1748142184523 9995.935489260142 209500
1748142184915 9995.872785714286 210000
1748142185307 9995.92593824228 210500
1748142185695 9995.928436018958 211000
1748142186088 9995.954349881795 211500
1748142186481 9996.037051886793 212000
1748142186871 9996.078047058823 212500
1748142187276 9996.076549295776 213000
1748142187675 9996.14243559719 213500
1748142188068 9996.13191588785 214000
1748142188460 9996.103752913752 214500
1748142188863 9996.02188372093 215000
1748142189257 9996.062273781903 215500
1748142189648 9996.050300925926 216000
1748142190041 9996.064180138568 216500
1748142190433 9996.134470046083 217000
1748142190822 9996.11016091954 217500
1748142191216 9996.05520642202 218000
1748142191609 9996.117780320368 218500
1748142192003 9996.08189497717 219000
1748142192393 9996.047813211846 219500
1748142192796 9996.014386363637 220000
1748142193192 9996.064535147392 220500
1748142193586 9996.082036199094 221000
1748142193979 9996.146094808128 221500
1748142194372 9996.10954954955 222000
1748142194764 9996.182157303372 222500
1748142195156 9996.2633632287 223000
1748142195545 9996.27196868009 223500
1748142195937 9996.310401785713 224000
1748142196339 9996.342004454342 224500
1748142196733 9996.397444444443 225000
1748142197127 9996.449822616409 225500
1748142197522 9996.49692477876 226000
1748142197915 9996.53348785872 226500
1748142198311 9996.516233480177 227000
1748142198707 9996.603208791208 227500
1748142199102 9996.69129385965 228000
1748142199497 9996.660043763675 228500
1748142199889 9996.667445414845 229000
1748142200281 9996.705206971676 229500
1748142200673 9996.771369565218 230000
1748142201066 9996.828026030369 230500
1748142201462 9996.888398268396 231000
1748142201857 9996.848358531317 231500
1748142202249 9996.868512931034 232000
1748142202642 9996.925956989247 232500
1748142203040 9996.944506437769 233000
1748142203433 9996.994004282653 233500
1748142203825 9997.032585470086 234000
1748142204221 9997.101599147123 234500
1748142204618 9997.068531914894 235000
1748142205012 9997.135010615712 235500
1748142205408 9997.159237288135 236000
1748142205844 9997.219344608879 236500
1748142206239 9997.247510548525 237000
1748142206653 9997.227915789474 237500
1748142207047 9997.266785714286 238000
1748142207444 9997.22737945493 238500
1748142207837 9997.221129707114 239000
1748142208294 9997.232087682672 239500
1748142208688 9997.305270833333 240000
1748142209080 9997.287422037421 240500
1748142209472 9997.276576763485 241000
1748142209867 9997.293436853 241500
1748142210261 9997.307066115702 242000
1748142210652 9997.307505154638 242500
1748142211044 9997.307962962963 243000
1748142211438 9997.320636550307 243500
1748142211832 9997.315819672129 244000
1748142212227 9997.257709611451 244500
1748142212619 9997.267 245000
1748142213013 9997.273706720976 245500
1748142213405 9997.344207317072 246000
1748142213797 9997.350385395537 246500
1748142214191 9997.310263157893 247000
1748142214585 9997.393434343434 247500
1748142214980 9997.368568548389 248000
1748142215371 9997.353621730383 248500
1748142215763 9997.323453815261 249000
1748142216155 9997.29981963928 249500
1748142216548 9997.346160000001 250000
1748142216939 9997.309281437127 250500
1748142217335 9997.348944223108 251000
1748142217729 9997.314632206759 251500
1748142218121 9997.259662698412 252000
1748142218513 9997.218772277229 252500
1748142218905 9997.271304347827 253000
1748142219297 9997.266351084812 253500
1748142219689 9997.216122047244 254000
1748142220078 9997.161375245581 254500
1748142220472 9997.14831372549 255000
1748142220864 9997.177710371821 255500
1748142221261 9997.20921875 256000
1748142221655 9997.214873294346 256500
1748142222050 9997.238112840467 257000
1748142222440 9997.276485436892 257500
1748142222832 9997.254961240309 258000
1748142223231 9997.275551257253 258500
1748142223625 9997.33586872587 259000
1748142224053 9997.336589595374 259500
1748142224498 9997.302519230769 260000
1748142224910 9997.237562380038 260500
1748142225312 9997.232624521072 261000
1748142225709 9997.200325047801 261500
1748142226103 9997.198797709923 262000
1748142226501 9997.1516 262500
1748142226899 9997.165494296578 263000
1748142227294 9997.214971537001 263500
1748142227866 9997.171723484847 264000
1748142228266 9997.238412098299 264500
1748142228662 9997.293811320757 265000
1748142229070 9997.231600753297 265500
1748142229473 9997.233082706767 266000
1748142229906 9997.17851782364 266500
1748142230315 9997.157528089889 267000
1748142230717 9997.138018691589 267500
1748142231120 9997.174291044776 268000
1748142231523 9997.21113594041 268500
1748142231928 9997.16249070632 269000
1748142232330 9997.1087012987 269500
1748142232734 9997.185055555556 270000
1748142233135 9997.146987060998 270500
1748142233535 9997.203302583024 271000
1748142233932 9997.184769797423 271500
1748142234326 9997.152481617648 272000
1748142234729 9997.184366972479 272500
1748142235131 9997.166117216118 273000
1748142235534 9997.138939670933 273500
1748142235935 9997.145437956206 274000
1748142236339 9997.10122040073 274500
1748142236738 9997.123254545455 275000
1748142237139 9997.1109800363 275500
1748142237542 9997.136974637682 276000
1748142237944 9997.118589511754 276500
1748142238355 9997.079404332131 277000
1748142238754 9997.057639639641 277500
1748142239191 9997.0489028777 278000
1748142239594 9997.017773788151 278500
1748142239988 9997.063225806452 279000
1748142240396 9997.042647584973 279500
1748142240794 9997.003946428571 280000
1748142241200 9997.060534759357 280500
1748142241600 9997.061797153026 281000
1748142241996 9997.117406749556 281500
1748142242401 9997.15420212766 282000
1748142242808 9997.2012920354 282500
1748142243210 9997.17413427562 283000
1748142243640 9997.12901234568 283500
1748142244047 9997.178961267606 284000
1748142244499 9997.182530755712 284500
1748142244903 9997.233754385965 285000
1748142245304 9997.260035026271 285500
1748142245705 9997.270454545454 286000
1748142246108 9997.24179755672 286500
1748142246513 9997.2837456446 287000
1748142246917 9997.263913043478 287500
1748142247326 9997.238211805556 288000
1748142247727 9997.29041594454 288500
1748142248134 9997.237733564014 289000
1748142248556 9997.230241796202 289500
1748142248970 9997.264655172414 290000
1748142249381 9997.251118760758 290500
1748142249828 9997.197508591065 291000
1748142250338 9997.140480274444 291500
1748142250751 9997.153441780822 292000
1748142251156 9997.19252991453 292500
1748142251555 9997.216587030716 293000
1748142251954 9997.184480408858 293500
1748142252350 9997.248877551021 294000
1748142252750 9997.291986417658 294500
1748142253143 9997.257796610169 295000
1748142253537 9997.290964467005 295500
1748142253931 9997.302077702703 296000
1748142254324 9997.277352445193 296500
1748142254717 9997.285084175084 297000
1748142255114 9997.234537815126 297500
1748142255513 9997.180419463086 298000
1748142255905 9997.202646566166 298500
1748142256304 9997.1827090301 299000
1748142256703 9997.179482470785 299500
1748142257094 9997.239566666667 300000
1748142257489 9997.268003327788 300500
1748142257892 9997.21626245847 301000
1748142258284 9997.281724709785 301500
1748142258679 9997.330430463577 302000
1748142259069 9997.349983471075 302500
1748142259463 9997.324570957095 303000
1748142259869 9997.288649093904 303500
1748142260278 9997.297680921052 304000
1748142260747 9997.311100164203 304500
1748142261173 9997.318245901639 305000
1748142261584 9997.310180032733 305500
1748142261997 9997.318349673204 306000
1748142262414 9997.356508972267 306500
1748142262817 9997.372345276874 307000
1748142263211 9997.403300813008 307500
1748142263694 9997.428165584415 308000
1748142264137 9997.461539708267 308500
1748142264562 9997.428268608413 309000
1748142264975 9997.390242326333 309500
1748142265371 9997.424064516128 310000
1748142265802 9997.478921095008 310500
1748142266199 9997.476704180064 311000
1748142266621 9997.489711075441 311500
1748142267033 9997.516041666668 312000
1748142267432 9997.474752000002 312500
1748142267831 9997.486102236422 313000
1748142268231 9997.533078149921 313500
1748142268633 9997.553933121018 314000
1748142269043 9997.505230524643 314500
1748142269450 9997.463650793652 315000
1748142269865 9997.424294770206 315500
1748142270287 9997.479335443039 316000
1748142270710 9997.51834123223 316500
1748142271119 9997.470788643534 317000
1748142271552 9997.502771653544 317500
1748142271964 9997.468977987422 318000
1748142272367 9997.48962323391 318500
1748142272781 9997.463557993731 319000
1748142273175 9997.430907668233 319500
1748142273583 9997.45834375 320000
1748142273979 9997.470889235568 320500
1748142274441 9997.521277258567 321000
1748142274850 9997.47101088647 321500
1748142275252 9997.510543478262 322000
1748142275656 9997.485364341086 322500
1748142276051 9997.456300309597 323000
1748142276451 9997.509041731066 323500
1748142276852 9997.532067901233 324000
1748142277276 9997.490909090908 324500
1748142277671 9997.536369230771 325000
1748142278068 9997.565714285713 325500
1748142278486 9997.557162576686 326000
1748142278887 9997.548667687595 326500
1748142279279 9997.497415902142 327000
1748142279673 9997.525465648854 327500
1748142280067 9997.579786585366 328000
1748142280464 9997.569436834094 328500
1748142280858 9997.546367781155 329000
1748142281254 9997.574673748102 329500
1748142281649 9997.590833333332 330000
1748142282046 9997.57095310136 330500
1748142282443 9997.598066465256 331000
1748142282836 9997.637586726998 331500
1748142283231 9997.639427710843 332000
1748142283623 9997.692812030074 332500
1748142284014 9997.737417417418 333000
1748142284408 9997.74755622189 333500
1748142284800 9997.745658682634 334000
1748142285193 9997.718819133033 334500
1748142285592 9997.728298507463 335000
1748142285984 9997.698569299553 335500
1748142286382 9997.645342261905 336000
1748142286777 9997.684011887073 336500
1748142287170 9997.65169139466 337000
1748142287567 9997.643851851852 337500
1748142287962 9997.648328402367 338000
1748142288356 9997.616573116691 338500
1748142288755 9997.589498525072 339000
1748142289146 9997.64089837997 339500
1748142289539 9997.65805882353 340000
1748142289933 9997.640088105727 340500
1748142290327 9997.632214076246 341000
1748142290719 9997.613748169839 341500
1748142291113 9997.58798245614 342000
1748142291508 9997.61699270073 342500
1748142291901 9997.642725947522 343000
1748142292298 9997.61598253275 343500
1748142292691 9997.588880813953 344000
1748142293083 9997.590711175617 344500
1748142293480 9997.621333333334 345000
1748142293871 9997.62060781476 345500
1748142294263 9997.636083815029 346000
1748142294658 9997.677575757576 346500
1748142295058 9997.679884726225 347000
1748142295454 9997.71874820144 347500
1748142295850 9997.737471264369 348000
1748142296241 9997.706470588235 348500
1748142296638 9997.673710601719 349000
1748142297034 9997.629814020029 349500
1748142297430 9997.59472857143 350000
1748142297820 9997.586191155491 350500
1748142298243 9997.572706552706 351000
1748142298633 9997.605675675675 351500
1748142299028 9997.611789772725 352000
1748142299422 9997.633460992907 352500
1748142299826 9997.665722379603 353000
1748142300250 9997.632758132955 353500
1748142300654 9997.665296610168 354000
1748142301049 9997.657559943582 354500
1748142301447 9997.679056338027 355000
1748142301842 9997.658382559774 355500
1748142302235 9997.678651685392 356000
1748142302629 9997.688218793828 356500
1748142303022 9997.643291316526 357000
1748142303417 9997.60288111888 357500
1748142303815 9997.564078212288 358000
1748142304212 9997.52941422594 358500
1748142304627 9997.58122562674 359000
1748142305021 9997.557301808065 359500
1748142305416 9997.581083333333 360000
1748142305810 9997.602898751733 360500
1748142306207 9997.610263157896 361000
1748142306601 9997.64347164592 361500
1748142307027 9997.678784530386 362000
1748142307422 9997.704910344828 362500
1748142307815 9997.699545454545 363000
1748142308208 9997.721182943606 363500
1748142308600 9997.73728021978 364000
1748142308993 9997.716172839506 364500
1748142309389 9997.74312328767 365000
1748142309792 9997.736566347468 365500
1748142310182 9997.771202185791 366000
1748142310574 9997.795661664393 366500
1748142310969 9997.796771117166 367000
1748142311363 9997.81131972789 367500
1748142311757 9997.834442934782 368000
1748142312148 9997.833582089552 368500
1748142312540 9997.824661246612 369000
1748142312934 9997.839648173207 369500
1748142313331 9997.82643243243 370000
1748142313728 9997.837840755736 370500
1748142314122 9997.821725067384 371000
1748142314513 9997.803916554507 371500
1748142314907 9997.8588172043 372000
1748142315299 9997.863302013422 372500
1748142315691 9997.843230563001 373000
1748142316085 9997.807884872824 373500
1748142316485 9997.768622994652 374000
1748142316877 9997.722229639518 374500
1748142317270 9997.709746666666 375000
1748142317665 9997.751611185085 375500
1748142318060 9997.714813829787 376000
1748142318452 9997.710225763612 376500
1748142318846 9997.68098143236 377000
1748142319233 9997.713655629139 377500
1748142319624 9997.706825396825 378000
1748142320017 9997.677410832232 378500
1748142320413 9997.725831134565 379000
1748142320807 9997.715638998683 379500
1748142321205 9997.699815789472 380000
1748142321602 9997.663074901446 380500
1748142321994 9997.649842519684 381000
1748142322389 9997.662359108781 381500
1748142322784 9997.697670157067 382000
1748142323190 9997.723503267973 382500
1748142323595 9997.749712793733 383000
1748142324096 9997.742881355933 383500
1748142324526 9997.744114583333 384000
1748142324989 9997.747217165148 384500
1748142325508 9997.786116883117 385000
1748142325950 9997.797146562905 385500
1748142326360 9997.762059585491 386000
1748142326765 9997.733505821474 386500
1748142327208 9997.767790697673 387000
1748142327604 9997.729419354839 387500
1748142327999 9997.697783505155 388000
1748142328400 9997.728172458172 388500
1748142328822 9997.736568123393 389000
1748142329318 9997.727599486521 389500
1748142329739 9997.759858974357 390000
1748142330150 9997.796530089629 390500
1748142330554 9997.848043478261 391000
1748142330952 9997.852349936142 391500
1748142331351 9997.85524234694 392000
1748142331763 9997.857808917197 392500
1748142332171 9997.9043129771 393000
1748142332569 9997.908005082592 393500
1748142332972 9997.877373096448 394000
1748142333383 9997.860595690747 394500
1748142333796 9997.860835443038 395000
1748142334194 9997.82042983565 395500
1748142334592 9997.8498989899 396000
1748142334984 9997.850428751577 396500
1748142335393 9997.833249370276 397000
1748142335809 9997.833257861634 397500
1748142336221 9997.816746231156 398000
1748142336620 9997.864542032623 398500
1748142337026 9997.857117794487 399000
1748142337488 9997.854305381727 399500
1748142337887 9997.880912499999 400000
1748142338329 9997.873258426966 400500
1748142338728 9997.846184538654 401000
1748142339123 9997.82596513076 401500
1748142339514 9997.800447761194 402000
1748142339909 9997.761440993789 402500
1748142340313 9997.766426799008 403000
1748142340730 9997.723705080545 403500
1748142341164 9997.765222772277 404000
1748142341655 9997.799517923362 404500
1748142342063 9997.833691358024 405000
1748142342456 9997.79649815043 405500
1748142342852 9997.784507389162 406000
1748142343250 9997.805891758917 406500
1748142343646 9997.816695331694 407000
1748142344037 9997.812662576687 407500
1748142344460 9997.861899509804 408000
1748142344878 9997.901481028151 408500
1748142345274 9997.878386308068 409000
1748142345690 9997.916923076922 409500
1748142346091 9997.896219512195 410000
1748142346507 9997.892618757613 410500
1748142346918 9997.888223844282 411000
1748142347403 9997.91205346294 411500
1748142347876 9997.947257281554 412000
1748142348346 9997.993066666668 412500
1748142348774 9997.981283292978 413000
1748142349244 9997.952007255139 413500
1748142349661 9997.933623188406 414000
1748142350068 9997.927708082027 414500
1748142350493 9997.93669879518 415000
1748142350927 9997.909181708785 415500
1748142351361 9997.87282451923 416000
1748142351758 9997.901536614647 416500
1748142352253 9997.888764988009 417000
1748142352648 9997.896538922156 417500
1748142353069 9997.904258373206 418000
1748142353464 9997.88009557945 418500
1748142353869 9997.871897374702 419000
1748142354262 9997.848081048867 419500
1748142354663 9997.83513095238 420000
1748142355142 9997.792175980974 420500
1748142355540 9997.784192399049 421000
1748142355943 9997.763879003558 421500
1748142356339 9997.764454976303 422000
1748142356735 9997.80202366864 422500
1748142357140 9997.809881796691 423000
1748142357537 9997.839634002361 423500
1748142357933 9997.872122641507 424000
1748142358328 9997.88018845701 424500
1748142358728 9997.894811764705 425000
1748142359124 9997.897720329025 425500
1748142359532 9997.915950704226 426000
1748142359994 9997.952450175851 426500
1748142360459 9997.931779859486 427000
1748142360877 9997.909076023394 427500
1748142361280 9997.898761682243 428000
1748142361699 9997.895262543756 428500
1748142362106 9997.875407925407 429000
1748142362501 9997.846973224681 429500
1748142362890 9997.809779069768 430000
1748142363333 9997.788710801395 430500
1748142363726 9997.785696055684 431000
1748142364121 9997.766129779839 431500
1748142364539 9997.761597222221 432000
1748142364954 9997.800080924855 432500
1748142365379 9997.767909930715 433000
1748142365819 9997.764752018453 433500
1748142366228 9997.79581797235 434000
1748142366624 9997.759459148447 434500
1748142367086 9997.737091954023 435000
1748142367501 9997.782835820897 435500
1748142367906 9997.778635321101 436000
1748142368311 9997.82255441008 436500
1748142368730 9997.821544622428 437000
1748142369172 9997.825051428572 437500
1748142369589 9997.794931506849 438000
1748142370024 9997.770376282784 438500
1748142370430 9997.81374715262 439000
1748142370835 9997.79675767918 439500
1748142371266 9997.764886363637 440000
1748142371682 9997.798887627696 440500
1748142372087 9997.809535147391 441000
1748142372491 9997.843001132504 441500
1748142372894 9997.874660633483 442000
1748142373465 9997.850497175143 442500
1748142373907 9997.847155756208 443000
1748142374345 9997.82686583991 443500
1748142374749 9997.83507882883 444000
1748142375157 9997.85114735658 444500
1748142375553 9997.850089887641 445000
1748142375951 9997.84832772166 445500
1748142376351 9997.884775784752 446000
1748142376756 9997.854479283316 446500
1748142377157 9997.85529082774 447000
1748142377555 9997.826905027932 447500
1748142377950 9997.838046875 448000
1748142378349 9997.809085841694 448500
1748142378747 9997.847193763919 449000
1748142379138 9997.839010011123 449500
1748142379535 9997.8124 450000
1748142379951 9997.817669256381 450500
1748142380345 9997.822017738361 451000
1748142380735 9997.844119601326 451500
1748142381137 9997.807588495574 452000
1748142381535 9997.803447513814 452500
1748142381936 9997.837306843265 453000
1748142382344 9997.820363836825 453500
1748142382741 9997.849933920703 454000
1748142383162 9997.829988998901 454500
1748142383565 9997.856164835164 455000
1748142383963 9997.875828759603 455500
1748142384362 9997.86072368421 456000
1748142384764 9997.836254107338 456500
1748142385159 9997.821575492342 457000
1748142385573 9997.80930054645 457500
1748142385973 9997.83383187773 458000
1748142386399 9997.831188658669 458500
1748142386796 9997.837244008715 459000
1748142387193 9997.816256800872 459500
1748142387588 9997.78952173913 460000
1748142387983 9997.812649294245 460500
1748142388384 9997.797852494577 461000
1748142388782 9997.781516793066 461500
1748142389179 9997.77408008658 462000
1748142389579 9997.766551351351 462500
1748142389979 9997.770777537797 463000
1748142390373 9997.760097087377 463500
1748142390770 9997.76020474138 464000
1748142391167 9997.778525296017 464500
1748142391567 9997.750946236558 465000
1748142391976 9997.723415682063 465500
1748142392391 9997.750912017169 466000
1748142392788 9997.716655948554 466500
1748142393195 9997.697687366168 467000
1748142393597 9997.676844919788 467500
1748142393995 9997.694594017095 468000
1748142394396 9997.680138740661 468500
1748142394796 9997.670287846482 469000
1748142395195 9997.638157614483 469500
1748142395598 9997.6095 470000
1748142396035 9997.592837407014 470500
1748142396452 9997.57178343949 471000
1748142396863 9997.55586426299 471500
1748142397260 9997.59556144068 472000
1748142397663 9997.6217989418 472500
1748142398059 9997.627494714587 473000
1748142398452 9997.65555438226 473500
1748142398854 9997.653924050634 474000
1748142399253 9997.692054794523 474500
1748142399655 9997.700694736843 475000
1748142400078 9997.689873817035 475500
1748142400490 9997.682552521008 476000
1748142400904 9997.706946484786 476500
1748142401339 9997.737945492663 477000
1748142401764 9997.752418848168 477500
1748142402187 9997.735230125523 478000
1748142402602 9997.710303030302 478500
1748142403016 9997.706795407097 479000
1748142403468 9997.74534932221 479500
1748142403893 9997.722124999998 480000
1748142404318 9997.698251821019 480500
1748142404747 9997.674948024947 481000
1748142405167 9997.657393561787 481500
1748142405584 9997.682168049792 482000
1748142405999 9997.653316062175 482500
1748142406417 9997.654233954452 483000
1748142406852 9997.620372285417 483500
1748142407314 9997.646260330577 484000
1748142407744 9997.683859649123 484500
1748142408167 9997.71442268041 485000
1748142408586 9997.719804325438 485500
1748142409010 9997.701306584362 486000
1748142409435 9997.673103802672 486500
1748142409857 9997.69068788501 487000
1748142410278 9997.711723076924 487500
1748142410692 9997.742151639344 488000
1748142411108 9997.7176765609 488500
1748142411525 9997.703415132924 489000
1748142411948 9997.737170582226 489500
1748142412357 9997.704724489795 490000
1748142412761 9997.73982670744 490500
1748142413169 9997.719195519348 491000
1748142413574 9997.706113936927 491500
1748142414002 9997.718719512193 492000
1748142414404 9997.744101522841 492500
1748142414807 9997.730730223124 493000
1748142415211 9997.763282674772 493500
1748142415615 9997.742560728744 494000
1748142416015 9997.721263902933 494500
1748142416412 9997.697010101008 495000
1748142416816 9997.700030272452 495500
1748142417218 9997.709344758065 496000
1748142417616 9997.69011077543 496500
1748142418012 9997.658893360162 497000
1748142418418 9997.648914572865 497500
1748142418833 9997.63326305221 498000
1748142419258 9997.636700100302 498500
1748142419682 9997.663166332664 499000
1748142420136 9997.670690690693 499500
1748142420532 9997.70026 500000
1748142420927 9997.704135864136 500500
1748142421328 9997.683622754492 501000
1748142421734 9997.654217347956 501500
1748142422136 9997.687430278884 502000
1748142422545 9997.676288557213 502500
1748142422945 9997.689005964216 503000
1748142423393 9997.696345580935 503500
1748142423817 9997.689037698414 504000
1748142424250 9997.710693756195 504500
1748142424675 9997.701940594061 505000
1748142425086 9997.688694362017 505500
1748142425480 9997.685039525693 506000
1748142425873 9997.684837117473 506500
1748142426275 9997.716982248521 507000
1748142426671 9997.690975369458 507500
1748142427063 9997.71375984252 508000
1748142427461 9997.699764011799 508500
1748142427883 9997.713939096266 509000
1748142428303 9997.700686947988 509500
1748142428730 9997.719323529413 510000
1748142429148 9997.697208619 510500
1748142429566 9997.671428571428 511000
1748142429982 9997.641984359727 511500
1748142430401 9997.641474609376 512000
1748142430821 9997.618585365854 512500
1748142431236 9997.59126705653 513000
1748142431661 9997.569561830576 513500
1748142432091 9997.585865758754 514000
1748142432513 9997.621943634596 514500
1748142432931 9997.601961165048 515000
1748142433349 9997.58231813773 515500
1748142433763 9997.572199612405 516000
1748142434175 9997.545672797676 516500
1748142434592 9997.513510638297 517000
1748142435007 9997.541487922706 517500
1748142435427 9997.523774131274 518000
1748142435857 9997.491620057857 518500
1748142436286 9997.49639691715 519000
1748142436711 9997.465649663136 519500
1748142437135 9997.49573076923 520000
1748142437559 9997.508818443805 520500
1748142437984 9997.499059500959 521000
1748142438395 9997.479769894533 521500
1748142438799 9997.469597701149 522000
1748142439209 9997.445444976074 522500
1748142439601 9997.4337667304 523000
1748142440004 9997.46593123209 523500
1748142440428 9997.476020992368 524000
1748142440871 9997.474289799811 524500
1748142441277 9997.44502857143 525000
1748142441675 9997.430294957185 525500
1748142442080 9997.426435361216 526000
1748142442490 9997.461339031339 526500
1748142442886 9997.495208728653 527000
1748142443301 9997.480265402843 527500
1748142443707 9997.461988636363 528000
1748142444124 9997.482062440871 528500
1748142444525 9997.494603024576 529000
1748142444947 9997.508120868746 529500
1748142445349 9997.480084905661 530000
1748142445758 9997.495560791707 530500
1748142446205 9997.523192090397 531000
1748142446608 9997.557695202258 531500
1748142447020 9997.555761278196 532000
1748142447424 9997.574497652582 532500
1748142447821 9997.55040337711 533000
1748142448327 9997.543983130272 533500
1748142448773 9997.558249063672 534000
1748142449330 9997.536613657625 534500
1748142449860 9997.544794392523 535000
1748142450290 9997.568674136322 535500
1748142450728 9997.568777985076 536000
1748142451195 9997.552814538676 536500
1748142451603 9997.57239292365 537000
1748142452030 9997.564837209302 537500
1748142452475 9997.54594795539 538000
1748142452894 9997.566220984216 538500
1748142453311 9997.578886827458 539000
1748142453734 9997.598999073216 539500
1748142454168 9997.609148148147 540000
1748142454586 9997.605078630897 540500
1748142454988 9997.62595194085 541000
1748142455409 9997.627036011081 541500
1748142455821 9997.655793357933 542000
1748142456236 9997.638405529953 542500
1748142456662 9997.649576427255 543000
1748142457102 9997.642585096597 543500
1748142457524 9997.618556985297 544000
1748142457953 9997.640431588614 544500
1748142458361 9997.649036697247 545000
1748142458772 9997.671255728688 545500
1748142459190 9997.681098901101 546000
1748142459595 9997.705654162855 546500
1748142460051 9997.69276965265 547000
