1748142013226 500.0 500
1748142013621 1000.0 1000
1748142014024 1500.0 1500
1748142014442 2000.0 2000
1748142014840 2500.0 2500
1748142015326 3000.0 3000
1748142015732 3500.0 3500
1748142016144 4000.0 4000
1748142016543 4500.0 4500
1748142016939 5000.0 5000
1748142017361 5500.0 5500
1748142017770 6000.0 6000
1748142018191 6500.0 6500
1748142018603 7000.0 7000
1748142019026 7500.0 7500
1748142019443 8000.0 8000
1748142019850 8500.0 8500
1748142020271 9000.0 9000
1748142020752 9500.0 9500
1748142021202 10000.0 10000
1748142021601 10500.0 10500
1748142021997 11000.0 11000
1748142022398 11500.0 11500
1748142022793 12000.0 12000
1748142023192 12500.0 12500
1748142023587 13000.0 13000
1748142023982 13500.0 13500
1748142024384 14000.0 14000
1748142024846 14500.0 14500
1748142025263 15000.0 15000
1748142025705 15500.0 15500
1748142026188 16000.0 16000
1748142026586 16500.0 16500
1748142026999 17000.0 17000
1748142027403 17500.0 17500
1748142027794 18000.0 18000
1748142028273 18500.0 18500
1748142028680 19000.0 19000
1748142029146 19500.0 19500
1748142029558 20000.0 20000
1748142029969 20500.0 20500
1748142030364 21000.0 21000
1748142030752 21500.0 21500
1748142031149 22000.0 22000
1748142031545 22500.0 22500
1748142031936 23000.0 23000
1748142032329 23500.0 23500
1748142032721 24000.0 24000
1748142033200 24500.0 24500
1748142033625 25000.0 25000
1748142034045 25500.0 25500
1748142034448 26000.0 26000
1748142034852 26500.0 26500
1748142035269 27000.0 27000
1748142035686 27500.0 27500
1748142036095 28000.0 28000
1748142036495 28500.0 28500
1748142036890 29000.0 29000
1748142037280 29500.0 29500
1748142037676 30000.0 30000
1748142038069 30500.0 30500
1748142038460 31000.0 31000
1748142038852 31500.0 31500
1748142039244 32000.0 32000
1748142039641 32500.0 32500
1748142040034 33000.0 33000
1748142040428 33500.0 33500
1748142040816 34000.0 34000
1748142041210 34500.0 34500
1748142041600 35000.0 35000
1748142041991 35500.0 35500
1748142042442 36000.0 36000
1748142042835 36500.0 36500
1748142043279 37000.0 37000
1748142043670 37500.0 37500
1748142044056 38000.0 38000
1748142044452 38500.0 38500
1748142044842 39000.0 39000
1748142045236 39500.0 39500
1748142045630 40000.0 40000
1748142046025 40500.0 40500
1748142046422 41000.0 41000
1748142046815 41500.0 41500
1748142047207 42000.0 42000
1748142047602 42500.0 42500
1748142047994 43000.0 43000
1748142048418 43500.0 43500
1748142048826 44000.0 44000
1748142049237 44500.0 44500
1748142049635 45000.0 45000
1748142050026 45500.0 45500
1748142050416 46000.0 46000
1748142050819 46500.0 46500
1748142051234 47000.0 47000
1748142051650 47500.0 47500
1748142052048 48000.0 48000
1748142052444 48500.0 48500
1748142052846 49000.0 49000
1748142053241 49500.0 49500
1748142053632 50000.0 50000
1748142054021 50500.0 50500
1748142054410 51000.0 51000
1748142054849 51500.0 51500
1748142055254 52000.0 52000
1748142055654 52500.0 52500
1748142056049 53000.0 53000
1748142056457 53500.0 53500
1748142056872 54000.0 54000
1748142057270 54500.0 54500
1748142057689 55000.0 55000
1748142058113 55500.0 55500
1748142058543 56000.0 56000
1748142058970 56500.0 56500
1748142059452 57000.0 57000
1748142059893 57500.0 57500
1748142060390 58000.0 58000
1748142060815 58500.0 58500
1748142061232 59000.0 59000
1748142061698 59500.0 59500
1748142062119 60000.0 60000
1748142062534 60500.0 60500
1748142062956 61000.0 61000
1748142063400 61500.0 61500
1748142063817 62000.0 62000
1748142064238 62500.0 62500
1748142064656 63000.0 63000
1748142065072 63500.0 63500
1748142065483 64000.0 64000
1748142065891 64500.0 64500
1748142066310 65000.0 65000
1748142066733 65500.0 65500
1748142067144 66000.0 66000
1748142067565 66500.0 66500
1748142067986 67000.0 67000
1748142068403 67500.0 67500
1748142068826 68000.0 68000
1748142069245 68500.0 68500
1748142069649 69000.0 69000
1748142070114 69500.0 69500
1748142070540 70000.0 70000
1748142070964 70500.0 70500
1748142071356 71000.0 71000
1748142071760 71500.0 71500
1748142072151 72000.0 72000
1748142072555 72500.0 72500
1748142072960 73000.0 73000
1748142073370 73500.0 73500
1748142073785 74000.0 74000
1748142074180 74500.0 74500
1748142074602 75000.0 75000
1748142074996 75500.0 75500
1748142075391 76000.0 76000
1748142075810 76500.0 76500
1748142076281 77000.0 77000
1748142076681 77500.0 77500
1748142077074 78000.0 78000
1748142077469 78500.0 78500
1748142077866 79000.0 79000
1748142078257 79500.0 79500
1748142078649 80000.0 80000
1748142079043 80500.0 80500
1748142079437 81000.0 81000
1748142079832 81500.0 81500
1748142080229 82000.0 82000
1748142080631 82500.0 82500
1748142081047 83000.0 83000
1748142081443 83500.0 83500
1748142081835 84000.0 84000
1748142082229 84500.0 84500
1748142082626 85000.0 85000
1748142083020 85500.0 85500
1748142083415 86000.0 86000
1748142083809 86500.0 86500
1748142084273 87000.0 87000
1748142084674 87500.0 87500
1748142085131 88000.0 88000
1748142085526 88500.0 88500
1748142085961 89000.0 89000
1748142086358 89500.0 89500
1748142086753 90000.0 90000
1748142087166 90500.0 90500
1748142087583 91000.0 91000
1748142087995 91500.0 91500
1748142088391 92000.0 92000
1748142088785 92500.0 92500
1748142089180 93000.0 93000
1748142089576 93500.0 93500
1748142089973 94000.0 94000
1748142090369 94500.0 94500
1748142090772 95000.0 95000
1748142091191 95500.0 95500
1748142091588 96000.0 96000
1748142091993 96500.0 96500
1748142092385 97000.0 97000
1748142092778 97500.0 97500
1748142093169 98000.0 98000
1748142093558 98500.0 98500
1748142093952 99000.0 99000
1748142094343 99500.0 99500
1748142094736 100000.0 100000
1748142095127 100500.0 100500
1748142095516 101000.0 101000
1748142095910 101500.0 101500
1748142096304 102000.0 102000
1748142096699 102500.0 102500
1748142097110 103000.0 103000
1748142097510 103500.0 103500
1748142097911 104000.0 104000
1748142098320 104500.0 104500
1748142098738 105000.0 105000
1748142099200 105500.0 105500
1748142099620 106000.0 106000
1748142100013 106500.0 106500
1748142100412 107000.0 107000
1748142100821 107500.0 107500
1748142101246 108000.0 108000
1748142101650 108500.0 108500
1748142102051 109000.0 109000
1748142102464 109500.0 109500
1748142102885 110000.0 110000
1748142103280 110500.0 110500
1748142103698 111000.0 111000
1748142104104 111500.0 111500
1748142104524 112000.0 112000
1748142104931 112500.0 112500
1748142105338 113000.0 113000
1748142105785 113500.0 113500
1748142106197 114000.0 114000
1748142106620 114500.0 114500
1748142107057 115000.0 115000
1748142107483 115500.0 115500
1748142107911 116000.0 116000
1748142108439 116500.0 116500
1748142108863 117000.0 117000
1748142109268 117500.0 117500
1748142109670 118000.0 118000
1748142110078 118500.0 118500
1748142110470 119000.0 119000
1748142110860 119500.0 119500
1748142111345 120000.0 120000
1748142111749 120500.0 120500
1748142112140 121000.0 121000
1748142112540 121500.0 121500
1748142112935 122000.0 122000
1748142113335 122500.0 122500
1748142113730 123000.0 123000
1748142114126 123500.0 123500
1748142114520 124000.0 124000
1748142114923 124500.0 124500
1748142115319 125000.0 125000
1748142115716 125500.0 125500
1748142116138 126000.0 126000
1748142116548 126500.0 126500
1748142116955 127000.0 127000
1748142117381 127500.0 127500
1748142117847 128000.0 128000
1748142118329 128500.0 128500
1748142118747 129000.0 129000
1748142119151 129500.0 129500
1748142119552 130000.0 130000
1748142119945 130500.0 130500
1748142120336 131000.0 131000
1748142120728 131500.0 131500
1748142121122 132000.0 132000
1748142121519 132500.0 132500
1748142121924 133000.0 133000
1748142122334 133500.0 133500
1748142122733 134000.0 134000
1748142123131 134500.0 134500
1748142123564 135000.0 135000
1748142123984 135500.0 135500
1748142124421 136000.0 136000
1748142124874 136500.0 136500
1748142125291 137000.0 137000
1748142125689 137500.0 137500
1748142126099 138000.0 138000
1748142126504 138500.0 138500
1748142126906 139000.0 139000
1748142127321 139500.0 139500
1748142127738 140000.0 140000
1748142128199 140500.0 140500
1748142128615 141000.0 141000
1748142129012 141500.0 141500
1748142129413 142000.0 142000
1748142129808 142500.0 142500
1748142130209 143000.0 143000
1748142130602 143500.0 143500
1748142130992 144000.0 144000
1748142131385 144500.0 144500
1748142131779 145000.0 145000
1748142132175 145500.0 145500
1748142132579 146000.0 146000
1748142132972 146500.0 146500
1748142133364 147000.0 147000
1748142133753 147500.0 147500
1748142134145 148000.0 148000
1748142134536 148500.0 148500
1748142134929 149000.0 149000
1748142135323 149500.0 149500
1748142135715 150000.0 150000
1748142136108 150500.0 150500
1748142136501 151000.0 151000
1748142136893 151500.0 151500
1748142137283 152000.0 152000
1748142137674 152500.0 152500
1748142138067 153000.0 153000
1748142138459 153500.0 153500
1748142138851 154000.0 154000
1748142139246 154500.0 154500
1748142139634 155000.0 155000
1748142140027 155500.0 155500
1748142140417 156000.0 156000
1748142140880 156500.0 156500
1748142141282 157000.0 157000
1748142141736 157500.0 157500
1748142142131 158000.0 158000
1748142142526 158500.0 158500
1748142142920 159000.0 159000
1748142143316 159500.0 159500
1748142143709 160000.0 160000
1748142144101 160500.0 160500
1748142144492 161000.0 161000
1748142144881 161500.0 161500
1748142145273 162000.0 162000
1748142145698 162500.0 162500
1748142146095 163000.0 163000
1748142146487 163500.0 163500
1748142146883 164000.0 164000
1748142147278 164500.0 164500
1748142147672 165000.0 165000
1748142148063 165500.0 165500
1748142148458 166000.0 166000
1748142148848 166500.0 166500
1748142149241 167000.0 167000
1748142149639 167500.0 167500
1748142150032 168000.0 168000
1748142150423 168500.0 168500
1748142150813 169000.0 169000
1748142151217 169500.0 169500
1748142151631 170000.0 170000
1748142152042 170500.0 170500
1748142152459 171000.0 171000
1748142152864 171500.0 171500
1748142153270 172000.0 172000
1748142153687 172500.0 172500
1748142154087 173000.0 173000
1748142154485 173500.0 173500
1748142154877 174000.0 174000
1748142155273 174500.0 174500
1748142155667 175000.0 175000
1748142156140 175500.0 175500
1748142156550 176000.0 176000
1748142156954 176500.0 176500
1748142157464 177000.0 177000
1748142157869 177500.0 177500
1748142158266 178000.0 178000
1748142158659 178500.0 178500
1748142159060 179000.0 179000
1748142159481 179500.0 179500
1748142159887 180000.0 180000
1748142160290 180500.0 180500
1748142160746 181000.0 181000
1748142161316 181500.0 181500
1748142161756 182000.0 182000
1748142162266 182500.0 182500
1748142162680 183000.0 183000
1748142163100 183500.0 183500
1748142163523 184000.0 184000
1748142163932 184500.0 184500
1748142164353 185000.0 185000
1748142164774 185500.0 185500
1748142165281 186000.0 186000
1748142165766 186500.0 186500
1748142166188 187000.0 187000
1748142166589 187500.0 187500
1748142166983 188000.0 188000
1748142167389 188500.0 188500
1748142167784 189000.0 189000
1748142168178 189500.0 189500
1748142168569 190000.0 190000
1748142168962 190500.0 190500
1748142169360 191000.0 191000
1748142169827 191500.0 191500
1748142170248 192000.0 192000
1748142170685 192500.0 192500
1748142171164 193000.0 193000
1748142171584 193500.0 193500
1748142172000 194000.0 194000
1748142172410 194500.0 194500
1748142172824 195000.0 195000
1748142173235 195500.0 195500
1748142173639 196000.0 196000
1748142174034 196500.0 196500
1748142174432 197000.0 197000
1748142174837 197500.0 197500
1748142175243 198000.0 198000
1748142175652 198500.0 198500
1748142176058 199000.0 199000
1748142176451 199500.0 199500
1748142176851 200000.0 200000
1748142177242 200500.0 200500
1748142177635 201000.0 201000
1748142178031 201500.0 201500
1748142178424 202000.0 202000
1748142178868 202500.0 202500
1748142179317 203000.0 203000
1748142179768 203500.0 203500
1748142180169 204000.0 204000
1748142180562 204500.0 204500
1748142180957 205000.0 205000
1748142181349 205500.0 205500
1748142181743 206000.0 206000
1748142182141 206500.0 206500
1748142182533 207000.0 207000
1748142182925 207500.0 207500
1748142183318 208000.0 208000
1748142183717 208500.0 208500
1748142184116 209000.0 209000
1748142184520 209500.0 209500
1748142184913 210000.0 210000
1748142185305 210500.0 210500
1748142185693 211000.0 211000
1748142186086 211500.0 211500
1748142186479 212000.0 212000
1748142186869 212500.0 212500
1748142187274 213000.0 213000
1748142187673 213500.0 213500
1748142188066 214000.0 214000
1748142188458 214500.0 214500
1748142188861 215000.0 215000
1748142189254 215500.0 215500
1748142189646 216000.0 216000
1748142190039 216500.0 216500
1748142190431 217000.0 217000
1748142190820 217500.0 217500
1748142191214 218000.0 218000
1748142191607 218500.0 218500
1748142192001 219000.0 219000
1748142192390 219500.0 219500
1748142192794 220000.0 220000
1748142193190 220500.0 220500
1748142193584 221000.0 221000
1748142193977 221500.0 221500
1748142194370 222000.0 222000
1748142194762 222500.0 222500
1748142195154 223000.0 223000
1748142195543 223500.0 223500
1748142195935 224000.0 224000
1748142196337 224500.0 224500
1748142196731 225000.0 225000
1748142197125 225500.0 225500
1748142197520 226000.0 226000
1748142197913 226500.0 226500
1748142198309 227000.0 227000
1748142198705 227500.0 227500
1748142199100 228000.0 228000
1748142199495 228500.0 228500
1748142199887 229000.0 229000
1748142200279 229500.0 229500
1748142200671 230000.0 230000
1748142201064 230500.0 230500
1748142201460 231000.0 231000
1748142201855 231500.0 231500
1748142202247 232000.0 232000
1748142202639 232500.0 232500
1748142203038 233000.0 233000
1748142203431 233500.0 233500
1748142203823 234000.0 234000
1748142204219 234500.0 234500
1748142204616 235000.0 235000
1748142205009 235500.0 235500
1748142205405 236000.0 236000
1748142205842 236500.0 236500
1748142206237 237000.0 237000
1748142206650 237500.0 237500
1748142207045 238000.0 238000
1748142207441 238500.0 238500
1748142207835 239000.0 239000
1748142208292 239500.0 239500
1748142208686 240000.0 240000
1748142209078 240500.0 240500
1748142209469 241000.0 241000
1748142209865 241500.0 241500
1748142210259 242000.0 242000
1748142210650 242500.0 242500
1748142211042 243000.0 243000
1748142211436 243500.0 243500
1748142211829 244000.0 244000
1748142212225 244500.0 244500
1748142212617 245000.0 245000
1748142213011 245500.0 245500
1748142213403 246000.0 246000
1748142213795 246500.0 246500
1748142214189 247000.0 247000
1748142214583 247500.0 247500
1748142214978 248000.0 248000
1748142215369 248500.0 248500
1748142215761 249000.0 249000
1748142216153 249500.0 249500
1748142216546 250000.0 250000
1748142216937 250500.0 250500
1748142217333 251000.0 251000
1748142217727 251500.0 251500
1748142218119 252000.0 252000
1748142218511 252500.0 252500
1748142218902 253000.0 253000
1748142219295 253500.0 253500
1748142219687 254000.0 254000
1748142220076 254500.0 254500
1748142220470 255000.0 255000
1748142220862 255500.0 255500
1748142221259 256000.0 256000
1748142221653 256500.0 256500
1748142222048 257000.0 257000
1748142222438 257500.0 257500
1748142222830 258000.0 258000
1748142223229 258500.0 258500
1748142223623 259000.0 259000
1748142224051 259500.0 259500
1748142224495 260000.0 260000
1748142224908 260500.0 260500
1748142225310 261000.0 261000
1748142225706 261500.0 261500
1748142226101 262000.0 262000
1748142226499 262500.0 262500
1748142226897 263000.0 263000
1748142227292 263500.0 263500
1748142227863 264000.0 264000
1748142228264 264500.0 264500
1748142228660 265000.0 265000
1748142229068 265500.0 265500
1748142229471 266000.0 266000
1748142229904 266500.0 266500
1748142230312 267000.0 267000
1748142230715 267500.0 267500
1748142231118 268000.0 268000
1748142231520 268500.0 268500
1748142231926 269000.0 269000
1748142232327 269500.0 269500
1748142232732 270000.0 270000
1748142233133 270500.0 270500
1748142233533 271000.0 271000
1748142233930 271500.0 271500
1748142234324 272000.0 272000
1748142234727 272500.0 272500
1748142235128 273000.0 273000
1748142235532 273500.0 273500
1748142235933 274000.0 274000
1748142236336 274500.0 274500
1748142236736 275000.0 275000
1748142237137 275500.0 275500
1748142237540 276000.0 276000
1748142237941 276500.0 276500
1748142238352 277000.0 277000
1748142238752 277500.0 277500
1748142239189 278000.0 278000
1748142239591 278500.0 278500
1748142239986 279000.0 279000
1748142240394 279500.0 279500
1748142240792 280000.0 280000
1748142241198 280500.0 280500
1748142241597 281000.0 281000
1748142241994 281500.0 281500
1748142242399 282000.0 282000
1748142242806 282500.0 282500
1748142243208 283000.0 283000
1748142243637 283500.0 283500
1748142244044 284000.0 284000
1748142244497 284500.0 284500
1748142244901 285000.0 285000
1748142245301 285500.0 285500
1748142245703 286000.0 286000
1748142246105 286500.0 286500
1748142246511 287000.0 287000
1748142246915 287500.0 287500
1748142247323 288000.0 288000
1748142247724 288500.0 288500
1748142248132 289000.0 289000
1748142248553 289500.0 289500
1748142248968 290000.0 290000
1748142249379 290500.0 290500
1748142249825 291000.0 291000
1748142250336 291500.0 291500
1748142250749 292000.0 292000
1748142251154 292500.0 292500
1748142251553 293000.0 293000
1748142251952 293500.0 293500
1748142252348 294000.0 294000
1748142252748 294500.0 294500
1748142253141 295000.0 295000
1748142253535 295500.0 295500
1748142253929 296000.0 296000
1748142254322 296500.0 296500
1748142254715 297000.0 297000
1748142255112 297500.0 297500
1748142255510 298000.0 298000
1748142255903 298500.0 298500
1748142256302 299000.0 299000
1748142256701 299500.0 299500
1748142257092 300000.0 300000
1748142257486 300500.0 300500
1748142257890 301000.0 301000
1748142258282 301500.0 301500
1748142258677 302000.0 302000
1748142259067 302500.0 302500
1748142259461 303000.0 303000
1748142259867 303500.0 303500
1748142260276 304000.0 304000
1748142260745 304500.0 304500
1748142261171 305000.0 305000
1748142261581 305500.0 305500
1748142261994 306000.0 306000
1748142262412 306500.0 306500
1748142262815 307000.0 307000
1748142263209 307500.0 307500
1748142263691 308000.0 308000
1748142264134 308500.0 308500
1748142264560 309000.0 309000
1748142264973 309500.0 309500
1748142265369 310000.0 310000
1748142265800 310500.0 310500
1748142266197 311000.0 311000
1748142266619 311500.0 311500
1748142267031 312000.0 312000
1748142267430 312500.0 312500
1748142267829 313000.0 313000
1748142268229 313500.0 313500
1748142268631 314000.0 314000
1748142269040 314500.0 314500
1748142269448 315000.0 315000
1748142269863 315500.0 315500
1748142270285 316000.0 316000
1748142270708 316500.0 316500
1748142271116 317000.0 317000
1748142271549 317500.0 317500
1748142271962 318000.0 318000
1748142272365 318500.0 318500
1748142272779 319000.0 319000
1748142273173 319500.0 319500
1748142273581 320000.0 320000
1748142273977 320500.0 320500
1748142274438 321000.0 321000
1748142274848 321500.0 321500
1748142275250 322000.0 322000
1748142275654 322500.0 322500
1748142276049 323000.0 323000
1748142276449 323500.0 323500
1748142276850 324000.0 324000
1748142277274 324500.0 324500
1748142277669 325000.0 325000
1748142278066 325500.0 325500
1748142278483 326000.0 326000
1748142278885 326500.0 326500
1748142279277 327000.0 327000
1748142279671 327500.0 327500
1748142280064 328000.0 328000
1748142280462 328500.0 328500
1748142280856 329000.0 329000
1748142281251 329500.0 329500
1748142281647 330000.0 330000
1748142282044 330500.0 330500
1748142282441 331000.0 331000
1748142282834 331500.0 331500
1748142283229 332000.0 332000
1748142283621 332500.0 332500
1748142284012 333000.0 333000
1748142284406 333500.0 333500
1748142284798 334000.0 334000
1748142285191 334500.0 334500
1748142285589 335000.0 335000
1748142285982 335500.0 335500
1748142286380 336000.0 336000
1748142286775 336500.0 336500
1748142287167 337000.0 337000
1748142287565 337500.0 337500
1748142287959 338000.0 338000
1748142288354 338500.0 338500
1748142288753 339000.0 339000
1748142289144 339500.0 339500
1748142289537 340000.0 340000
1748142289931 340500.0 340500
1748142290325 341000.0 341000
1748142290717 341500.0 341500
1748142291111 342000.0 342000
1748142291506 342500.0 342500
1748142291899 343000.0 343000
1748142292296 343500.0 343500
1748142292688 344000.0 344000
1748142293081 344500.0 344500
1748142293478 345000.0 345000
1748142293869 345500.0 345500
1748142294260 346000.0 346000
1748142294655 346500.0 346500
1748142295056 347000.0 347000
1748142295452 347500.0 347500
1748142295848 348000.0 348000
1748142296238 348500.0 348500
1748142296636 349000.0 349000
1748142297032 349500.0 349500
1748142297428 350000.0 350000
1748142297818 350500.0 350500
1748142298240 351000.0 351000
1748142298630 351500.0 351500
1748142299026 352000.0 352000
1748142299420 352500.0 352500
1748142299824 353000.0 353000
1748142300248 353500.0 353500
1748142300652 354000.0 354000
1748142301047 354500.0 354500
1748142301445 355000.0 355000
1748142301839 355500.0 355500
1748142302233 356000.0 356000
1748142302627 356500.0 356500
1748142303020 357000.0 357000
1748142303415 357500.0 357500
1748142303813 358000.0 358000
1748142304209 358500.0 358500
1748142304624 359000.0 359000
1748142305019 359500.0 359500
1748142305414 360000.0 360000
1748142305808 360500.0 360500
1748142306205 361000.0 361000
1748142306599 361500.0 361500
1748142307025 362000.0 362000
1748142307420 362500.0 362500
1748142307813 363000.0 363000
1748142308206 363500.0 363500
1748142308598 364000.0 364000
1748142308990 364500.0 364500
1748142309387 365000.0 365000
1748142309789 365500.0 365500
1748142310180 366000.0 366000
1748142310572 366500.0 366500
1748142310967 367000.0 367000
1748142311361 367500.0 367500
1748142311754 368000.0 368000
1748142312146 368500.0 368500
1748142312538 369000.0 369000
1748142312931 369500.0 369500
1748142313329 370000.0 370000
1748142313726 370500.0 370500
1748142314120 371000.0 371000
1748142314511 371500.0 371500
1748142314905 372000.0 372000
1748142315297 372500.0 372500
1748142315689 373000.0 373000
1748142316083 373500.0 373500
1748142316483 374000.0 374000
1748142316875 374500.0 374500
1748142317267 375000.0 375000
1748142317663 375500.0 375500
1748142318058 376000.0 376000
1748142318450 376500.0 376500
1748142318843 377000.0 377000
1748142319231 377500.0 377500
1748142319622 378000.0 378000
1748142320015 378500.0 378500
1748142320410 379000.0 379000
1748142320804 379500.0 379500
1748142321203 380000.0 380000
1748142321600 380500.0 380500
1748142321992 381000.0 381000
1748142322387 381500.0 381500
1748142322782 382000.0 382000
1748142323188 382500.0 382500
1748142323593 383000.0 383000
1748142324093 383500.0 383500
1748142324524 384000.0 384000
1748142324987 384500.0 384500
1748142325505 385000.0 385000
1748142325947 385500.0 385500
1748142326358 386000.0 386000
1748142326762 386500.0 386500
1748142327206 387000.0 387000
1748142327601 387500.0 387500
1748142327996 388000.0 388000
1748142328398 388500.0 388500
1748142328820 389000.0 389000
1748142329315 389500.0 389500
1748142329735 390000.0 390000
1748142330148 390500.0 390500
1748142330552 391000.0 391000
1748142330950 391500.0 391500
1748142331348 392000.0 392000
1748142331761 392500.0 392500
1748142332168 393000.0 393000
1748142332566 393500.0 393500
1748142332970 394000.0 394000
1748142333380 394500.0 394500
1748142333793 395000.0 395000
1748142334192 395500.0 395500
1748142334589 396000.0 396000
1748142334982 396500.0 396500
1748142335391 397000.0 397000
1748142335807 397500.0 397500
1748142336219 398000.0 398000
1748142336618 398500.0 398500
1748142337024 399000.0 399000
1748142337485 399500.0 399500
1748142337885 400000.0 400000
1748142338327 400500.0 400500
1748142338726 401000.0 401000
1748142339121 401500.0 401500
1748142339512 402000.0 402000
1748142339907 402500.0 402500
1748142340311 403000.0 403000
1748142340728 403500.0 403500
1748142341162 404000.0 404000
1748142341653 404500.0 404500
1748142342061 405000.0 405000
1748142342453 405500.0 405500
1748142342850 406000.0 406000
1748142343248 406500.0 406500
1748142343644 407000.0 407000
1748142344035 407500.0 407500
1748142344458 408000.0 408000
1748142344875 408500.0 408500
1748142345271 409000.0 409000
1748142345688 409500.0 409500
1748142346088 410000.0 410000
1748142346505 410500.0 410500
1748142346916 411000.0 411000
1748142347400 411500.0 411500
1748142347874 412000.0 412000
1748142348343 412500.0 412500
1748142348771 413000.0 413000
1748142349241 413500.0 413500
1748142349658 414000.0 414000
1748142350066 414500.0 414500
1748142350491 415000.0 415000
1748142350924 415500.0 415500
1748142351359 416000.0 416000
1748142351756 416500.0 416500
1748142352250 417000.0 417000
1748142352646 417500.0 417500
1748142353067 418000.0 418000
1748142353462 418500.0 418500
1748142353866 419000.0 419000
1748142354260 419500.0 419500
1748142354660 420000.0 420000
1748142355139 420500.0 420500
1748142355537 421000.0 421000
1748142355940 421500.0 421500
1748142356337 422000.0 422000
1748142356733 422500.0 422500
1748142357138 423000.0 423000
1748142357535 423500.0 423500
1748142357931 424000.0 424000
1748142358326 424500.0 424500
1748142358726 425000.0 425000
1748142359121 425500.0 425500
1748142359530 426000.0 426000
1748142359992 426500.0 426500
1748142360457 427000.0 427000
1748142360875 427500.0 427500
1748142361278 428000.0 428000
1748142361697 428500.0 428500
1748142362104 429000.0 429000
1748142362499 429500.0 429500
1748142362888 430000.0 430000
1748142363330 430500.0 430500
1748142363724 431000.0 431000
1748142364119 431500.0 431500
1748142364537 432000.0 432000
1748142364952 432500.0 432500
1748142365377 433000.0 433000
1748142365816 433500.0 433500
1748142366225 434000.0 434000
1748142366622 434500.0 434500
1748142367084 435000.0 435000
1748142367499 435500.0 435500
1748142367904 436000.0 436000
1748142368308 436500.0 436500
1748142368727 437000.0 437000
1748142369170 437500.0 437500
1748142369587 438000.0 438000
1748142370021 438500.0 438500
1748142370427 439000.0 439000
1748142370833 439500.0 439500
1748142371264 440000.0 440000
1748142371680 440500.0 440500
1748142372085 441000.0 441000
1748142372489 441500.0 441500
1748142372891 442000.0 442000
1748142373459 442500.0 442500
1748142373905 443000.0 443000
1748142374342 443500.0 443500
1748142374747 444000.0 444000
1748142375155 444500.0 444500
1748142375550 445000.0 445000
1748142375949 445500.0 445500
1748142376349 446000.0 446000
1748142376754 446500.0 446500
1748142377154 447000.0 447000
1748142377553 447500.0 447500
1748142377947 448000.0 448000
1748142378347 448500.0 448500
1748142378744 449000.0 449000
1748142379136 449500.0 449500
1748142379533 450000.0 450000
1748142379949 450500.0 450500
1748142380342 451000.0 451000
1748142380733 451500.0 451500
1748142381135 452000.0 452000
1748142381533 452500.0 452500
1748142381934 453000.0 453000
1748142382341 453500.0 453500
1748142382738 454000.0 454000
1748142383160 454500.0 454500
1748142383563 455000.0 455000
1748142383961 455500.0 455500
1748142384360 456000.0 456000
1748142384762 456500.0 456500
1748142385157 457000.0 457000
1748142385570 457500.0 457500
1748142385971 458000.0 458000
1748142386397 458500.0 458500
1748142386793 459000.0 459000
1748142387191 459500.0 459500
1748142387586 460000.0 460000
1748142387981 460500.0 460500
1748142388381 461000.0 461000
1748142388780 461500.0 461500
1748142389176 462000.0 462000
1748142389577 462500.0 462500
1748142389977 463000.0 463000
1748142390371 463500.0 463500
1748142390768 464000.0 464000
1748142391165 464500.0 464500
1748142391564 465000.0 465000
1748142391973 465500.0 465500
1748142392388 466000.0 466000
1748142392786 466500.0 466500
1748142393193 467000.0 467000
1748142393594 467500.0 467500
1748142393993 468000.0 468000
1748142394394 468500.0 468500
1748142394794 469000.0 469000
1748142395193 469500.0 469500
1748142395596 470000.0 470000
1748142396032 470500.0 470500
1748142396450 471000.0 471000
1748142396861 471500.0 471500
1748142397258 472000.0 472000
1748142397661 472500.0 472500
1748142398056 473000.0 473000
1748142398450 473500.0 473500
1748142398850 474000.0 474000
1748142399250 474500.0 474500
1748142399653 475000.0 475000
1748142400076 475500.0 475500
1748142400487 476000.0 476000
1748142400902 476500.0 476500
1748142401336 477000.0 477000
1748142401761 477500.0 477500
1748142402184 478000.0 478000
1748142402600 478500.0 478500
1748142403013 479000.0 479000
1748142403465 479500.0 479500
1748142403890 480000.0 480000
1748142404315 480500.0 480500
1748142404745 481000.0 481000
1748142405165 481500.0 481500
1748142405582 482000.0 482000
1748142405996 482500.0 482500
1748142406415 483000.0 483000
1748142406849 483500.0 483500
1748142407312 484000.0 484000
1748142407741 484500.0 484500
1748142408165 485000.0 485000
1748142408584 485500.0 485500
1748142409008 486000.0 486000
1748142409433 486500.0 486500
1748142409855 487000.0 487000
1748142410275 487500.0 487500
1748142410690 488000.0 488000
1748142411106 488500.0 488500
1748142411523 489000.0 489000
1748142411946 489500.0 489500
1748142412354 490000.0 490000
1748142412758 490500.0 490500
1748142413167 491000.0 491000
1748142413571 491500.0 491500
1748142413999 492000.0 492000
1748142414402 492500.0 492500
1748142414805 493000.0 493000
1748142415208 493500.0 493500
1748142415613 494000.0 494000
1748142416013 494500.0 494500
1748142416409 495000.0 495000
1748142416813 495500.0 495500
1748142417216 496000.0 496000
1748142417614 496500.0 496500
1748142418010 497000.0 497000
1748142418415 497500.0 497500
1748142418831 498000.0 498000
1748142419256 498500.0 498500
1748142419680 499000.0 499000
1748142420134 499500.0 499500
1748142420530 500000.0 500000
1748142420925 500500.0 500500
1748142421326 501000.0 501000
1748142421732 501500.0 501500
1748142422133 502000.0 502000
1748142422543 502500.0 502500
1748142422942 503000.0 503000
1748142423391 503500.0 503500
1748142423815 504000.0 504000
1748142424247 504500.0 504500
1748142424673 505000.0 505000
1748142425084 505500.0 505500
1748142425478 506000.0 506000
1748142425871 506500.0 506500
1748142426273 507000.0 507000
1748142426669 507500.0 507500
1748142427061 508000.0 508000
1748142427459 508500.0 508500
1748142427881 509000.0 509000
1748142428300 509500.0 509500
1748142428728 510000.0 510000
1748142429145 510500.0 510500
1748142429564 511000.0 511000
1748142429980 511500.0 511500
1748142430399 512000.0 512000
1748142430818 512500.0 512500
1748142431234 513000.0 513000
1748142431659 513500.0 513500
1748142432089 514000.0 514000
1748142432511 514500.0 514500
1748142432929 515000.0 515000
1748142433346 515500.0 515500
1748142433760 516000.0 516000
1748142434173 516500.0 516500
1748142434589 517000.0 517000
1748142435004 517500.0 517500
1748142435423 518000.0 518000
1748142435853 518500.0 518500
1748142436284 519000.0 519000
1748142436709 519500.0 519500
1748142437132 520000.0 520000
1748142437557 520500.0 520500
1748142437982 521000.0 521000
1748142438393 521500.0 521500
1748142438797 522000.0 522000
1748142439207 522500.0 522500
1748142439599 523000.0 523000
1748142440002 523500.0 523500
1748142440426 524000.0 524000
1748142440868 524500.0 524500
1748142441275 525000.0 525000
1748142441673 525500.0 525500
1748142442077 526000.0 526000
1748142442488 526500.0 526500
1748142442884 527000.0 527000
1748142443299 527500.0 527500
1748142443705 528000.0 528000
1748142444122 528500.0 528500
1748142444523 529000.0 529000
1748142444944 529500.0 529500
1748142445347 530000.0 530000
1748142445755 530500.0 530500
1748142446203 531000.0 531000
1748142446606 531500.0 531500
1748142447017 532000.0 532000
1748142447422 532500.0 532500
1748142447819 533000.0 533000
1748142448324 533500.0 533500
1748142448771 534000.0 534000
1748142449327 534500.0 534500
1748142449858 535000.0 535000
1748142450288 535500.0 535500
1748142450725 536000.0 536000
1748142451193 536500.0 536500
1748142451601 537000.0 537000
1748142452028 537500.0 537500
1748142452473 538000.0 538000
1748142452891 538500.0 538500
1748142453309 539000.0 539000
1748142453732 539500.0 539500
1748142454165 540000.0 540000
1748142454583 540500.0 540500
1748142454985 541000.0 541000
1748142455406 541500.0 541500
1748142455819 542000.0 542000
1748142456233 542500.0 542500
1748142456659 543000.0 543000
1748142457099 543500.0 543500
1748142457521 544000.0 544000
1748142457950 544500.0 544500
1748142458359 545000.0 545000
1748142458769 545500.0 545500
1748142459188 546000.0 546000
1748142459593 546500.0 546500
1748142460048 547000.0 547000
