1748142013226 10005.62 500
1748142013622 10008.78 1000
1748142014025 10021.69 1500
1748142014443 10035.88 2000
1748142014841 10007.83 2500
1748142015327 10010.04 3000
1748142015732 9978.47 3500
1748142016145 9967.34 4000
1748142016543 9978.65 4500
1748142016940 9995.6 5000
1748142017362 9981.01 5500
1748142017770 9997.4 6000
1748142018192 9973.87 6500
1748142018604 10025.36 7000
1748142019026 9976.71 7500
1748142019443 10021.12 8000
1748142019850 10009.39 8500
1748142020272 10025.23 9000
1748142020753 9988.41 9500
1748142021203 10004.51 10000
1748142021602 9992.98 10500
1748142021997 9992.52 11000
1748142022399 10016.78 11500
1748142022794 10012.48 12000
1748142023192 9970.27 12500
1748142023588 9994.08 13000
1748142023983 9975.12 13500
1748142024384 9990.23 14000
1748142024847 10009.8 14500
1748142025264 10030.62 15000
1748142025706 10018.64 15500
1748142026189 9997.95 16000
1748142026587 10031.7 16500
1748142027000 10020.79 17000
1748142027404 10022.52 17500
1748142027795 10016.03 18000
1748142028274 9967.6 18500
1748142028681 9973.23 19000
1748142029147 9977.37 19500
1748142029559 9997.06 20000
1748142029970 9961.28 20500
1748142030364 9988.18 21000
1748142030752 9967.46 21500
1748142031150 9985.92 22000
1748142031546 10013.95 22500
1748142031936 9982.05 23000
1748142032330 10011.16 23500
1748142032722 10005.22 24000
1748142033201 9978.73 24500
1748142033626 10010.91 25000
1748142034046 10026.95 25500
1748142034449 9994.49 26000
1748142034853 9991.7 26500
1748142035270 9970.69 27000
1748142035687 10020.3 27500
1748142036096 9988.95 28000
1748142036496 9972.0 28500
1748142036891 9986.29 29000
1748142037281 10009.21 29500
1748142037677 10017.57 30000
1748142038070 9979.31 30500
1748142038461 9987.35 31000
1748142038853 9990.99 31500
1748142039245 9978.94 32000
1748142039642 9965.22 32500
1748142040035 10016.67 33000
1748142040429 10020.55 33500
1748142040817 10006.68 34000
1748142041210 9979.89 34500
1748142041601 9977.9 35000
1748142041992 10025.69 35500
1748142042443 9972.34 36000
1748142042835 10018.13 36500
1748142043280 9974.41 37000
1748142043670 9981.35 37500
1748142044057 9992.1 38000
1748142044453 10012.61 38500
1748142044843 9974.4 39000
1748142045237 9994.32 39500
1748142045630 9966.66 40000
1748142046026 9985.54 40500
1748142046423 9983.56 41000
1748142046816 10017.18 41500
1748142047208 10016.44 42000
1748142047603 10034.2 42500
1748142047995 10008.88 43000
1748142048419 9968.69 43500
1748142048827 10010.34 44000
1748142049238 9992.43 44500
1748142049635 10015.68 45000
1748142050027 9964.1 45500
1748142050417 10013.51 46000
1748142050820 9988.4 46500
1748142051235 9982.35 47000
1748142051651 9970.88 47500
1748142052049 9999.05 48000
1748142052444 10021.94 48500
1748142052847 10026.24 49000
1748142053241 9992.98 49500
1748142053632 9989.57 50000
1748142054022 10011.17 50500
1748142054411 10000.0 51000
1748142054849 9979.07 51500
1748142055255 10006.63 52000
1748142055655 10033.28 52500
1748142056049 9969.62 53000
1748142056457 10017.71 53500
1748142056873 9986.89 54000
1748142057270 9996.3 54500
1748142057689 9963.37 55000
1748142058113 9971.33 55500
1748142058543 9972.59 56000
1748142058971 9979.24 56500
1748142059453 9972.34 57000
1748142059894 10013.74 57500
1748142060391 10016.94 58000
1748142060816 9965.46 58500
1748142061233 10009.44 59000
1748142061699 10007.01 59500
1748142062119 9973.19 60000
1748142062535 9988.82 60500
1748142062957 10023.31 61000
1748142063401 10000.88 61500
1748142063817 10022.08 62000
1748142064238 9974.61 62500
1748142064656 10019.55 63000
1748142065072 9995.7 63500
1748142065483 9975.21 64000
1748142065892 9977.06 64500
1748142066310 9965.85 65000
1748142066733 9991.86 65500
1748142067145 9983.47 66000
1748142067566 10024.33 66500
1748142067986 10015.42 67000
1748142068403 10008.05 67500
1748142068826 10023.41 68000
1748142069246 10025.13 68500
1748142069650 10000.0 69000
1748142070115 9994.82 69500
1748142070541 9981.66 70000
1748142070964 10005.43 70500
1748142071357 9966.94 71000
1748142071761 9991.2 71500
1748142072152 9987.58 72000
1748142072556 9969.38 72500
1748142072961 10035.9 73000
1748142073371 10027.71 73500
1748142073786 9980.71 74000
1748142074180 10005.6 74500
1748142074603 10025.01 75000
1748142074997 9973.79 75500
1748142075392 10008.4 76000
1748142075811 10008.92 76500
1748142076281 10022.23 77000
1748142076682 10017.39 77500
1748142077075 9976.71 78000
1748142077469 9982.52 78500
1748142077866 10014.83 79000
1748142078258 10013.71 79500
1748142078649 10016.11 80000
1748142079044 10037.68 80500
1748142079438 10012.38 81000
1748142079832 9976.89 81500
1748142080229 10008.9 82000
1748142080631 9988.12 82500
1748142081048 9985.74 83000
1748142081444 9968.06 83500
1748142081836 9972.15 84000
1748142082230 9982.13 84500
1748142082626 9962.18 85000
1748142083021 9976.97 85500
1748142083416 9981.67 86000
1748142083810 10013.27 86500
1748142084274 9978.65 87000
1748142084675 9984.82 87500
1748142085132 10010.02 88000
1748142085526 9965.42 88500
1748142085962 9979.83 89000
1748142086358 9997.37 89500
1748142086754 9989.33 90000
1748142087167 10027.45 90500
1748142087583 9986.7 91000
1748142087996 10002.37 91500
1748142088392 10015.01 92000
1748142088786 10007.65 92500
1748142089181 10017.67 93000
1748142089577 10011.33 93500
1748142089973 9976.17 94000
1748142090370 10018.15 94500
1748142090773 9995.86 95000
1748142091192 9988.41 95500
1748142091589 9997.63 96000
1748142091993 9984.33 96500
1748142092386 10011.17 97000
1748142092779 9991.65 97500
1748142093170 9988.46 98000
1748142093559 10013.97 98500
1748142093952 10027.05 99000
1748142094344 10012.77 99500
1748142094737 9964.92 100000
1748142095127 10008.32 100500
1748142095517 9989.97 101000
1748142095911 9968.43 101500
1748142096305 10007.41 102000
1748142096699 9975.75 102500
1748142097110 10021.42 103000
1748142097510 9979.44 103500
1748142097912 9973.47 104000
1748142098321 10018.68 104500
1748142098739 10016.93 105000
1748142099201 9988.24 105500
1748142099621 10010.36 106000
1748142100014 9988.93 106500
1748142100412 9980.55 107000
1748142100821 9980.12 107500
1748142101246 9972.73 108000
1748142101651 10005.08 108500
1748142102052 9976.04 109000
1748142102465 9984.21 109500
1748142102886 10026.16 110000
1748142103281 9972.12 110500
1748142103698 9968.97 111000
1748142104104 10015.93 111500
1748142104525 9989.01 112000
1748142104931 10009.27 112500
1748142105339 10007.68 113000
1748142105785 9978.15 113500
1748142106198 10030.34 114000
1748142106620 9989.1 114500
1748142107059 10027.94 115000
1748142107484 10007.35 115500
1748142107912 10015.81 116000
1748142108440 9973.24 116500
1748142108864 9966.7 117000
1748142109269 9998.47 117500
1748142109671 10010.99 118000
1748142110079 9996.91 118500
1748142110471 10021.94 119000
1748142110861 10018.3 119500
1748142111346 9967.61 120000
1748142111750 10001.11 120500
1748142112141 9991.14 121000
1748142112541 9991.33 121500
1748142112936 9982.89 122000
1748142113336 9976.81 122500
1748142113730 10017.83 123000
1748142114127 10017.58 123500
1748142114521 9988.62 124000
1748142114924 9994.31 124500
1748142115320 9986.26 125000
1748142115717 9979.78 125500
1748142116139 9971.06 126000
1748142116549 9966.31 126500
1748142116956 9998.89 127000
1748142117382 9972.55 127500
1748142117847 10006.6 128000
1748142118330 9994.75 128500
1748142118748 10006.53 129000
1748142119152 9970.17 129500
1748142119553 9976.14 130000
1748142119946 10017.07 130500
1748142120336 9978.25 131000
1748142120729 10001.98 131500
1748142121122 9975.33 132000
1748142121520 10026.53 132500
1748142121925 9990.26 133000
1748142122335 10001.21 133500
1748142122733 10038.74 134000
1748142123132 10000.25 134500
1748142123564 10027.05 135000
1748142123984 10033.25 135500
1748142124423 9974.27 136000
1748142124875 10023.99 136500
1748142125292 9986.61 137000
1748142125690 9980.02 137500
1748142126099 9986.34 138000
1748142126504 10002.19 138500
1748142126907 10027.24 139000
1748142127322 9973.56 139500
1748142127739 9998.34 140000
1748142128199 10000.0 140500
1748142128616 9998.71 141000
1748142129013 9972.23 141500
1748142129414 10032.06 142000
1748142129808 10024.3 142500
1748142130210 10015.11 143000
1748142130603 10005.91 143500
1748142130993 10010.69 144000
1748142131386 9996.52 144500
1748142131780 10003.52 145000
1748142132176 9988.83 145500
1748142132579 10026.45 146000
1748142132972 10007.44 146500
1748142133365 10000.0 147000
1748142133754 10002.21 147500
1748142134145 9985.69 148000
1748142134537 9967.93 148500
1748142134929 9992.39 149000
1748142135324 9975.58 149500
1748142135715 9990.02 150000
1748142136109 10029.95 150500
1748142136502 9969.04 151000
1748142136894 9986.85 151500
1748142137284 9997.11 152000
1748142137674 9967.72 152500
1748142138067 10014.86 153000
1748142138460 10031.4 153500
1748142138852 9971.26 154000
1748142139246 10016.67 154500
1748142139634 9965.72 155000
1748142140028 9987.54 155500
1748142140418 9966.49 156000
1748142140881 10010.93 156500
1748142141283 10003.08 157000
1748142141737 10023.34 157500
1748142142132 10008.93 158000
1748142142526 10004.72 158500
1748142142921 9999.68 159000
1748142143316 10022.92 159500
1748142143709 9981.23 160000
1748142144102 9983.89 160500
1748142144493 10012.67 161000
1748142144881 10028.34 161500
1748142145274 9996.26 162000
1748142145699 10016.97 162500
1748142146095 10002.33 163000
1748142146488 9992.87 163500
1748142146884 10018.45 164000
1748142147278 9983.48 164500
1748142147673 10004.43 165000
1748142148064 9973.95 165500
1748142148458 9994.55 166000
1748142148849 10013.71 166500
1748142149242 10026.11 167000
1748142149639 10029.62 167500
1748142150033 9996.75 168000
1748142150423 9972.32 168500
1748142150814 9970.22 169000
1748142151218 9961.57 169500
1748142151632 9977.36 170000
1748142152042 10005.26 170500
1748142152460 9962.39 171000
1748142152865 10007.47 171500
1748142153271 9968.68 172000
1748142153688 9984.29 172500
1748142154088 9993.83 173000
1748142154486 9962.89 173500
1748142154878 9973.63 174000
1748142155273 9990.09 174500
1748142155668 9975.57 175000
1748142156141 9982.22 175500
1748142156550 10008.91 176000
1748142156955 10025.28 176500
1748142157465 10004.72 177000
1748142157870 10026.47 177500
1748142158267 9967.51 178000
1748142158660 9966.29 178500
1748142159061 9997.69 179000
1748142159482 9966.38 179500
1748142159888 9969.56 180000
1748142160291 9978.36 180500
1748142160747 9977.82 181000
1748142161316 10009.81 181500
1748142161757 10006.91 182000
1748142162266 9969.58 182500
1748142162681 10029.62 183000
1748142163101 9990.34 183500
1748142163524 9989.51 184000
1748142163933 10011.7 184500
1748142164354 9989.79 185000
1748142164774 9981.48 185500
1748142165282 9980.06 186000
1748142165767 9978.15 186500
1748142166188 9985.85 187000
1748142166589 9983.73 187500
1748142166984 10018.58 188000
1748142167390 10000.42 188500
1748142167784 9977.11 189000
1748142168179 9999.04 189500
1748142168570 10025.3 190000
1748142168963 9992.12 190500
1748142169361 9995.01 191000
1748142169827 10023.67 191500
1748142170249 9995.59 192000
1748142170686 10015.95 192500
1748142171165 9978.45 193000
1748142171585 10022.63 193500
1748142172001 9964.47 194000
1748142172411 10023.73 194500
1748142172825 10011.4 195000
1748142173236 9964.07 195500
1748142173640 10024.15 196000
1748142174035 9967.43 196500
1748142174433 9966.09 197000
1748142174838 10018.31 197500
1748142175243 9974.56 198000
1748142175653 9964.38 198500
1748142176059 10015.72 199000
1748142176452 9972.17 199500
1748142176851 10024.46 200000
1748142177243 9973.58 200500
1748142177636 10002.74 201000
1748142178032 10012.79 201500
1748142178425 10021.08 202000
1748142178869 9975.35 202500
1748142179318 9970.41 203000
1748142179768 9969.16 203500
1748142180170 9986.54 204000
1748142180562 9999.69 204500
1748142180958 9994.39 205000
1748142181350 9964.35 205500
1748142181744 10010.46 206000
1748142182142 10012.04 206500
1748142182533 9987.04 207000
1748142182926 9971.1 207500
1748142183318 9969.42 208000
1748142183719 9983.46 208500
1748142184117 9980.38 209000
1748142184521 10016.18 209500
1748142184914 9969.6 210000
1748142185306 10018.25 210500
1748142185694 9996.98 211000
1748142186086 10006.89 211500
1748142186480 10031.02 212000
1748142186870 10013.46 212500
1748142187274 9995.44 213000
1748142187673 10024.21 213500
1748142188067 9991.64 214000
1748142188459 9984.05 214500
1748142188862 9960.9 215000
1748142189255 10013.43 215500
1748142189646 9990.89 216000
1748142190040 10002.06 216500
1748142190431 10026.57 217000
1748142190820 9985.56 217500
1748142191214 9972.15 218000
1748142191608 10023.4 218500
1748142192001 9980.4 219000
1748142192391 9981.12 219500
1748142192795 9981.34 220000
1748142193191 10018.13 220500
1748142193584 10003.8 221000
1748142193978 10024.46 221500
1748142194371 9979.92 222000
1748142194762 10028.42 222500
1748142195155 10032.4 223000
1748142195543 10000.11 223500
1748142195935 10013.49 224000
1748142196338 10010.5 224500
1748142196731 10021.29 225000
1748142197126 10020.02 225500
1748142197521 10017.74 226000
1748142197914 10013.06 226500
1748142198309 9988.7 227000
1748142198705 10036.09 227500
1748142199100 10036.77 228000
1748142199496 9982.41 228500
1748142199888 10000.05 229000
1748142200279 10014.0 229500
1748142200671 10027.14 230000
1748142201065 10022.89 230500
1748142201461 10024.72 231000
1748142201856 9978.35 231500
1748142202248 10006.2 232000
1748142202640 10023.58 232500
1748142203039 10005.57 233000
1748142203432 10020.06 233500
1748142203824 10015.05 234000
1748142204220 10029.4 234500
1748142204617 9981.56 235000
1748142205010 10028.38 235500
1748142205406 10008.57 236000
1748142205843 10025.59 236500
1748142206238 10010.57 237000
1748142206651 9987.94 237500
1748142207046 10015.73 238000
1748142207442 9978.47 238500
1748142207836 9994.24 239000
1748142208293 10002.47 239500
1748142208687 10032.36 240000
1748142209078 9988.72 240500
1748142209470 9992.06 241000
1748142209866 10005.42 241500
1748142210260 10003.89 242000
1748142210651 9997.52 242500
1748142211042 9997.53 243000
1748142211436 10003.48 243500
1748142211830 9994.97 244000
1748142212225 9968.9 244500
1748142212618 10001.81 245000
1748142213012 10000.56 245500
1748142213403 10031.96 246000
1748142213795 10000.39 246500
1748142214189 9977.53 247000
1748142214583 10038.48 247500
1748142214978 9985.06 248000
1748142215369 9989.94 248500
1748142215761 9982.33 249000
1748142216154 9985.53 249500
1748142216547 10020.47 250000
1748142216938 9978.87 250500
1748142217334 10017.22 251000
1748142217728 9980.09 251500
1748142218120 9969.61 252000
1748142218511 9976.61 252500
1748142218903 10023.8 253000
1748142219296 9994.76 253500
1748142219688 9971.75 254000
1748142220077 9969.35 254500
1748142220470 9990.5 255000
1748142220863 10012.17 255500
1748142221260 10013.31 256000
1748142221653 10000.11 256500
1748142222049 10009.16 257000
1748142222438 10017.0 257500
1748142222831 9986.17 258000
1748142223230 10007.9 258500
1748142223624 10028.52 259000
1748142224052 9997.71 259500
1748142224496 9979.62 260000
1748142224908 9963.46 260500
1748142225311 9994.66 261000
1748142225707 9980.34 261500
1748142226102 9996.4 262000
1748142226500 9972.42 262500
1748142226897 10004.46 263000
1748142227293 10023.24 263500
1748142227864 9974.38 264000
1748142228265 10032.45 264500
1748142228661 10026.6 265000
1748142229069 9964.26 265500
1748142229471 9998.02 266000
1748142229904 9968.15 266500
1748142230312 9985.97 267000
1748142230716 9986.72 267500
1748142231119 10016.58 268000
1748142231521 10016.96 268500
1748142231926 9971.04 269000
1748142232328 9968.17 269500
1748142232732 10038.34 270000
1748142233133 9976.59 270500
1748142233533 10027.67 271000
1748142233930 9987.14 271500
1748142234325 9979.62 272000
1748142234728 10014.53 272500
1748142235129 9987.22 273000
1748142235533 9982.3 273500
1748142235934 10000.7 274000
1748142236337 9972.87 274500
1748142236737 10009.22 275000
1748142237137 9990.36 275500
1748142237541 10011.46 276000
1748142237942 9986.97 276500
1748142238353 9975.41 277000
1748142238753 9985.0 277500
1748142239189 9992.2 278000
1748142239592 9979.71 278500
1748142239987 10022.38 279000
1748142240395 9985.56 279500
1748142240792 9975.37 280000
1748142241198 10028.75 280500
1748142241598 9997.77 281000
1748142241995 10028.37 281500
1748142242399 10017.87 282000
1748142242807 10023.76 282500
1748142243208 9981.83 283000
1748142243638 9971.59 283500
1748142244045 10025.5 284000
1748142244498 9999.21 284500
1748142244902 10026.38 285000
1748142245302 10012.24 285500
1748142245704 10003.22 286000
1748142246106 9980.85 286500
1748142246511 10021.32 287000
1748142246916 9985.88 287500
1748142247325 9982.46 288000
1748142247725 10027.36 288500
1748142248133 9966.84 289000
1748142248554 9992.9 289500
1748142248968 10017.19 290000
1748142249379 9989.4 290500
1748142249826 9966.05 291000
1748142250337 9963.95 291500
1748142250750 10004.71 292000
1748142251155 10020.02 292500
1748142251554 10011.29 293000
1748142251953 9978.37 293500
1748142252348 10035.05 294000
1748142252748 10022.64 294500
1748142253142 9977.12 295000
1748142253536 10016.86 295500
1748142253930 10003.87 296000
1748142254323 9982.64 296500
1748142254715 10001.87 297000
1748142255113 9967.21 297500
1748142255511 9964.98 298000
1748142255903 10010.45 298500
1748142256303 9985.28 299000
1748142256701 9995.25 299500
1748142257092 10033.23 300000
1748142257487 10014.33 300500
1748142257891 9966.12 301000
1748142258283 10036.69 301500
1748142258677 10026.7 302000
1748142259068 10009.16 302500
1748142259461 9981.95 303000
1748142259868 9975.52 303500
1748142260277 10002.78 304000
1748142260746 10005.47 304500
1748142261172 10001.67 305000
1748142261583 9992.39 305500
1748142261995 10002.31 306000
1748142262413 10020.71 306500
1748142262816 10007.08 307000
1748142263210 10016.41 307500
1748142263693 10012.72 308000
1748142264135 10018.02 308500
1748142264560 9976.9 309000
1748142264974 9973.89 309500
1748142265370 10018.36 310000
1748142265801 10031.49 310500
1748142266197 9996.1 311000
1748142266619 10005.58 311500
1748142267031 10013.92 312000
1748142267431 9971.71 312500
1748142267830 10004.58 313000
1748142268230 10026.94 313500
1748142268632 10010.63 314000
1748142269041 9966.92 314500
1748142269449 9971.31 315000
1748142269864 9972.63 315500
1748142270285 10032.21 316000
1748142270708 10022.17 316500
1748142271117 9967.37 317000
1748142271550 10017.78 317500
1748142271963 9976.01 318000
1748142272366 10010.62 318500
1748142272779 9980.86 319000
1748142273173 9976.6 319500
1748142273582 10014.99 320000
1748142273978 10005.5 320500
1748142274439 10029.82 321000
1748142274848 9965.2 321500
1748142275251 10022.93 322000
1748142275655 9981.27 322500
1748142276050 9978.71 323000
1748142276450 10031.58 323500
1748142276851 10012.43 324000
1748142277274 9970.82 324500
1748142277670 10027.04 325000
1748142278067 10016.64 325500
1748142278484 9991.99 326000
1748142278886 9992.01 326500
1748142279277 9964.03 327000
1748142279672 10015.87 327500
1748142280065 10033.16 328000
1748142280463 9990.78 328500
1748142280857 9982.39 329000
1748142281251 10016.2 329500
1748142281648 10008.24 330000
1748142282045 9984.45 330500
1748142282441 10015.52 331000
1748142282835 10023.8 331500
1748142283229 9998.86 332000
1748142283621 10033.14 332500
1748142284013 10027.4 333000
1748142284407 10004.5 333500
1748142284799 9996.48 334000
1748142285191 9979.79 334500
1748142285590 10004.07 335000
1748142285983 9977.78 335500
1748142286380 9961.93 336000
1748142286776 10023.67 336500
1748142287168 9975.9 337000
1748142287566 9992.36 337500
1748142287960 10000.67 338000
1748142288355 9976.15 338500
1748142288753 9979.26 339000
1748142289145 10032.49 339500
1748142289537 10009.31 340000
1748142289932 9985.42 340500
1748142290325 9992.27 341000
1748142290717 9985.02 341500
1748142291112 9979.99 342000
1748142291507 10017.46 342500
1748142291900 10015.27 343000
1748142292297 9979.27 343500
1748142292689 9978.97 344000
1748142293082 9998.85 344500
1748142293479 10018.72 345000
1748142293869 9997.12 345500
1748142294261 10008.33 346000
1748142294656 10026.39 346500
1748142295057 9999.28 347000
1748142295453 10024.69 347500
1748142295849 10010.75 348000
1748142296239 9976.13 348500
1748142296636 9974.84 349000
1748142297032 9966.99 349500
1748142297429 9973.07 350000
1748142297818 9991.61 350500
1748142298241 9988.12 351000
1748142298631 10020.75 351500
1748142299027 10001.91 352000
1748142299420 10012.89 352500
1748142299824 10020.41 353000
1748142300248 9974.36 353500
1748142300652 10020.67 354000
1748142301047 9992.18 354500
1748142301446 10012.92 355000
1748142301840 9982.98 355500
1748142302233 10012.09 356000
1748142302627 10004.5 356500
1748142303020 9965.61 357000
1748142303416 9968.75 357500
1748142303814 9969.82 358000
1748142304210 9972.71 358500
1748142304625 10034.73 359000
1748142305020 9980.38 359500
1748142305414 10014.68 360000
1748142305809 10013.31 360500
1748142306205 10002.92 361000
1748142306600 10021.62 361500
1748142307026 10023.21 362000
1748142307420 10016.62 362500
1748142307814 9993.81 363000
1748142308207 10013.43 363500
1748142308599 10009.44 364000
1748142308991 9982.35 364500
1748142309388 10017.39 365000
1748142309790 9992.95 365500
1748142310180 10023.09 366000
1748142310573 10015.7 366500
1748142310967 9998.61 367000
1748142311362 10008.49 367500
1748142311755 10014.83 368000
1748142312146 9997.2 368500
1748142312539 9991.25 369000
1748142312932 10008.9 369500
1748142313330 9988.06 370000
1748142313727 10006.28 370500
1748142314120 9985.88 371000
1748142314512 9984.59 371500
1748142314905 10038.65 372000
1748142315297 10001.2 372500
1748142315690 9982.89 373000
1748142316083 9971.44 373500
1748142316483 9968.44 374000
1748142316875 9963.02 374500
1748142317268 9988.36 375000
1748142317663 10029.15 375500
1748142318058 9970.08 376000
1748142318451 9994.26 376500
1748142318844 9975.66 377000
1748142319231 10022.35 377500
1748142319623 9992.55 378000
1748142320015 9975.44 378500
1748142320411 10034.38 379000
1748142320805 9989.99 379500
1748142321204 9985.69 380000
1748142321601 9969.74 380500
1748142321992 9987.58 381000
1748142322388 10007.2 381500
1748142322783 10024.64 382000
1748142323189 10017.46 382500
1748142323593 10017.8 383000
1748142324094 9992.51 383500
1748142324525 9998.69 384000
1748142324987 10000.13 384500
1748142325506 10027.7 385000
1748142325948 10006.29 385500
1748142326358 9970.71 386000
1748142326763 9975.69 386500
1748142327206 10024.27 387000
1748142327602 9968.03 387500
1748142327997 9973.18 388000
1748142328399 10021.31 388500
1748142328820 10004.26 389000
1748142329316 9990.75 389500
1748142329737 10022.89 390000
1748142330149 10026.4 390500
1748142330553 10038.08 391000
1748142330950 10001.22 391500
1748142331349 10000.12 392000
1748142331762 9999.87 392500
1748142332169 10034.41 393000
1748142332567 10000.81 393500
1748142332971 9973.77 394000
1748142333381 9984.64 394500
1748142333794 9998.05 395000
1748142334193 9965.9 395500
1748142334590 10021.16 396000
1748142334982 9998.27 396500
1748142335392 9984.21 397000
1748142335808 9997.84 397500
1748142336219 9984.69 398000
1748142336619 10035.91 398500
1748142337025 9991.94 399000
1748142337486 9995.61 399500
1748142337885 10019.14 400000
1748142338327 9991.75 400500
1748142338727 9976.16 401000
1748142339122 9981.61 401500
1748142339512 9977.31 402000
1748142339908 9966.4 402500
1748142340311 10001.78 403000
1748142340729 9963.29 403500
1748142341163 10031.27 404000
1748142341654 10025.51 404500
1748142342061 10025.48 405000
1748142342454 9967.67 405500
1748142342850 9988.06 406000
1748142343249 10015.17 406500
1748142343645 10006.6 407000
1748142344036 9994.53 407500
1748142344458 10037.99 408000
1748142344876 10030.2 408500
1748142345272 9979.01 409000
1748142345689 10029.44 409500
1748142346089 9980.94 410000
1748142346505 9994.94 410500
1748142346916 9994.28 411000
1748142347401 10017.5 411500
1748142347874 10026.92 412000
1748142348344 10035.74 412500
1748142348772 9988.26 413000
1748142349242 9973.77 413500
1748142349659 9982.73 414000
1748142350066 9993.03 414500
1748142350492 10005.39 415000
1748142350925 9975.07 415500
1748142351360 9967.66 416000
1748142351757 10021.79 416500
1748142352251 9987.25 417000
1748142352647 10004.38 417500
1748142353067 10004.35 418000
1748142353462 9977.68 418500
1748142353867 9991.01 419000
1748142354261 9977.89 419500
1748142354661 9986.97 420000
1748142355140 9961.71 420500
1748142355538 9991.07 421000
1748142355941 9980.66 421500
1748142356338 9998.25 422000
1748142356734 10029.51 422500
1748142357139 10004.45 423000
1748142357536 10023.01 423500
1748142357931 10025.39 424000
1748142358327 10004.72 424500
1748142358726 10010.31 425000
1748142359122 10000.37 425500
1748142359531 10013.43 426000
1748142359993 10029.05 426500
1748142360457 9980.3 427000
1748142360876 9978.52 427500
1748142361279 9989.08 428000
1748142361698 9994.9 428500
1748142362104 9980.86 429000
1748142362499 9973.45 429500
1748142362889 9965.86 430000
1748142363330 9979.67 430500
1748142363725 9995.19 431000
1748142364120 9980.9 431500
1748142364538 9993.85 432000
1748142364952 10031.05 432500
1748142365377 9969.94 433000
1748142365817 9995.03 433500
1748142366226 10024.73 434000
1748142366622 9966.2 434500
1748142367085 9978.3 435000
1748142367500 10037.58 435500
1748142367905 9994.12 436000
1748142368309 10036.12 436500
1748142368728 9996.94 437000
1748142369171 10000.89 437500
1748142369588 9971.44 438000
1748142370022 9976.26 438500
1748142370428 10035.85 439000
1748142370834 9982.88 439500
1748142371265 9969.75 440000
1748142371680 10027.72 440500
1748142372085 10007.19 441000
1748142372489 10027.36 441500
1748142372892 10025.83 442000
1748142373461 9976.49 442500
1748142373906 9994.89 443000
1748142374343 9979.85 443500
1748142374748 10005.12 444000
1748142375155 10012.12 444500
1748142375551 9996.91 445000
1748142375950 9996.28 445500
1748142376349 10030.36 446000
1748142376755 9970.83 446500
1748142377155 9998.58 447000
1748142377554 9972.45 447500
1748142377948 10007.81 448000
1748142378348 9971.86 448500
1748142378745 10032.03 449000
1748142379137 9990.49 449500
1748142379534 9973.89 450000
1748142379950 10002.56 450500
1748142380343 10001.74 451000
1748142380734 10017.78 451500
1748142381136 9964.82 452000
1748142381533 9994.06 452500
1748142381935 10028.48 453000
1748142382342 9982.47 453500
1748142382739 10024.67 454000
1748142383160 9979.72 454500
1748142383564 10021.65 455000
1748142383962 10015.77 455500
1748142384360 9984.1 456000
1748142384763 9975.52 456500
1748142385158 9984.42 457000
1748142385571 9986.59 457500
1748142385972 10020.28 458000
1748142386397 9995.41 458500
1748142386794 10003.39 459000
1748142387192 9978.55 459500
1748142387586 9973.22 460000
1748142387982 10019.09 460500
1748142388382 9984.17 461000
1748142388781 9982.72 461500
1748142389177 9990.91 462000
1748142389578 9990.81 462500
1748142389978 10001.68 463000
1748142390372 9987.87 463500
1748142390769 9997.86 464000
1748142391165 10014.78 464500
1748142391565 9972.13 465000
1748142391974 9972.12 465500
1748142392389 10023.35 466000
1748142392786 9965.79 466500
1748142393193 9980.0 467000
1748142393595 9978.21 467500
1748142393994 10014.29 468000
1748142394395 9984.15 468500
1748142394795 9988.44 469000
1748142395193 9967.5 469500
1748142395596 9970.7 470000
1748142396033 9981.93 470500
1748142396450 9977.76 471000
1748142396861 9982.56 471500
1748142397259 10035.03 472000
1748142397662 10022.39 472500
1748142398057 10003.01 473000
1748142398450 10024.2 473500
1748142398851 9996.11 474000
1748142399251 10033.84 474500
1748142399654 10005.9 475000
1748142400076 9987.41 475500
1748142400488 9990.72 476000
1748142400903 10020.93 476500
1748142401337 10027.28 477000
1748142401762 10011.56 477500
1748142402185 9981.32 478000
1748142402601 9973.88 478500
1748142403014 9994.35 479000
1748142403466 10034.68 479500
1748142403891 9975.45 480000
1748142404316 9974.78 480500
1748142404746 9975.28 481000
1748142405166 9980.77 481500
1748142405583 10021.54 482000
1748142405997 9969.84 482500
1748142406416 9998.54 483000
1748142406850 9964.91 483500
1748142407312 10022.68 484000
1748142407742 10034.08 484500
1748142408165 10027.33 485000
1748142408584 10002.94 485500
1748142409008 9979.74 486000
1748142409434 9970.26 486500
1748142409855 10014.8 487000
1748142410276 10018.2 487500
1748142410691 10027.41 488000
1748142411107 9973.83 488500
1748142411523 9983.77 489000
1748142411947 10030.75 489500
1748142412355 9965.94 490000
1748142412759 10032.14 490500
1748142413168 9977.48 491000
1748142413572 9984.86 491500
1748142414000 10010.11 492000
1748142414403 10022.72 492500
1748142414806 9984.56 493000
1748142415209 10029.86 493500
1748142415614 9977.29 494000
1748142416013 9976.68 494500
1748142416410 9973.71 495000
1748142416814 10000.69 495500
1748142417216 10006.94 496000
1748142417614 9978.61 496500
1748142418010 9966.66 497000
1748142418416 9987.73 497500
1748142418832 9982.06 498000
1748142419257 10001.06 498500
1748142419680 10024.05 499000
1748142420134 10005.18 499500
1748142420531 10027.24 500000
1748142420925 10001.58 500500
1748142421327 9977.15 501000
1748142421733 9968.19 501500
1748142422134 10031.0 502000
1748142422544 9986.49 502500
1748142422943 10010.47 503000
1748142423392 10005.08 503500
1748142423816 9990.33 504000
1748142424248 10019.54 504500
1748142424674 9988.87 505000
1748142425084 9984.31 505500
1748142425479 9993.99 506000
1748142425872 9997.48 506500
1748142426273 10030.28 507000
1748142426670 9971.32 507500
1748142427061 10020.84 508000
1748142427459 9983.48 508500
1748142427881 10012.13 509000
1748142428300 9984.21 509500
1748142428729 10016.71 510000
1748142429146 9975.14 510500
1748142429565 9971.35 511000
1748142429980 9967.55 511500
1748142430400 9997.12 512000
1748142430819 9974.18 512500
1748142431235 9969.59 513000
1748142431660 9975.3 513500
1748142432089 10014.33 514000
1748142432512 10034.71 514500
1748142432930 9977.04 515000
1748142433347 9977.35 515500
1748142433761 9987.14 516000
1748142434174 9970.17 516500
1748142434590 9964.29 517000
1748142435005 10026.47 517500
1748142435424 9979.19 518000
1748142435854 9964.18 518500
1748142436284 10002.45 519000
1748142436710 9965.55 519500
1748142437132 10028.75 520000
1748142437557 10011.12 520500
1748142437982 9987.34 521000
1748142438393 9977.38 521500
1748142438798 9986.86 522000
1748142439207 9972.23 522500
1748142439599 9985.23 523000
1748142440003 10031.11 523500
1748142440427 10008.04 524000
1748142440869 9995.66 524500
1748142441276 9966.75 525000
1748142441674 9981.96 525500
1748142442078 9993.37 526000
1748142442489 10034.18 526500
1748142442885 10033.16 527000
1748142443299 9981.73 527500
1748142443706 9978.18 528000
1748142444122 10018.68 528500
1748142444524 10010.75 529000
1748142444945 10011.81 529500
1748142445348 9967.79 530000
1748142445756 10013.9 530500
1748142446203 10026.84 531000
1748142446606 10034.2 531500
1748142447018 9995.5 532000
1748142447423 10017.51 532500
1748142447820 9971.89 533000
1748142448325 9990.7 533500
1748142448771 10012.78 534000
1748142449328 9974.43 534500
1748142449859 10006.29 535000
1748142450289 10023.12 535500
1748142450726 9997.68 536000
1748142451194 9980.44 536500
1748142451601 10018.58 537000
1748142452029 9989.45 537500
1748142452473 9977.24 538000
1748142452892 10019.38 538500
1748142453310 10011.22 539000
1748142453733 10019.28 539500
1748142454166 10008.56 540000
1748142454584 9993.21 540500
1748142454986 10020.19 541000
1748142455407 9998.8 541500
1748142455819 10028.8 542000
1748142456234 9978.79 542500
1748142456660 10009.77 543000
1748142457100 9990.05 543500
1748142457522 9971.5 544000
1748142457951 10021.44 544500
1748142458359 10007.02 545000
1748142458770 10021.89 545500
1748142459188 10008.42 546000
1748142459593 10024.52 546500
1748142460049 9983.61 547000
