1748142013225 500.0 500
1748142013621 500.0 1000
1748142014024 500.0 1500
1748142014442 500.0 2000
1748142014840 500.0 2500
1748142015326 500.0 3000
1748142015731 500.0 3500
1748142016144 500.0 4000
1748142016542 500.0 4500
1748142016938 500.0 5000
1748142017361 500.0 5500
1748142017769 500.0 6000
1748142018191 500.0 6500
1748142018603 500.0 7000
1748142019025 500.0 7500
1748142019442 500.0 8000
1748142019849 500.0 8500
1748142020270 500.0 9000
1748142020752 500.0 9500
1748142021201 500.0 10000
1748142021601 500.0 10500
1748142021996 500.0 11000
1748142022398 500.0 11500
1748142022793 500.0 12000
1748142023191 500.0 12500
1748142023587 500.0 13000
1748142023982 500.0 13500
1748142024383 500.0 14000
1748142024845 500.0 14500
1748142025262 500.0 15000
1748142025704 500.0 15500
1748142026188 500.0 16000
1748142026585 500.0 16500
1748142026999 500.0 17000
1748142027402 500.0 17500
1748142027794 500.0 18000
1748142028273 500.0 18500
1748142028680 500.0 19000
1748142029146 500.0 19500
1748142029558 500.0 20000
1748142029969 500.0 20500
1748142030363 500.0 21000
1748142030751 500.0 21500
1748142031149 500.0 22000
1748142031545 500.0 22500
1748142031935 500.0 23000
1748142032329 500.0 23500
1748142032721 500.0 24000
1748142033199 500.0 24500
1748142033625 500.0 25000
1748142034045 500.0 25500
1748142034448 500.0 26000
1748142034852 500.0 26500
1748142035269 500.0 27000
1748142035686 500.0 27500
1748142036095 500.0 28000
1748142036494 500.0 28500
1748142036890 500.0 29000
1748142037280 500.0 29500
1748142037676 500.0 30000
1748142038069 500.0 30500
1748142038459 500.0 31000
1748142038852 500.0 31500
1748142039244 500.0 32000
1748142039640 500.0 32500
1748142040034 500.0 33000
1748142040428 500.0 33500
1748142040816 500.0 34000
1748142041209 500.0 34500
1748142041600 500.0 35000
1748142041991 500.0 35500
1748142042442 500.0 36000
1748142042834 500.0 36500
1748142043279 500.0 37000
1748142043669 500.0 37500
1748142044056 500.0 38000
1748142044452 500.0 38500
1748142044842 500.0 39000
1748142045236 500.0 39500
1748142045629 500.0 40000
1748142046025 500.0 40500
1748142046422 500.0 41000
1748142046815 500.0 41500
1748142047207 500.0 42000
1748142047602 500.0 42500
1748142047994 500.0 43000
1748142048418 500.0 43500
1748142048826 500.0 44000
1748142049237 500.0 44500
1748142049634 500.0 45000
1748142050026 500.0 45500
1748142050416 500.0 46000
1748142050819 500.0 46500
1748142051234 500.0 47000
1748142051650 500.0 47500
1748142052048 500.0 48000
1748142052443 500.0 48500
1748142052845 500.0 49000
1748142053240 500.0 49500
1748142053631 500.0 50000
1748142054021 500.0 50500
1748142054848 500.0 51500
1748142055253 500.0 52000
1748142055654 500.0 52500
1748142056048 500.0 53000
1748142056456 500.0 53500
1748142056872 500.0 54000
1748142057269 500.0 54500
1748142057688 500.0 55000
1748142058112 500.0 55500
1748142058542 500.0 56000
1748142058970 500.0 56500
1748142059452 500.0 57000
1748142059893 500.0 57500
1748142060390 500.0 58000
1748142060815 500.0 58500
1748142061232 500.0 59000
1748142061698 500.0 59500
1748142062118 500.0 60000
1748142062534 500.0 60500
1748142062955 500.0 61000
1748142063400 500.0 61500
1748142063816 500.0 62000
1748142064237 500.0 62500
1748142064655 500.0 63000
1748142065071 500.0 63500
1748142065482 500.0 64000
1748142065890 500.0 64500
1748142066309 500.0 65000
1748142066732 500.0 65500
1748142067144 500.0 66000
1748142067565 500.0 66500
1748142067985 500.0 67000
1748142068402 500.0 67500
1748142068825 500.0 68000
1748142069244 500.0 68500
1748142070114 500.0 69500
1748142070540 500.0 70000
1748142070963 500.0 70500
1748142071356 500.0 71000
1748142071760 500.0 71500
1748142072151 500.0 72000
1748142072555 500.0 72500
1748142072960 500.0 73000
1748142073369 500.0 73500
1748142073784 500.0 74000
1748142074179 500.0 74500
1748142074601 500.0 75000
1748142074996 500.0 75500
1748142075391 500.0 76000
1748142075810 500.0 76500
1748142076280 500.0 77000
1748142076681 500.0 77500
1748142077074 500.0 78000
1748142077468 500.0 78500
1748142077865 500.0 79000
1748142078257 500.0 79500
1748142078648 500.0 80000
1748142079043 500.0 80500
1748142079437 500.0 81000
1748142079831 500.0 81500
1748142080228 500.0 82000
1748142080630 500.0 82500
1748142081047 500.0 83000
1748142081443 500.0 83500
1748142081835 500.0 84000
1748142082229 500.0 84500
1748142082625 500.0 85000
1748142083019 500.0 85500
1748142083415 500.0 86000
1748142083809 500.0 86500
1748142084273 500.0 87000
1748142084674 500.0 87500
1748142085131 500.0 88000
1748142085525 500.0 88500
1748142085961 500.0 89000
1748142086357 500.0 89500
1748142086753 500.0 90000
1748142087166 500.0 90500
1748142087582 500.0 91000
1748142087995 500.0 91500
1748142088391 500.0 92000
1748142088785 500.0 92500
1748142089179 500.0 93000
1748142089576 500.0 93500
1748142089972 500.0 94000
1748142090369 500.0 94500
1748142090772 500.0 95000
1748142091190 500.0 95500
1748142091588 500.0 96000
1748142091992 500.0 96500
1748142092385 500.0 97000
1748142092777 500.0 97500
1748142093169 500.0 98000
1748142093558 500.0 98500
1748142093951 500.0 99000
1748142094343 500.0 99500
1748142094735 500.0 100000
1748142095126 500.0 100500
1748142095516 500.0 101000
1748142095910 500.0 101500
1748142096304 500.0 102000
1748142096698 500.0 102500
1748142097109 500.0 103000
1748142097509 500.0 103500
1748142097911 500.0 104000
1748142098320 500.0 104500
1748142098736 500.0 105000
1748142099200 500.0 105500
1748142099620 500.0 106000
1748142100012 500.0 106500
1748142100411 500.0 107000
1748142100820 500.0 107500
1748142101245 500.0 108000
1748142101650 500.0 108500
1748142102051 500.0 109000
1748142102464 500.0 109500
1748142102885 500.0 110000
1748142103280 500.0 110500
1748142103697 500.0 111000
1748142104103 500.0 111500
1748142104523 500.0 112000
1748142104930 500.0 112500
1748142105338 500.0 113000
1748142105784 500.0 113500
1748142106197 500.0 114000
1748142106619 500.0 114500
1748142107056 500.0 115000
1748142107483 500.0 115500
1748142107910 500.0 116000
1748142108439 500.0 116500
1748142108863 500.0 117000
1748142109267 500.0 117500
1748142109669 500.0 118000
1748142110078 500.0 118500
1748142110470 500.0 119000
1748142110860 500.0 119500
1748142111344 500.0 120000
1748142111749 500.0 120500
1748142112140 500.0 121000
1748142112540 500.0 121500
1748142112935 500.0 122000
1748142113334 500.0 122500
1748142113729 500.0 123000
1748142114126 500.0 123500
1748142114519 500.0 124000
1748142114923 500.0 124500
1748142115319 500.0 125000
1748142115716 500.0 125500
1748142116138 500.0 126000
1748142116548 500.0 126500
1748142116954 500.0 127000
1748142117381 500.0 127500
1748142117846 500.0 128000
1748142118328 500.0 128500
1748142118747 500.0 129000
1748142119151 500.0 129500
1748142119552 500.0 130000
1748142119945 500.0 130500
1748142120335 500.0 131000
1748142120728 500.0 131500
1748142121121 500.0 132000
1748142121519 500.0 132500
1748142121924 500.0 133000
1748142122334 500.0 133500
1748142122732 500.0 134000
1748142123130 500.0 134500
1748142123563 500.0 135000
1748142123983 500.0 135500
1748142124420 500.0 136000
1748142124873 500.0 136500
1748142125290 500.0 137000
1748142125689 500.0 137500
1748142126098 500.0 138000
1748142126503 500.0 138500
1748142126905 500.0 139000
1748142127321 500.0 139500
1748142127738 500.0 140000
1748142128615 500.0 141000
1748142129012 500.0 141500
1748142129412 500.0 142000
1748142129807 500.0 142500
1748142130209 500.0 143000
1748142130602 500.0 143500
1748142130992 500.0 144000
1748142131385 500.0 144500
1748142131779 500.0 145000
1748142132174 500.0 145500
1748142132578 500.0 146000
1748142132971 500.0 146500
1748142133753 500.0 147500
1748142134144 500.0 148000
1748142134536 500.0 148500
1748142134928 500.0 149000
1748142135323 500.0 149500
1748142135714 500.0 150000
1748142136108 500.0 150500
1748142136500 500.0 151000
1748142136893 500.0 151500
1748142137283 500.0 152000
1748142137673 500.0 152500
1748142138066 500.0 153000
1748142138459 500.0 153500
1748142138851 500.0 154000
1748142139245 500.0 154500
1748142139633 500.0 155000
1748142140027 500.0 155500
1748142140417 500.0 156000
1748142140879 500.0 156500
1748142141282 500.0 157000
1748142141736 500.0 157500
1748142142131 500.0 158000
1748142142525 500.0 158500
1748142142920 500.0 159000
1748142143315 500.0 159500
1748142143708 500.0 160000
1748142144101 500.0 160500
1748142144491 500.0 161000
1748142144880 500.0 161500
1748142145273 500.0 162000
1748142145697 500.0 162500
1748142146094 500.0 163000
1748142146487 500.0 163500
1748142146883 500.0 164000
1748142147277 500.0 164500
1748142147672 500.0 165000
1748142148063 500.0 165500
1748142148457 500.0 166000
1748142148848 500.0 166500
1748142149241 500.0 167000
1748142149638 500.0 167500
1748142150032 500.0 168000
1748142150422 500.0 168500
1748142150813 500.0 169000
1748142151217 500.0 169500
1748142151631 500.0 170000
1748142152041 500.0 170500
1748142152458 500.0 171000
1748142152864 500.0 171500
1748142153270 500.0 172000
1748142153686 500.0 172500
1748142154087 500.0 173000
1748142154485 500.0 173500
1748142154877 500.0 174000
1748142155272 500.0 174500
1748142155667 500.0 175000
1748142156140 500.0 175500
1748142156549 500.0 176000
1748142156953 500.0 176500
1748142157464 500.0 177000
1748142157869 500.0 177500
1748142158266 500.0 178000
1748142158658 500.0 178500
1748142159060 500.0 179000
1748142159481 500.0 179500
1748142159886 500.0 180000
1748142160290 500.0 180500
1748142160746 500.0 181000
1748142161315 500.0 181500
1748142161756 500.0 182000
1748142162265 500.0 182500
1748142162679 500.0 183000
1748142163100 500.0 183500
1748142163522 500.0 184000
1748142163932 500.0 184500
1748142164353 500.0 185000
1748142164773 500.0 185500
1748142165280 500.0 186000
1748142165766 500.0 186500
1748142166187 500.0 187000
1748142166588 500.0 187500
1748142166983 500.0 188000
1748142167389 500.0 188500
1748142167783 500.0 189000
1748142168178 500.0 189500
1748142168569 500.0 190000
1748142168962 500.0 190500
1748142169360 500.0 191000
1748142169826 500.0 191500
1748142170248 500.0 192000
1748142170685 500.0 192500
1748142171164 500.0 193000
1748142171584 500.0 193500
1748142172000 500.0 194000
1748142172410 500.0 194500
1748142172824 500.0 195000
1748142173235 500.0 195500
1748142173639 500.0 196000
1748142174034 500.0 196500
1748142174432 500.0 197000
1748142174837 500.0 197500
1748142175242 500.0 198000
1748142175652 500.0 198500
1748142176057 500.0 199000
1748142176451 500.0 199500
1748142176850 500.0 200000
1748142177242 500.0 200500
1748142177635 500.0 201000
1748142178031 500.0 201500
1748142178424 500.0 202000
1748142178868 500.0 202500
1748142179317 500.0 203000
1748142179767 500.0 203500
1748142180168 500.0 204000
1748142180561 500.0 204500
1748142180956 500.0 205000
1748142181349 500.0 205500
1748142181743 500.0 206000
1748142182141 500.0 206500
1748142182532 500.0 207000
1748142182924 500.0 207500
1748142183317 500.0 208000
1748142183717 500.0 208500
1748142184115 500.0 209000
1748142184520 500.0 209500
1748142184912 500.0 210000
1748142185304 500.0 210500
1748142185693 500.0 211000
1748142186085 500.0 211500
1748142186479 500.0 212000
1748142186869 500.0 212500
1748142187273 500.0 213000
1748142187672 500.0 213500
1748142188066 500.0 214000
1748142188457 500.0 214500
1748142188860 500.0 215000
1748142189254 500.0 215500
1748142189645 500.0 216000
1748142190038 500.0 216500
1748142190430 500.0 217000
1748142190819 500.0 217500
1748142191213 500.0 218000
1748142191607 500.0 218500
1748142192000 500.0 219000
1748142192390 500.0 219500
1748142192794 500.0 220000
1748142193189 500.0 220500
1748142193583 500.0 221000
1748142193976 500.0 221500
1748142194370 500.0 222000
1748142194761 500.0 222500
1748142195154 500.0 223000
1748142195542 500.0 223500
1748142195934 500.0 224000
1748142196336 500.0 224500
1748142196730 500.0 225000
1748142197125 500.0 225500
1748142197520 500.0 226000
1748142197912 500.0 226500
1748142198308 500.0 227000
1748142198704 500.0 227500
1748142199099 500.0 228000
1748142199495 500.0 228500
1748142199887 500.0 229000
1748142200278 500.0 229500
1748142200670 500.0 230000
1748142201063 500.0 230500
1748142201460 500.0 231000
1748142201854 500.0 231500
1748142202247 500.0 232000
1748142202639 500.0 232500
1748142203038 500.0 233000
1748142203431 500.0 233500
1748142203823 500.0 234000
1748142204219 500.0 234500
1748142204616 500.0 235000
1748142205009 500.0 235500
1748142205405 500.0 236000
1748142205842 500.0 236500
1748142206236 500.0 237000
1748142206650 500.0 237500
1748142207045 500.0 238000
1748142207441 500.0 238500
1748142207835 500.0 239000
1748142208291 500.0 239500
1748142208686 500.0 240000
1748142209077 500.0 240500
1748142209469 500.0 241000
1748142209865 500.0 241500
1748142210258 500.0 242000
1748142210650 500.0 242500
1748142211041 500.0 243000
1748142211435 500.0 243500
1748142211829 500.0 244000
1748142212224 500.0 244500
1748142212617 500.0 245000
1748142213011 500.0 245500
1748142213402 500.0 246000
1748142213794 500.0 246500
1748142214188 500.0 247000
1748142214582 500.0 247500
1748142214977 500.0 248000
1748142215368 500.0 248500
1748142215760 500.0 249000
1748142216153 500.0 249500
1748142216546 500.0 250000
1748142216937 500.0 250500
1748142217333 500.0 251000
1748142217727 500.0 251500
1748142218119 500.0 252000
1748142218510 500.0 252500
1748142218902 500.0 253000
1748142219295 500.0 253500
1748142219686 500.0 254000
1748142220076 500.0 254500
1748142220469 500.0 255000
1748142220862 500.0 255500
1748142221259 500.0 256000
1748142221652 500.0 256500
1748142222048 500.0 257000
1748142222437 500.0 257500
1748142222830 500.0 258000
1748142223229 500.0 258500
1748142223623 500.0 259000
1748142224051 500.0 259500
1748142224495 500.0 260000
1748142224907 500.0 260500
1748142225310 500.0 261000
1748142225706 500.0 261500
1748142226101 500.0 262000
1748142226499 500.0 262500
1748142226896 500.0 263000
1748142227292 500.0 263500
1748142227863 500.0 264000
1748142228264 500.0 264500
1748142228660 500.0 265000
1748142229068 500.0 265500
1748142229470 500.0 266000
1748142229903 500.0 266500
1748142230311 500.0 267000
1748142230715 500.0 267500
1748142231118 500.0 268000
1748142231520 500.0 268500
1748142231925 500.0 269000
1748142232327 500.0 269500
1748142232731 500.0 270000
1748142233132 500.0 270500
1748142233532 500.0 271000
1748142233929 500.0 271500
1748142234324 500.0 272000
1748142234727 500.0 272500
1748142235128 500.0 273000
1748142235532 500.0 273500
1748142235933 500.0 274000
1748142236335 500.0 274500
1748142236736 500.0 275000
1748142237136 500.0 275500
1748142237539 500.0 276000
1748142237941 500.0 276500
1748142238352 500.0 277000
1748142238752 500.0 277500
1748142239188 500.0 278000
1748142239591 500.0 278500
1748142239986 500.0 279000
1748142240394 500.0 279500
1748142240791 500.0 280000
1748142241197 500.0 280500
1748142241597 500.0 281000
1748142241994 500.0 281500
1748142242398 500.0 282000
1748142242806 500.0 282500
1748142243207 500.0 283000
1748142243637 500.0 283500
1748142244043 500.0 284000
1748142244496 500.0 284500
1748142244901 500.0 285000
1748142245301 500.0 285500
1748142245703 500.0 286000
1748142246105 500.0 286500
1748142246510 500.0 287000
1748142246915 500.0 287500
1748142247323 500.0 288000
1748142247724 500.0 288500
1748142248131 500.0 289000
1748142248553 500.0 289500
1748142248967 500.0 290000
1748142249378 500.0 290500
1748142249824 500.0 291000
1748142250336 500.0 291500
1748142250749 500.0 292000
1748142251154 500.0 292500
1748142251553 500.0 293000
1748142251951 500.0 293500
1748142252347 500.0 294000
1748142252747 500.0 294500
1748142253141 500.0 295000
1748142253535 500.0 295500
1748142253929 500.0 296000
1748142254322 500.0 296500
1748142254714 500.0 297000
1748142255112 500.0 297500
1748142255510 500.0 298000
1748142255902 500.0 298500
1748142256301 500.0 299000
1748142256700 500.0 299500
1748142257091 500.0 300000
1748142257486 500.0 300500
1748142257890 500.0 301000
1748142258282 500.0 301500
1748142258676 500.0 302000
1748142259067 500.0 302500
1748142259460 500.0 303000
1748142259866 500.0 303500
1748142260275 500.0 304000
1748142260745 500.0 304500
1748142261171 500.0 305000
1748142261581 500.0 305500
1748142261994 500.0 306000
1748142262412 500.0 306500
1748142262815 500.0 307000
1748142263209 500.0 307500
1748142263691 500.0 308000
1748142264134 500.0 308500
1748142264559 500.0 309000
1748142264973 500.0 309500
1748142265369 500.0 310000
1748142265800 500.0 310500
1748142266196 500.0 311000
1748142266618 500.0 311500
1748142267030 500.0 312000
1748142267430 500.0 312500
1748142267829 500.0 313000
1748142268229 500.0 313500
1748142268631 500.0 314000
1748142269040 500.0 314500
1748142269447 500.0 315000
1748142269863 500.0 315500
1748142270284 500.0 316000
1748142270707 500.0 316500
1748142271116 500.0 317000
1748142271549 500.0 317500
1748142271961 500.0 318000
1748142272365 500.0 318500
1748142272778 500.0 319000
1748142273172 500.0 319500
1748142273580 500.0 320000
1748142273977 500.0 320500
1748142274437 500.0 321000
1748142274847 500.0 321500
1748142275250 500.0 322000
1748142275653 500.0 322500
1748142276048 500.0 323000
1748142276449 500.0 323500
1748142276850 500.0 324000
1748142277273 500.0 324500
1748142277669 500.0 325000
1748142278066 500.0 325500
1748142278483 500.0 326000
1748142278885 500.0 326500
1748142279276 500.0 327000
1748142279671 500.0 327500
1748142280064 500.0 328000
1748142280462 500.0 328500
1748142280855 500.0 329000
1748142281250 500.0 329500
1748142281647 500.0 330000
1748142282044 500.0 330500
1748142282440 500.0 331000
1748142282834 500.0 331500
1748142283228 500.0 332000
1748142283620 500.0 332500
1748142284012 500.0 333000
1748142284405 500.0 333500
1748142284798 500.0 334000
1748142285190 500.0 334500
1748142285589 500.0 335000
1748142285982 500.0 335500
1748142286379 500.0 336000
1748142286775 500.0 336500
1748142287167 500.0 337000
1748142287565 500.0 337500
1748142287959 500.0 338000
1748142288354 500.0 338500
1748142288752 500.0 339000
1748142289144 500.0 339500
1748142289536 500.0 340000
1748142289931 500.0 340500
1748142290324 500.0 341000
1748142290716 500.0 341500
1748142291111 500.0 342000
1748142291506 500.0 342500
1748142291899 500.0 343000
1748142292295 500.0 343500
1748142292688 500.0 344000
1748142293081 500.0 344500
1748142293478 500.0 345000
1748142293868 500.0 345500
1748142294260 500.0 346000
1748142294655 500.0 346500
1748142295056 500.0 347000
1748142295452 500.0 347500
1748142295848 500.0 348000
1748142296238 500.0 348500
1748142296635 500.0 349000
1748142297031 500.0 349500
1748142297428 500.0 350000
1748142297817 500.0 350500
1748142298240 500.0 351000
1748142298630 500.0 351500
1748142299025 500.0 352000
1748142299419 500.0 352500
1748142299823 500.0 353000
1748142300247 500.0 353500
1748142300651 500.0 354000
1748142301046 500.0 354500
1748142301445 500.0 355000
1748142301839 500.0 355500
1748142302232 500.0 356000
1748142302626 500.0 356500
1748142303019 500.0 357000
1748142303415 500.0 357500
1748142303813 500.0 358000
1748142304209 500.0 358500
1748142304623 500.0 359000
1748142305019 500.0 359500
1748142305413 500.0 360000
1748142305808 500.0 360500
1748142306204 500.0 361000
1748142306599 500.0 361500
1748142307024 500.0 362000
1748142307419 500.0 362500
1748142307813 500.0 363000
1748142308206 500.0 363500
1748142308598 500.0 364000
1748142308990 500.0 364500
1748142309387 500.0 365000
1748142309789 500.0 365500
1748142310179 500.0 366000
1748142310571 500.0 366500
1748142310966 500.0 367000
1748142311360 500.0 367500
1748142311754 500.0 368000
1748142312145 500.0 368500
1748142312537 500.0 369000
1748142312931 500.0 369500
1748142313328 500.0 370000
1748142313726 500.0 370500
1748142314119 500.0 371000
1748142314510 500.0 371500
1748142314904 500.0 372000
1748142315296 500.0 372500
1748142315689 500.0 373000
1748142316082 500.0 373500
1748142316482 500.0 374000
1748142316874 500.0 374500
1748142317267 500.0 375000
1748142317662 500.0 375500
1748142318057 500.0 376000
1748142318449 500.0 376500
1748142318843 500.0 377000
1748142319230 500.0 377500
1748142319621 500.0 378000
1748142320014 500.0 378500
1748142320410 500.0 379000
1748142320804 500.0 379500
1748142321202 500.0 380000
1748142321600 500.0 380500
1748142321991 500.0 381000
1748142322387 500.0 381500
1748142322782 500.0 382000
1748142323187 500.0 382500
1748142323592 500.0 383000
1748142324093 500.0 383500
1748142324524 500.0 384000
1748142324986 500.0 384500
1748142325505 500.0 385000
1748142325946 500.0 385500
1748142326357 500.0 386000
1748142326762 500.0 386500
1748142327205 500.0 387000
1748142327601 500.0 387500
1748142327996 500.0 388000
1748142328397 500.0 388500
1748142328819 500.0 389000
1748142329315 500.0 389500
1748142329735 500.0 390000
1748142330148 500.0 390500
1748142330552 500.0 391000
1748142330949 500.0 391500
1748142331347 500.0 392000
1748142331761 500.0 392500
1748142332168 500.0 393000
1748142332566 500.0 393500
1748142332970 500.0 394000
1748142333380 500.0 394500
1748142333793 500.0 395000
1748142334191 500.0 395500
1748142334589 500.0 396000
1748142334981 500.0 396500
1748142335391 500.0 397000
1748142335807 500.0 397500
1748142336218 500.0 398000
1748142336618 500.0 398500
1748142337024 500.0 399000
1748142337485 500.0 399500
1748142337884 500.0 400000
1748142338326 500.0 400500
1748142338726 500.0 401000
1748142339121 500.0 401500
1748142339511 500.0 402000
1748142339907 500.0 402500
1748142340310 500.0 403000
1748142340727 500.0 403500
1748142341161 500.0 404000
1748142341652 500.0 404500
1748142342060 500.0 405000
1748142342453 500.0 405500
1748142342849 500.0 406000
1748142343248 500.0 406500
1748142343644 500.0 407000
1748142344035 500.0 407500
1748142344457 500.0 408000
1748142344875 500.0 408500
1748142345271 500.0 409000
1748142345688 500.0 409500
1748142346088 500.0 410000
1748142346504 500.0 410500
1748142346915 500.0 411000
1748142347400 500.0 411500
1748142347873 500.0 412000
1748142348343 500.0 412500
1748142348771 500.0 413000
1748142349241 500.0 413500
1748142349658 500.0 414000
1748142350065 500.0 414500
1748142350490 500.0 415000
1748142350924 500.0 415500
1748142351358 500.0 416000
1748142351755 500.0 416500
1748142352250 500.0 417000
1748142352646 500.0 417500
1748142353066 500.0 418000
1748142353461 500.0 418500
1748142353866 500.0 419000
1748142354260 500.0 419500
1748142354660 500.0 420000
1748142355139 500.0 420500
1748142355537 500.0 421000
1748142355940 500.0 421500
1748142356337 500.0 422000
1748142356732 500.0 422500
1748142357137 500.0 423000
1748142357535 500.0 423500
1748142357930 500.0 424000
1748142358326 500.0 424500
1748142358725 500.0 425000
1748142359121 500.0 425500
1748142359530 500.0 426000
1748142359992 500.0 426500
1748142360456 500.0 427000
1748142360875 500.0 427500
1748142361278 500.0 428000
1748142361697 500.0 428500
1748142362103 500.0 429000
1748142362498 500.0 429500
1748142362888 500.0 430000
1748142363329 500.0 430500
1748142363723 500.0 431000
1748142364119 500.0 431500
1748142364537 500.0 432000
1748142364951 500.0 432500
1748142365376 500.0 433000
1748142365816 500.0 433500
1748142366225 500.0 434000
1748142366621 500.0 434500
1748142367084 500.0 435000
1748142367499 500.0 435500
1748142367904 500.0 436000
1748142368308 500.0 436500
1748142368727 500.0 437000
1748142369169 500.0 437500
1748142369587 500.0 438000
1748142370021 500.0 438500
1748142370427 500.0 439000
1748142370832 500.0 439500
1748142371263 500.0 440000
1748142371679 500.0 440500
1748142372084 500.0 441000
1748142372488 500.0 441500
1748142372891 500.0 442000
1748142373458 500.0 442500
1748142373905 500.0 443000
1748142374342 500.0 443500
1748142374747 500.0 444000
1748142375154 500.0 444500
1748142375550 500.0 445000
1748142375948 500.0 445500
1748142376348 500.0 446000
1748142376754 500.0 446500
1748142377154 500.0 447000
1748142377553 500.0 447500
1748142377947 500.0 448000
1748142378346 500.0 448500
1748142378744 500.0 449000
1748142379136 500.0 449500
1748142379532 500.0 450000
1748142379949 500.0 450500
1748142380342 500.0 451000
1748142380733 500.0 451500
1748142381135 500.0 452000
1748142381532 500.0 452500
1748142381934 500.0 453000
1748142382341 500.0 453500
1748142382738 500.0 454000
1748142383159 500.0 454500
1748142383562 500.0 455000
1748142383960 500.0 455500
1748142384359 500.0 456000
1748142384762 500.0 456500
1748142385157 500.0 457000
1748142385570 500.0 457500
1748142385971 500.0 458000
1748142386396 500.0 458500
1748142386793 500.0 459000
1748142387190 500.0 459500
1748142387585 500.0 460000
1748142387981 500.0 460500
1748142388381 500.0 461000
1748142388779 500.0 461500
1748142389176 500.0 462000
1748142389577 500.0 462500
1748142389977 500.0 463000
1748142390371 500.0 463500
1748142390768 500.0 464000
1748142391164 500.0 464500
1748142391564 500.0 465000
1748142391973 500.0 465500
1748142392388 500.0 466000
1748142392785 500.0 466500
1748142393192 500.0 467000
1748142393593 500.0 467500
1748142393993 500.0 468000
1748142394394 500.0 468500
1748142394794 500.0 469000
1748142395192 500.0 469500
1748142395595 500.0 470000
1748142396032 500.0 470500
1748142396449 500.0 471000
1748142396860 500.0 471500
1748142397258 500.0 472000
1748142397661 500.0 472500
1748142398056 500.0 473000
1748142398449 500.0 473500
1748142398850 500.0 474000
1748142399250 500.0 474500
1748142399652 500.0 475000
1748142400075 500.0 475500
1748142400487 500.0 476000
1748142400901 500.0 476500
1748142401336 500.0 477000
1748142401761 500.0 477500
1748142402184 500.0 478000
1748142402600 500.0 478500
1748142403013 500.0 479000
1748142403465 500.0 479500
1748142403887 500.0 480000
1748142404314 500.0 480500
1748142404745 500.0 481000
1748142405165 500.0 481500
1748142405582 500.0 482000
1748142405996 500.0 482500
1748142406415 500.0 483000
1748142406849 500.0 483500
1748142407311 500.0 484000
1748142407741 500.0 484500
1748142408164 500.0 485000
1748142408583 500.0 485500
1748142409007 500.0 486000
1748142409433 500.0 486500
1748142409854 500.0 487000
1748142410275 500.0 487500
1748142410690 500.0 488000
1748142411105 500.0 488500
1748142411522 500.0 489000
1748142411946 500.0 489500
1748142412354 500.0 490000
1748142412758 500.0 490500
1748142413167 500.0 491000
1748142413571 500.0 491500
1748142413999 500.0 492000
1748142414402 500.0 492500
1748142414804 500.0 493000
1748142415208 500.0 493500
1748142415612 500.0 494000
1748142416012 500.0 494500
1748142416409 500.0 495000
1748142416813 500.0 495500
1748142417215 500.0 496000
1748142417613 500.0 496500
1748142418009 500.0 497000
1748142418415 500.0 497500
1748142418831 500.0 498000
1748142419255 500.0 498500
1748142419679 500.0 499000
1748142420133 500.0 499500
1748142420530 500.0 500000
1748142420924 500.0 500500
1748142421326 500.0 501000
1748142421732 500.0 501500
1748142422132 500.0 502000
1748142422542 500.0 502500
1748142422941 500.0 503000
1748142423390 500.0 503500
1748142423815 500.0 504000
1748142424247 500.0 504500
1748142424672 500.0 505000
1748142425083 500.0 505500
1748142425478 500.0 506000
1748142425870 500.0 506500
1748142426272 500.0 507000
1748142426669 500.0 507500
1748142427060 500.0 508000
1748142427458 500.0 508500
1748142427880 500.0 509000
1748142428299 500.0 509500
1748142428727 500.0 510000
1748142429145 500.0 510500
1748142429564 500.0 511000
1748142429979 500.0 511500
1748142430399 500.0 512000
1748142430818 500.0 512500
1748142431233 500.0 513000
1748142431659 500.0 513500
1748142432088 500.0 514000
1748142432510 500.0 514500
1748142432929 500.0 515000
1748142433346 500.0 515500
1748142433760 500.0 516000
1748142434172 500.0 516500
1748142434589 500.0 517000
1748142435004 500.0 517500
1748142435423 500.0 518000
1748142435853 500.0 518500
1748142436283 500.0 519000
1748142436709 500.0 519500
1748142437131 500.0 520000
1748142437556 500.0 520500
1748142437981 500.0 521000
1748142438392 500.0 521500
1748142438797 500.0 522000
1748142439206 500.0 522500
1748142439598 500.0 523000
1748142440001 500.0 523500
1748142440426 500.0 524000
1748142440867 500.0 524500
1748142441274 500.0 525000
1748142441673 500.0 525500
1748142442077 500.0 526000
1748142442488 500.0 526500
1748142442884 500.0 527000
1748142443298 500.0 527500
1748142443705 500.0 528000
1748142444121 500.0 528500
1748142444523 500.0 529000
1748142444944 500.0 529500
1748142445347 500.0 530000
1748142445755 500.0 530500
1748142446202 500.0 531000
1748142446605 500.0 531500
1748142447017 500.0 532000
1748142447421 500.0 532500
1748142447819 500.0 533000
1748142448324 500.0 533500
1748142448770 500.0 534000
1748142449327 500.0 534500
1748142449858 500.0 535000
1748142450287 500.0 535500
1748142450725 500.0 536000
1748142451192 500.0 536500
1748142451600 500.0 537000
1748142452027 500.0 537500
1748142452472 500.0 538000
1748142452891 500.0 538500
1748142453308 500.0 539000
1748142453732 500.0 539500
1748142454165 500.0 540000
1748142454583 500.0 540500
1748142454985 500.0 541000
1748142455406 500.0 541500
1748142455818 500.0 542000
1748142456233 500.0 542500
1748142456658 500.0 543000
1748142457099 500.0 543500
1748142457521 500.0 544000
1748142457950 500.0 544500
1748142458358 500.0 545000
1748142458760 500.0 545500
1748142459187 500.0 546000
1748142459592 500.0 546500
1748142460048 500.0 547000
