1748142013225 1.0 500
1748142013620 2.0 1000
1748142014023 3.0 1500
1748142014441 4.0 2000
1748142014839 5.0 2500
1748142015326 6.0 3000
1748142015731 7.0 3500
1748142016143 8.0 4000
1748142016542 9.0 4500
1748142016938 10.0 5000
1748142017360 11.0 5500
1748142017769 12.0 6000
1748142018190 13.0 6500
1748142018602 14.0 7000
1748142019025 15.0 7500
1748142019442 16.0 8000
1748142019849 17.0 8500
1748142020270 18.0 9000
1748142020751 19.0 9500
1748142021201 20.0 10000
1748142021600 21.0 10500
1748142021996 22.0 11000
1748142022397 23.0 11500
1748142022792 24.0 12000
1748142023190 25.0 12500
1748142023586 26.0 13000
1748142023981 27.0 13500
1748142024383 28.0 14000
1748142024845 29.0 14500
1748142025262 30.0 15000
1748142025704 31.0 15500
1748142026187 32.0 16000
1748142026585 33.0 16500
1748142026998 34.0 17000
1748142027402 35.0 17500
1748142027793 36.0 18000
1748142028272 37.0 18500
1748142028679 38.0 19000
1748142029145 39.0 19500
1748142029557 40.0 20000
1748142029968 41.0 20500
1748142030363 42.0 21000
1748142030751 43.0 21500
1748142031148 44.0 22000
1748142031544 45.0 22500
1748142031935 46.0 23000
1748142032328 47.0 23500
1748142032720 48.0 24000
1748142033199 49.0 24500
1748142033624 50.0 25000
1748142034044 51.0 25500
1748142034447 52.0 26000
1748142034851 53.0 26500
1748142035268 54.0 27000
1748142035685 55.0 27500
1748142036094 56.0 28000
1748142036494 57.0 28500
1748142036889 58.0 29000
1748142037279 59.0 29500
1748142037675 60.0 30000
1748142038068 61.0 30500
1748142038459 62.0 31000
1748142038851 63.0 31500
1748142039243 64.0 32000
1748142039639 65.0 32500
1748142040033 66.0 33000
1748142040427 67.0 33500
1748142040815 68.0 34000
1748142041209 69.0 34500
1748142041599 70.0 35000
1748142041990 71.0 35500
1748142042441 72.0 36000
1748142042834 73.0 36500
1748142043278 74.0 37000
1748142043669 75.0 37500
1748142044055 76.0 38000
1748142044451 77.0 38500
1748142044841 78.0 39000
1748142045235 79.0 39500
1748142045629 80.0 40000
1748142046024 81.0 40500
1748142046421 82.0 41000
1748142046814 83.0 41500
1748142047206 84.0 42000
1748142047601 85.0 42500
1748142047993 86.0 43000
1748142048417 87.0 43500
1748142048825 88.0 44000
1748142049236 89.0 44500
1748142049634 90.0 45000
1748142050026 91.0 45500
1748142050415 92.0 46000
1748142050818 93.0 46500
1748142051233 94.0 47000
1748142051648 95.0 47500
1748142052047 96.0 48000
1748142052443 97.0 48500
1748142052845 98.0 49000
1748142053240 99.0 49500
1748142053631 100.0 50000
1748142054020 101.0 50500
1748142054410 102.0 51000
1748142054848 103.0 51500
1748142055253 104.0 52000
1748142055653 105.0 52500
1748142056048 106.0 53000
1748142056456 107.0 53500
1748142056871 108.0 54000
1748142057268 109.0 54500
1748142057688 110.0 55000
1748142058111 111.0 55500
1748142058542 112.0 56000
1748142058969 113.0 56500
1748142059451 114.0 57000
1748142059892 115.0 57500
1748142060389 116.0 58000
1748142060814 117.0 58500
1748142061231 118.0 59000
1748142061697 119.0 59500
1748142062118 120.0 60000
1748142062533 121.0 60500
1748142062955 122.0 61000
1748142063399 123.0 61500
1748142063816 124.0 62000
1748142064236 125.0 62500
1748142064655 126.0 63000
1748142065070 127.0 63500
1748142065481 128.0 64000
1748142065890 129.0 64500
1748142066309 130.0 65000
1748142066732 131.0 65500
1748142067143 132.0 66000
1748142067564 133.0 66500
1748142067985 134.0 67000
1748142068402 135.0 67500
1748142068825 136.0 68000
1748142069243 137.0 68500
1748142069648 138.0 69000
1748142070113 139.0 69500
1748142070539 140.0 70000
1748142070963 141.0 70500
1748142071355 142.0 71000
1748142071759 143.0 71500
1748142072150 144.0 72000
1748142072554 145.0 72500
1748142072959 146.0 73000
1748142073369 147.0 73500
1748142073783 148.0 74000
1748142074179 149.0 74500
1748142074601 150.0 75000
1748142074995 151.0 75500
1748142075390 152.0 76000
1748142075809 153.0 76500
1748142076280 154.0 77000
1748142076680 155.0 77500
1748142077073 156.0 78000
1748142077468 157.0 78500
1748142077864 158.0 79000
1748142078256 159.0 79500
1748142078648 160.0 80000
1748142079042 161.0 80500
1748142079436 162.0 81000
1748142079830 163.0 81500
1748142080228 164.0 82000
1748142080629 165.0 82500
1748142081046 166.0 83000
1748142081442 167.0 83500
1748142081834 168.0 84000
1748142082228 169.0 84500
1748142082625 170.0 85000
1748142083019 171.0 85500
1748142083414 172.0 86000
1748142083808 173.0 86500
1748142084272 174.0 87000
1748142084674 175.0 87500
1748142085130 176.0 88000
1748142085525 177.0 88500
1748142085960 178.0 89000
1748142086357 179.0 89500
1748142086753 180.0 90000
1748142087165 181.0 90500
1748142087582 182.0 91000
1748142087994 183.0 91500
1748142088390 184.0 92000
1748142088783 185.0 92500
1748142089179 186.0 93000
1748142089575 187.0 93500
1748142089971 188.0 94000
1748142090368 189.0 94500
1748142090771 190.0 95000
1748142091190 191.0 95500
1748142091587 192.0 96000
1748142091992 193.0 96500
1748142092384 194.0 97000
1748142092777 195.0 97500
1748142093168 196.0 98000
1748142093557 197.0 98500
1748142093951 198.0 99000
1748142094342 199.0 99500
1748142094735 200.0 100000
1748142095126 201.0 100500
1748142095515 202.0 101000
1748142095909 203.0 101500
1748142096303 204.0 102000
1748142096698 205.0 102500
1748142097109 206.0 103000
1748142097508 207.0 103500
1748142097910 208.0 104000
1748142098319 209.0 104500
1748142098735 210.0 105000
1748142099199 211.0 105500
1748142099619 212.0 106000
1748142100012 213.0 106500
1748142100410 214.0 107000
1748142100820 215.0 107500
1748142101245 216.0 108000
1748142101649 217.0 108500
1748142102051 218.0 109000
1748142102463 219.0 109500
1748142102884 220.0 110000
1748142103279 221.0 110500
1748142103697 222.0 111000
1748142104103 223.0 111500
1748142104522 224.0 112000
1748142104930 225.0 112500
1748142105338 226.0 113000
1748142105784 227.0 113500
1748142106196 228.0 114000
1748142106619 229.0 114500
1748142107055 230.0 115000
1748142107482 231.0 115500
1748142107910 232.0 116000
1748142108438 233.0 116500
1748142108862 234.0 117000
1748142109267 235.0 117500
1748142109669 236.0 118000
1748142110077 237.0 118500
1748142110469 238.0 119000
1748142110859 239.0 119500
1748142111344 240.0 120000
1748142111747 241.0 120500
1748142112139 242.0 121000
1748142112539 243.0 121500
1748142112934 244.0 122000
1748142113334 245.0 122500
1748142113729 246.0 123000
1748142114125 247.0 123500
1748142114519 248.0 124000
1748142114922 249.0 124500
1748142115318 250.0 125000
1748142115715 251.0 125500
1748142116137 252.0 126000
1748142116547 253.0 126500
1748142116954 254.0 127000
1748142117380 255.0 127500
1748142117846 256.0 128000
1748142118328 257.0 128500
1748142118746 258.0 129000
1748142119150 259.0 129500
1748142119550 260.0 130000
1748142119944 261.0 130500
1748142120335 262.0 131000
1748142120727 263.0 131500
1748142121121 264.0 132000
1748142121518 265.0 132500
1748142121923 266.0 133000
1748142122333 267.0 133500
1748142122732 268.0 134000
1748142123129 269.0 134500
1748142123563 270.0 135000
1748142123982 271.0 135500
1748142124419 272.0 136000
1748142124873 273.0 136500
1748142125290 274.0 137000
1748142125688 275.0 137500
1748142126098 276.0 138000
1748142126503 277.0 138500
1748142126905 278.0 139000
1748142127320 279.0 139500
1748142127737 280.0 140000
1748142128198 281.0 140500
1748142128614 282.0 141000
1748142129011 283.0 141500
1748142129412 284.0 142000
1748142129807 285.0 142500
1748142130208 286.0 143000
1748142130601 287.0 143500
1748142130991 288.0 144000
1748142131385 289.0 144500
1748142131778 290.0 145000
1748142132174 291.0 145500
1748142132577 292.0 146000
1748142132971 293.0 146500
1748142133364 294.0 147000
1748142133752 295.0 147500
1748142134144 296.0 148000
1748142134535 297.0 148500
1748142134928 298.0 149000
1748142135322 299.0 149500
1748142135714 300.0 150000
1748142136107 301.0 150500
1748142136500 302.0 151000
1748142136892 303.0 151500
1748142137282 304.0 152000
1748142137673 305.0 152500
1748142138066 306.0 153000
1748142138458 307.0 153500
1748142138850 308.0 154000
1748142139245 309.0 154500
1748142139633 310.0 155000
1748142140026 311.0 155500
1748142140416 312.0 156000
1748142140879 313.0 156500
1748142141281 314.0 157000
1748142141735 315.0 157500
1748142142130 316.0 158000
1748142142525 317.0 158500
1748142142919 318.0 159000
1748142143315 319.0 159500
1748142143708 320.0 160000
1748142144100 321.0 160500
1748142144491 322.0 161000
1748142144880 323.0 161500
1748142145272 324.0 162000
1748142145697 325.0 162500
1748142146094 326.0 163000
1748142146486 327.0 163500
1748142146881 328.0 164000
1748142147277 329.0 164500
1748142147671 330.0 165000
1748142148062 331.0 165500
1748142148457 332.0 166000
1748142148848 333.0 166500
1748142149240 334.0 167000
1748142149638 335.0 167500
1748142150031 336.0 168000
1748142150422 337.0 168500
1748142150812 338.0 169000
1748142151216 339.0 169500
1748142151630 340.0 170000
1748142152041 341.0 170500
1748142152458 342.0 171000
1748142152863 343.0 171500
1748142153269 344.0 172000
1748142153686 345.0 172500
1748142154086 346.0 173000
1748142154484 347.0 173500
1748142154876 348.0 174000
1748142155272 349.0 174500
1748142155666 350.0 175000
1748142156139 351.0 175500
1748142156549 352.0 176000
1748142156953 353.0 176500
1748142157463 354.0 177000
1748142157868 355.0 177500
1748142158265 356.0 178000
1748142158658 357.0 178500
1748142159059 358.0 179000
1748142159480 359.0 179500
1748142159886 360.0 180000
1748142160289 361.0 180500
1748142160745 362.0 181000
1748142161315 363.0 181500
1748142161756 364.0 182000
1748142162264 365.0 182500
1748142162679 366.0 183000
1748142163099 367.0 183500
1748142163522 368.0 184000
1748142163931 369.0 184500
1748142164352 370.0 185000
1748142164772 371.0 185500
1748142165280 372.0 186000
1748142165765 373.0 186500
1748142166186 374.0 187000
1748142166588 375.0 187500
1748142166982 376.0 188000
1748142167388 377.0 188500
1748142167783 378.0 189000
1748142168177 379.0 189500
1748142168568 380.0 190000
1748142168961 381.0 190500
1748142169359 382.0 191000
1748142169826 383.0 191500
1748142170247 384.0 192000
1748142170684 385.0 192500
1748142171163 386.0 193000
1748142171583 387.0 193500
1748142171999 388.0 194000
1748142172409 389.0 194500
1748142172823 390.0 195000
1748142173234 391.0 195500
1748142173638 392.0 196000
1748142174033 393.0 196500
1748142174431 394.0 197000
1748142174836 395.0 197500
1748142175242 396.0 198000
1748142175651 397.0 198500
1748142176057 398.0 199000
1748142176450 399.0 199500
1748142176850 400.0 200000
1748142177241 401.0 200500
1748142177634 402.0 201000
1748142178030 403.0 201500
1748142178423 404.0 202000
1748142178867 405.0 202500
1748142179316 406.0 203000
1748142179767 407.0 203500
1748142180168 408.0 204000
1748142180561 409.0 204500
1748142180956 410.0 205000
1748142181348 411.0 205500
1748142181742 412.0 206000
1748142182140 413.0 206500
1748142182532 414.0 207000
1748142182924 415.0 207500
1748142183317 416.0 208000
1748142183716 417.0 208500
1748142184115 418.0 209000
1748142184519 419.0 209500
1748142184912 420.0 210000
1748142185304 421.0 210500
1748142185692 422.0 211000
1748142186085 423.0 211500
1748142186478 424.0 212000
1748142186868 425.0 212500
1748142187273 426.0 213000
1748142187671 427.0 213500
1748142188065 428.0 214000
1748142188457 429.0 214500
1748142188860 430.0 215000
1748142189253 431.0 215500
1748142189645 432.0 216000
1748142190038 433.0 216500
1748142190430 434.0 217000
1748142190819 435.0 217500
1748142191213 436.0 218000
1748142191606 437.0 218500
1748142192000 438.0 219000
1748142192389 439.0 219500
1748142192793 440.0 220000
1748142193189 441.0 220500
1748142193583 442.0 221000
1748142193976 443.0 221500
1748142194369 444.0 222000
1748142194761 445.0 222500
1748142195153 446.0 223000
1748142195542 447.0 223500
1748142195934 448.0 224000
1748142196336 449.0 224500
1748142196730 450.0 225000
1748142197124 451.0 225500
1748142197519 452.0 226000
1748142197912 453.0 226500
1748142198308 454.0 227000
1748142198704 455.0 227500
1748142199099 456.0 228000
1748142199494 457.0 228500
1748142199886 458.0 229000
1748142200278 459.0 229500
1748142200670 460.0 230000
1748142201063 461.0 230500
1748142201459 462.0 231000
1748142201854 463.0 231500
1748142202246 464.0 232000
1748142202638 465.0 232500
1748142203037 466.0 233000
1748142203430 467.0 233500
1748142203822 468.0 234000
1748142204218 469.0 234500
1748142204615 470.0 235000
1748142205008 471.0 235500
1748142205405 472.0 236000
1748142205841 473.0 236500
1748142206236 474.0 237000
1748142206649 475.0 237500
1748142207044 476.0 238000
1748142207440 477.0 238500
1748142207834 478.0 239000
1748142208291 479.0 239500
1748142208685 480.0 240000
1748142209077 481.0 240500
1748142209469 482.0 241000
1748142209864 483.0 241500
1748142210258 484.0 242000
1748142210649 485.0 242500
1748142211041 486.0 243000
1748142211435 487.0 243500
1748142211829 488.0 244000
1748142212224 489.0 244500
1748142212616 490.0 245000
1748142213010 491.0 245500
1748142213402 492.0 246000
1748142213794 493.0 246500
1748142214188 494.0 247000
1748142214582 495.0 247500
1748142214976 496.0 248000
1748142215368 497.0 248500
1748142215760 498.0 249000
1748142216152 499.0 249500
1748142216545 500.0 250000
1748142216935 501.0 250500
1748142217332 502.0 251000
1748142217726 503.0 251500
1748142218118 504.0 252000
1748142218510 505.0 252500
1748142218901 506.0 253000
1748142219294 507.0 253500
1748142219686 508.0 254000
1748142220075 509.0 254500
1748142220469 510.0 255000
1748142220861 511.0 255500
1748142221258 512.0 256000
1748142221652 513.0 256500
1748142222047 514.0 257000
1748142222437 515.0 257500
1748142222829 516.0 258000
1748142223228 517.0 258500
1748142223621 518.0 259000
1748142224050 519.0 259500
1748142224494 520.0 260000
1748142224906 521.0 260500
1748142225309 522.0 261000
1748142225705 523.0 261500
1748142226100 524.0 262000
1748142226498 525.0 262500
1748142226896 526.0 263000
1748142227291 527.0 263500
1748142227862 528.0 264000
1748142228263 529.0 264500
1748142228659 530.0 265000
1748142229067 531.0 265500
1748142229469 532.0 266000
1748142229903 533.0 266500
1748142230311 534.0 267000
1748142230714 535.0 267500
1748142231117 536.0 268000
1748142231519 537.0 268500
1748142231925 538.0 269000
1748142232326 539.0 269500
1748142232731 540.0 270000
1748142233131 541.0 270500
1748142233532 542.0 271000
1748142233929 543.0 271500
1748142234323 544.0 272000
1748142234726 545.0 272500
1748142235127 546.0 273000
1748142235531 547.0 273500
1748142235932 548.0 274000
1748142236335 549.0 274500
1748142236735 550.0 275000
1748142237136 551.0 275500
1748142237539 552.0 276000
1748142237940 553.0 276500
1748142238351 554.0 277000
1748142238750 555.0 277500
1748142239188 556.0 278000
1748142239590 557.0 278500
1748142239985 558.0 279000
1748142240393 559.0 279500
1748142240791 560.0 280000
1748142241197 561.0 280500
1748142241596 562.0 281000
1748142241993 563.0 281500
1748142242398 564.0 282000
1748142242805 565.0 282500
1748142243207 566.0 283000
1748142243636 567.0 283500
1748142244043 568.0 284000
1748142244496 569.0 284500
1748142244900 570.0 285000
1748142245300 571.0 285500
1748142245702 572.0 286000
1748142246104 573.0 286500
1748142246510 574.0 287000
1748142246914 575.0 287500
1748142247322 576.0 288000
1748142247723 577.0 288500
1748142248131 578.0 289000
1748142248552 579.0 289500
1748142248966 580.0 290000
1748142249378 581.0 290500
1748142249823 582.0 291000
1748142250335 583.0 291500
1748142250748 584.0 292000
1748142251153 585.0 292500
1748142251552 586.0 293000
1748142251951 587.0 293500
1748142252347 588.0 294000
1748142252747 589.0 294500
1748142253140 590.0 295000
1748142253534 591.0 295500
1748142253928 592.0 296000
1748142254321 593.0 296500
1748142254714 594.0 297000
1748142255111 595.0 297500
1748142255509 596.0 298000
1748142255901 597.0 298500
1748142256301 598.0 299000
1748142256700 599.0 299500
1748142257091 600.0 300000
1748142257485 601.0 300500
1748142257888 602.0 301000
1748142258281 603.0 301500
1748142258676 604.0 302000
1748142259066 605.0 302500
1748142259460 606.0 303000
1748142259866 607.0 303500
1748142260275 608.0 304000
1748142260744 609.0 304500
1748142261170 610.0 305000
1748142261580 611.0 305500
1748142261993 612.0 306000
1748142262411 613.0 306500
1748142262814 614.0 307000
1748142263208 615.0 307500
1748142263690 616.0 308000
1748142264133 617.0 308500
1748142264559 618.0 309000
1748142264972 619.0 309500
1748142265368 620.0 310000
1748142265799 621.0 310500
1748142266196 622.0 311000
1748142266617 623.0 311500
1748142267030 624.0 312000
1748142267429 625.0 312500
1748142267828 626.0 313000
1748142268228 627.0 313500
1748142268630 628.0 314000
1748142269039 629.0 314500
1748142269447 630.0 315000
1748142269862 631.0 315500
1748142270284 632.0 316000
1748142270707 633.0 316500
1748142271115 634.0 317000
1748142271547 635.0 317500
1748142271961 636.0 318000
1748142272364 637.0 318500
1748142272778 638.0 319000
1748142273172 639.0 319500
1748142273580 640.0 320000
1748142273976 641.0 320500
1748142274437 642.0 321000
1748142274847 643.0 321500
1748142275249 644.0 322000
1748142275653 645.0 322500
1748142276048 646.0 323000
1748142276448 647.0 323500
1748142276849 648.0 324000
1748142277273 649.0 324500
1748142277668 650.0 325000
1748142278065 651.0 325500
1748142278482 652.0 326000
1748142278884 653.0 326500
1748142279276 654.0 327000
1748142279670 655.0 327500
1748142280064 656.0 328000
1748142280461 657.0 328500
1748142280855 658.0 329000
1748142281250 659.0 329500
1748142281646 660.0 330000
1748142282043 661.0 330500
1748142282440 662.0 331000
1748142282833 663.0 331500
1748142283228 664.0 332000
1748142283620 665.0 332500
1748142284011 666.0 333000
1748142284405 667.0 333500
1748142284797 668.0 334000
1748142285190 669.0 334500
1748142285588 670.0 335000
1748142285981 671.0 335500
1748142286378 672.0 336000
1748142286774 673.0 336500
1748142287166 674.0 337000
1748142287564 675.0 337500
1748142287959 676.0 338000
1748142288353 677.0 338500
1748142288752 678.0 339000
1748142289143 679.0 339500
1748142289536 680.0 340000
1748142289930 681.0 340500
1748142290324 682.0 341000
1748142290716 683.0 341500
1748142291110 684.0 342000
1748142291505 685.0 342500
1748142291898 686.0 343000
1748142292295 687.0 343500
1748142292688 688.0 344000
1748142293080 689.0 344500
1748142293477 690.0 345000
1748142293868 691.0 345500
1748142294259 692.0 346000
1748142294654 693.0 346500
1748142295055 694.0 347000
1748142295451 695.0 347500
1748142295847 696.0 348000
1748142296238 697.0 348500
1748142296635 698.0 349000
1748142297031 699.0 349500
1748142297427 700.0 350000
1748142297817 701.0 350500
1748142298239 702.0 351000
1748142298629 703.0 351500
1748142299025 704.0 352000
1748142299419 705.0 352500
1748142299823 706.0 353000
1748142300247 707.0 353500
1748142300651 708.0 354000
1748142301045 709.0 354500
1748142301444 710.0 355000
1748142301838 711.0 355500
1748142302232 712.0 356000
1748142302626 713.0 356500
1748142303019 714.0 357000
1748142303414 715.0 357500
1748142303812 716.0 358000
1748142304208 717.0 358500
1748142304623 718.0 359000
1748142305018 719.0 359500
1748142305413 720.0 360000
1748142305807 721.0 360500
1748142306204 722.0 361000
1748142306598 723.0 361500
1748142307024 724.0 362000
1748142307419 725.0 362500
1748142307812 726.0 363000
1748142308205 727.0 363500
1748142308597 728.0 364000
1748142308989 729.0 364500
1748142309386 730.0 365000
1748142309788 731.0 365500
1748142310178 732.0 366000
1748142310571 733.0 366500
1748142310966 734.0 367000
1748142311360 735.0 367500
1748142311753 736.0 368000
1748142312145 737.0 368500
1748142312537 738.0 369000
1748142312930 739.0 369500
1748142313328 740.0 370000
1748142313725 741.0 370500
1748142314119 742.0 371000
1748142314510 743.0 371500
1748142314904 744.0 372000
1748142315296 745.0 372500
1748142315688 746.0 373000
1748142316082 747.0 373500
1748142316482 748.0 374000
1748142316873 749.0 374500
1748142317266 750.0 375000
1748142317662 751.0 375500
1748142318057 752.0 376000
1748142318449 753.0 376500
1748142318843 754.0 377000
1748142319230 755.0 377500
1748142319621 756.0 378000
1748142320014 757.0 378500
1748142320409 758.0 379000
1748142320803 759.0 379500
1748142321202 760.0 380000
1748142321599 761.0 380500
1748142321991 762.0 381000
1748142322386 763.0 381500
1748142322781 764.0 382000
1748142323187 765.0 382500
1748142323592 766.0 383000
1748142324092 767.0 383500
1748142324523 768.0 384000
1748142324986 769.0 384500
1748142325504 770.0 385000
1748142325946 771.0 385500
1748142326357 772.0 386000
1748142326761 773.0 386500
1748142327205 774.0 387000
1748142327600 775.0 387500
1748142327995 776.0 388000
1748142328397 777.0 388500
1748142328819 778.0 389000
1748142329314 779.0 389500
1748142329734 780.0 390000
1748142330147 781.0 390500
1748142330551 782.0 391000
1748142330948 783.0 391500
1748142331347 784.0 392000
1748142331760 785.0 392500
1748142332167 786.0 393000
1748142332565 787.0 393500
1748142332969 788.0 394000
1748142333379 789.0 394500
1748142333792 790.0 395000
1748142334191 791.0 395500
1748142334588 792.0 396000
1748142334981 793.0 396500
1748142335390 794.0 397000
1748142335806 795.0 397500
1748142336218 796.0 398000
1748142336617 797.0 398500
1748142337023 798.0 399000
1748142337484 799.0 399500
1748142337883 800.0 400000
1748142338326 801.0 400500
1748142338725 802.0 401000
1748142339120 803.0 401500
1748142339511 804.0 402000
1748142339906 805.0 402500
1748142340310 806.0 403000
1748142340727 807.0 403500
1748142341161 808.0 404000
1748142341652 809.0 404500
1748142342060 810.0 405000
1748142342452 811.0 405500
1748142342849 812.0 406000
1748142343247 813.0 406500
1748142343643 814.0 407000
1748142344034 815.0 407500
1748142344456 816.0 408000
1748142344874 817.0 408500
1748142345270 818.0 409000
1748142345687 819.0 409500
1748142346087 820.0 410000
1748142346504 821.0 410500
1748142346915 822.0 411000
1748142347399 823.0 411500
1748142347873 824.0 412000
1748142348342 825.0 412500
1748142348770 826.0 413000
1748142349240 827.0 413500
1748142349657 828.0 414000
1748142350065 829.0 414500
1748142350489 830.0 415000
1748142350923 831.0 415500
1748142351358 832.0 416000
1748142351755 833.0 416500
1748142352249 834.0 417000
1748142352645 835.0 417500
1748142353066 836.0 418000
1748142353461 837.0 418500
1748142353865 838.0 419000
1748142354259 839.0 419500
1748142354659 840.0 420000
1748142355138 841.0 420500
1748142355536 842.0 421000
1748142355939 843.0 421500
1748142356336 844.0 422000
1748142356732 845.0 422500
1748142357137 846.0 423000
1748142357534 847.0 423500
1748142357930 848.0 424000
1748142358325 849.0 424500
1748142358725 850.0 425000
1748142359121 851.0 425500
1748142359529 852.0 426000
1748142359991 853.0 426500
1748142360455 854.0 427000
1748142360874 855.0 427500
1748142361277 856.0 428000
1748142361696 857.0 428500
1748142362103 858.0 429000
1748142362498 859.0 429500
1748142362887 860.0 430000
1748142363329 861.0 430500
1748142363723 862.0 431000
1748142364118 863.0 431500
1748142364536 864.0 432000
1748142364951 865.0 432500
1748142365376 866.0 433000
1748142365815 867.0 433500
1748142366224 868.0 434000
1748142366621 869.0 434500
1748142367083 870.0 435000
1748142367498 871.0 435500
1748142367903 872.0 436000
1748142368307 873.0 436500
1748142368726 874.0 437000
1748142369169 875.0 437500
1748142369586 876.0 438000
1748142370020 877.0 438500
1748142370426 878.0 439000
1748142370832 879.0 439500
1748142371263 880.0 440000
1748142371679 881.0 440500
1748142372084 882.0 441000
1748142372488 883.0 441500
1748142372890 884.0 442000
1748142373456 885.0 442500
1748142373904 886.0 443000
1748142374341 887.0 443500
1748142374746 888.0 444000
1748142375154 889.0 444500
1748142375549 890.0 445000
1748142375948 891.0 445500
1748142376347 892.0 446000
1748142376753 893.0 446500
1748142377153 894.0 447000
1748142377552 895.0 447500
1748142377947 896.0 448000
1748142378346 897.0 448500
1748142378743 898.0 449000
1748142379135 899.0 449500
1748142379532 900.0 450000
1748142379948 901.0 450500
1748142380341 902.0 451000
1748142380732 903.0 451500
1748142381134 904.0 452000
1748142381532 905.0 452500
1748142381933 906.0 453000
1748142382340 907.0 453500
1748142382737 908.0 454000
1748142383159 909.0 454500
1748142383561 910.0 455000
1748142383960 911.0 455500
1748142384358 912.0 456000
1748142384761 913.0 456500
1748142385156 914.0 457000
1748142385569 915.0 457500
1748142385970 916.0 458000
1748142386396 917.0 458500
1748142386792 918.0 459000
1748142387190 919.0 459500
1748142387585 920.0 460000
1748142387980 921.0 460500
1748142388380 922.0 461000
1748142388779 923.0 461500
1748142389175 924.0 462000
1748142389576 925.0 462500
1748142389976 926.0 463000
1748142390370 927.0 463500
1748142390767 928.0 464000
1748142391164 929.0 464500
1748142391563 930.0 465000
1748142391972 931.0 465500
1748142392387 932.0 466000
1748142392785 933.0 466500
1748142393192 934.0 467000
1748142393593 935.0 467500
1748142393992 936.0 468000
1748142394393 937.0 468500
1748142394793 938.0 469000
1748142395192 939.0 469500
1748142395595 940.0 470000
1748142396031 941.0 470500
1748142396449 942.0 471000
1748142396860 943.0 471500
1748142397257 944.0 472000
1748142397660 945.0 472500
1748142398055 946.0 473000
1748142398449 947.0 473500
1748142398849 948.0 474000
1748142399249 949.0 474500
1748142399652 950.0 475000
1748142400075 951.0 475500
1748142400486 952.0 476000
1748142400901 953.0 476500
1748142401335 954.0 477000
1748142401760 955.0 477500
1748142402183 956.0 478000
1748142402599 957.0 478500
1748142403012 958.0 479000
1748142403464 959.0 479500
1748142403887 960.0 480000
1748142404314 961.0 480500
1748142404744 962.0 481000
1748142405164 963.0 481500
1748142405581 964.0 482000
1748142405995 965.0 482500
1748142406414 966.0 483000
1748142406848 967.0 483500
1748142407311 968.0 484000
1748142407740 969.0 484500
1748142408164 970.0 485000
1748142408583 971.0 485500
1748142409007 972.0 486000
1748142409432 973.0 486500
1748142409854 974.0 487000
1748142410274 975.0 487500
1748142410689 976.0 488000
1748142411105 977.0 488500
1748142411522 978.0 489000
1748142411945 979.0 489500
1748142412353 980.0 490000
1748142412757 981.0 490500
1748142413166 982.0 491000
1748142413570 983.0 491500
1748142413998 984.0 492000
1748142414401 985.0 492500
1748142414804 986.0 493000
1748142415207 987.0 493500
1748142415612 988.0 494000
1748142416012 989.0 494500
1748142416408 990.0 495000
1748142416812 991.0 495500
1748142417215 992.0 496000
1748142417613 993.0 496500
1748142418009 994.0 497000
1748142418414 995.0 497500
1748142418830 996.0 498000
1748142419255 997.0 498500
1748142419679 998.0 499000
1748142420133 999.0 499500
1748142420529 1000.0 500000
1748142420924 1001.0 500500
1748142421325 1002.0 501000
1748142421731 1003.0 501500
1748142422132 1004.0 502000
1748142422542 1005.0 502500
1748142422941 1006.0 503000
1748142423390 1007.0 503500
1748142423814 1008.0 504000
1748142424246 1009.0 504500
1748142424672 1010.0 505000
1748142425083 1011.0 505500
1748142425477 1012.0 506000
1748142425870 1013.0 506500
1748142426272 1014.0 507000
1748142426668 1015.0 507500
1748142427060 1016.0 508000
1748142427458 1017.0 508500
1748142427879 1018.0 509000
1748142428299 1019.0 509500
1748142428727 1020.0 510000
1748142429144 1021.0 510500
1748142429563 1022.0 511000
1748142429978 1023.0 511500
1748142430398 1024.0 512000
1748142430817 1025.0 512500
1748142431233 1026.0 513000
1748142431658 1027.0 513500
1748142432088 1028.0 514000
1748142432510 1029.0 514500
1748142432928 1030.0 515000
1748142433345 1031.0 515500
1748142433759 1032.0 516000
1748142434171 1033.0 516500
1748142434588 1034.0 517000
1748142435003 1035.0 517500
1748142435422 1036.0 518000
1748142435852 1037.0 518500
1748142436283 1038.0 519000
1748142436708 1039.0 519500
1748142437131 1040.0 520000
1748142437556 1041.0 520500
1748142437981 1042.0 521000
1748142438392 1043.0 521500
1748142438796 1044.0 522000
1748142439205 1045.0 522500
1748142439598 1046.0 523000
1748142440001 1047.0 523500
1748142440425 1048.0 524000
1748142440867 1049.0 524500
1748142441274 1050.0 525000
1748142441672 1051.0 525500
1748142442076 1052.0 526000
1748142442487 1053.0 526500
1748142442883 1054.0 527000
1748142443298 1055.0 527500
1748142443704 1056.0 528000
1748142444121 1057.0 528500
1748142444522 1058.0 529000
1748142444943 1059.0 529500
1748142445346 1060.0 530000
1748142445754 1061.0 530500
1748142446201 1062.0 531000
1748142446605 1063.0 531500
1748142447016 1064.0 532000
1748142447421 1065.0 532500
1748142447818 1066.0 533000
1748142448323 1067.0 533500
1748142448769 1068.0 534000
1748142449326 1069.0 534500
1748142449857 1070.0 535000
1748142450287 1071.0 535500
1748142450724 1072.0 536000
1748142451192 1073.0 536500
1748142451600 1074.0 537000
1748142452027 1075.0 537500
1748142452471 1076.0 538000
1748142452890 1077.0 538500
1748142453308 1078.0 539000
1748142453731 1079.0 539500
1748142454164 1080.0 540000
1748142454582 1081.0 540500
1748142454984 1082.0 541000
1748142455405 1083.0 541500
1748142455817 1084.0 542000
1748142456232 1085.0 542500
1748142456658 1086.0 543000
1748142457098 1087.0 543500
1748142457520 1088.0 544000
1748142457949 1089.0 544500
1748142458358 1090.0 545000
1748142458760 1091.0 545500
1748142459187 1092.0 546000
1748142459591 1093.0 546500
1748142460047 1094.0 547000
