1748142013227 3.0 500
1748142013622 1.0 1000
1748142014025 2.0 1500
1748142014443 1.0 2000
1748142014841 1.0 2500
1748142015328 1.0 3000
1748142015733 1.0 3500
1748142016145 1.0 4000
1748142016544 1.0 4500
1748142016940 1.0 5000
1748142017363 1.0 5500
1748142017771 1.0 6000
1748142018192 1.0 6500
1748142018604 1.0 7000
1748142019027 1.0 7500
1748142019444 1.0 8000
1748142019851 1.0 8500
1748142020272 1.0 9000
1748142020753 1.0 9500
1748142021203 1.0 10000
1748142021602 1.0 10500
1748142021998 1.0 11000
1748142022399 1.0 11500
1748142022794 1.0 12000
1748142023193 1.0 12500
1748142023588 1.0 13000
1748142023983 1.0 13500
1748142024385 1.0 14000
1748142024847 1.0 14500
1748142025264 1.0 15000
1748142025706 1.0 15500
1748142026189 1.0 16000
1748142026587 1.0 16500
1748142027000 1.0 17000
1748142027404 1.0 17500
1748142027795 1.0 18000
1748142028275 1.0 18500
1748142028682 1.0 19000
1748142029147 1.0 19500
1748142029559 1.0 20000
1748142029970 1.0 20500
1748142030365 1.0 21000
1748142030753 1.0 21500
1748142031150 1.0 22000
1748142031546 1.0 22500
1748142031937 1.0 23000
1748142032330 1.0 23500
1748142032722 1.0 24000
1748142033201 1.0 24500
1748142033626 1.0 25000
1748142034046 1.0 25500
1748142034450 1.0 26000
1748142034853 1.0 26500
1748142035270 1.0 27000
1748142035687 1.0 27500
1748142036096 1.0 28000
1748142036496 1.0 28500
1748142036891 1.0 29000
1748142037281 1.0 29500
1748142037677 1.0 30000
1748142038070 1.0 30500
1748142038461 1.0 31000
1748142038853 1.0 31500
1748142039245 1.0 32000
1748142039642 1.0 32500
1748142040035 1.0 33000
1748142040429 1.0 33500
1748142040817 1.0 34000
1748142041211 1.0 34500
1748142041601 1.0 35000
1748142041992 1.0 35500
1748142042444 1.0 36000
1748142042836 1.0 36500
1748142043280 1.0 37000
1748142043671 1.0 37500
1748142044057 1.0 38000
1748142044453 1.0 38500
1748142044843 1.0 39000
1748142045237 1.0 39500
1748142045631 1.0 40000
1748142046027 1.0 40500
1748142046423 1.0 41000
1748142046816 1.0 41500
1748142047208 1.0 42000
1748142047603 1.0 42500
1748142047995 1.0 43000
1748142048420 1.0 43500
1748142048827 1.0 44000
1748142049238 1.0 44500
1748142049636 1.0 45000
1748142050027 1.0 45500
1748142050417 1.0 46000
1748142050820 1.0 46500
1748142051235 1.0 47000
1748142051651 1.0 47500
1748142052049 1.0 48000
1748142052445 1.0 48500
1748142052847 1.0 49000
1748142053242 1.0 49500
1748142053633 1.0 50000
1748142054023 1.0 50500
1748142054412 0.0 51000
1748142054850 1.0 51500
1748142055255 1.0 52000
1748142055655 1.0 52500
1748142056050 1.0 53000
1748142056458 1.0 53500
1748142056873 1.0 54000
1748142057271 1.0 54500
1748142057690 1.0 55000
1748142058114 1.0 55500
1748142058544 1.0 56000
1748142058971 1.0 56500
1748142059453 1.0 57000
1748142059895 1.0 57500
1748142060391 1.0 58000
1748142060816 1.0 58500
1748142061233 1.0 59000
1748142061699 1.0 59500
1748142062120 1.0 60000
1748142062535 1.0 60500
1748142062957 1.0 61000
1748142063401 1.0 61500
1748142063818 1.0 62000
1748142064239 1.0 62500
1748142064657 1.0 63000
1748142065073 1.0 63500
1748142065484 1.0 64000
1748142065892 1.0 64500
1748142066311 1.0 65000
1748142066734 1.0 65500
1748142067145 1.0 66000
1748142067566 1.0 66500
1748142067987 1.0 67000
1748142068404 1.0 67500
1748142068827 1.0 68000
1748142069246 1.0 68500
1748142069650 0.0 69000
1748142070115 1.0 69500
1748142070541 1.0 70000
1748142070965 1.0 70500
1748142071357 1.0 71000
1748142071761 1.0 71500
1748142072152 1.0 72000
1748142072556 1.0 72500
1748142072961 1.0 73000
1748142073371 1.0 73500
1748142073786 1.0 74000
1748142074181 1.0 74500
1748142074603 1.0 75000
1748142074997 1.0 75500
1748142075392 1.0 76000
1748142075811 1.0 76500
1748142076282 1.0 77000
1748142076682 1.0 77500
1748142077075 1.0 78000
1748142077470 1.0 78500
1748142077867 1.0 79000
1748142078258 1.0 79500
1748142078650 1.0 80000
1748142079044 1.0 80500
1748142079438 1.0 81000
1748142079833 1.0 81500
1748142080230 1.0 82000
1748142080632 1.0 82500
1748142081048 1.0 83000
1748142081444 1.0 83500
1748142081837 1.0 84000
1748142082231 1.0 84500
1748142082627 1.0 85000
1748142083021 1.0 85500
1748142083416 1.0 86000
1748142083810 1.0 86500
1748142084274 1.0 87000
1748142084676 1.0 87500
1748142085132 1.0 88000
1748142085527 1.0 88500
1748142085962 1.0 89000
1748142086359 1.0 89500
1748142086755 1.0 90000
1748142087167 1.0 90500
1748142087584 1.0 91000
1748142087996 1.0 91500
1748142088392 1.0 92000
1748142088786 1.0 92500
1748142089182 1.0 93000
1748142089577 1.0 93500
1748142089974 1.0 94000
1748142090370 1.0 94500
1748142090773 1.0 95000
1748142091192 1.0 95500
1748142091589 1.0 96000
1748142091994 1.0 96500
1748142092386 1.0 97000
1748142092779 1.0 97500
1748142093170 1.0 98000
1748142093559 1.0 98500
1748142093953 1.0 99000
1748142094344 1.0 99500
1748142094737 1.0 100000
1748142095128 1.0 100500
1748142095517 1.0 101000
1748142095911 1.0 101500
1748142096305 1.0 102000
1748142096700 1.0 102500
1748142097111 1.0 103000
1748142097511 1.0 103500
1748142097912 1.0 104000
1748142098321 1.0 104500
1748142098739 1.0 105000
1748142099201 1.0 105500
1748142099621 1.0 106000
1748142100014 1.0 106500
1748142100413 1.0 107000
1748142100822 1.0 107500
1748142101247 1.0 108000
1748142101651 1.0 108500
1748142102053 1.0 109000
1748142102466 1.0 109500
1748142102886 1.0 110000
1748142103281 1.0 110500
1748142103699 1.0 111000
1748142104105 1.0 111500
1748142104526 1.0 112000
1748142104932 1.0 112500
1748142105340 1.0 113000
1748142105786 1.0 113500
1748142106198 1.0 114000
1748142106621 1.0 114500
1748142107059 1.0 115000
1748142107484 1.0 115500
1748142107912 1.0 116000
1748142108440 1.0 116500
1748142108864 1.0 117000
1748142109269 1.0 117500
1748142109671 1.0 118000
1748142110079 1.0 118500
1748142110471 1.0 119000
1748142110861 1.0 119500
1748142111346 1.0 120000
1748142111750 1.0 120500
1748142112141 1.0 121000
1748142112542 1.0 121500
1748142112936 1.0 122000
1748142113336 1.0 122500
1748142113731 1.0 123000
1748142114127 1.0 123500
1748142114521 1.0 124000
1748142114924 1.0 124500
1748142115320 1.0 125000
1748142115717 1.0 125500
1748142116139 1.0 126000
1748142116549 1.0 126500
1748142116956 1.0 127000
1748142117382 1.0 127500
1748142117848 1.0 128000
1748142118330 1.0 128500
1748142118748 1.0 129000
1748142119153 1.0 129500
1748142119553 1.0 130000
1748142119946 1.0 130500
1748142120337 1.0 131000
1748142120729 1.0 131500
1748142121123 1.0 132000
1748142121520 1.0 132500
1748142121925 1.0 133000
1748142122335 1.0 133500
1748142122734 1.0 134000
1748142123132 1.0 134500
1748142123565 1.0 135000
1748142123985 1.0 135500
1748142124424 1.0 136000
1748142124876 1.0 136500
1748142125292 1.0 137000
1748142125690 1.0 137500
1748142126100 1.0 138000
1748142126505 1.0 138500
1748142126907 1.0 139000
1748142127322 1.0 139500
1748142127739 1.0 140000
1748142128200 0.0 140500
1748142128616 1.0 141000
1748142129014 1.0 141500
1748142129414 1.0 142000
1748142129809 1.0 142500
1748142130211 1.0 143000
1748142130603 1.0 143500
1748142130993 1.0 144000
1748142131386 1.0 144500
1748142131780 1.0 145000
1748142132176 1.0 145500
1748142132580 1.0 146000
1748142132973 1.0 146500
1748142133365 0.0 147000
1748142133754 1.0 147500
1748142134146 1.0 148000
1748142134537 1.0 148500
1748142134930 1.0 149000
1748142135324 1.0 149500
1748142135716 1.0 150000
1748142136109 1.0 150500
1748142136502 1.0 151000
1748142136894 1.0 151500
1748142137284 1.0 152000
1748142137675 1.0 152500
1748142138068 1.0 153000
1748142138460 1.0 153500
1748142138852 1.0 154000
1748142139247 1.0 154500
1748142139635 1.0 155000
1748142140028 1.0 155500
1748142140418 1.0 156000
1748142140881 1.0 156500
1748142141283 1.0 157000
1748142141737 1.0 157500
1748142142132 1.0 158000
1748142142527 1.0 158500
1748142142921 1.0 159000
1748142143317 1.0 159500
1748142143710 1.0 160000
1748142144102 1.0 160500
1748142144493 1.0 161000
1748142144882 1.0 161500
1748142145274 1.0 162000
1748142145699 1.0 162500
1748142146096 1.0 163000
1748142146488 1.0 163500
1748142146884 1.0 164000
1748142147279 1.0 164500
1748142147673 1.0 165000
1748142148064 1.0 165500
1748142148459 1.0 166000
1748142148849 1.0 166500
1748142149242 1.0 167000
1748142149640 1.0 167500
1748142150033 1.0 168000
1748142150424 1.0 168500
1748142150814 1.0 169000
1748142151219 1.0 169500
1748142151632 1.0 170000
1748142152043 1.0 170500
1748142152460 1.0 171000
1748142152865 1.0 171500
1748142153271 1.0 172000
1748142153688 1.0 172500
1748142154088 1.0 173000
1748142154486 1.0 173500
1748142154878 1.0 174000
1748142155274 1.0 174500
1748142155668 1.0 175000
1748142156141 1.0 175500
1748142156551 1.0 176000
1748142156955 1.0 176500
1748142157465 1.0 177000
1748142157870 1.0 177500
1748142158267 1.0 178000
1748142158660 1.0 178500
1748142159061 1.0 179000
1748142159482 1.0 179500
1748142159888 1.0 180000
1748142160291 1.0 180500
1748142160747 1.0 181000
1748142161317 1.0 181500
1748142161758 1.0 182000
1748142162267 1.0 182500
1748142162681 1.0 183000
1748142163101 1.0 183500
1748142163524 1.0 184000
1748142163934 1.0 184500
1748142164354 1.0 185000
1748142164775 1.0 185500
1748142165282 1.0 186000
1748142165767 1.0 186500
1748142166189 1.0 187000
1748142166590 1.0 187500
1748142166984 1.0 188000
1748142167390 1.0 188500
1748142167785 1.0 189000
1748142168179 1.0 189500
1748142168570 1.0 190000
1748142168963 1.0 190500
1748142169361 1.0 191000
1748142169828 1.0 191500
1748142170249 1.0 192000
1748142170686 1.0 192500
1748142171165 1.0 193000
1748142171586 1.0 193500
1748142172001 1.0 194000
1748142172411 1.0 194500
1748142172825 1.0 195000
1748142173236 1.0 195500
1748142173640 1.0 196000
1748142174035 1.0 196500
1748142174433 1.0 197000
1748142174838 1.0 197500
1748142175244 1.0 198000
1748142175653 1.0 198500
1748142176059 1.0 199000
1748142176452 1.0 199500
1748142176852 1.0 200000
1748142177243 1.0 200500
1748142177636 1.0 201000
1748142178032 1.0 201500
1748142178425 1.0 202000
1748142178869 1.0 202500
1748142179319 1.0 203000
1748142179769 1.0 203500
1748142180170 1.0 204000
1748142180563 1.0 204500
1748142180958 1.0 205000
1748142181350 1.0 205500
1748142181744 1.0 206000
1748142182142 1.0 206500
1748142182534 1.0 207000
1748142182926 1.0 207500
1748142183319 1.0 208000
1748142183721 1.0 208500
1748142184117 1.0 209000
1748142184521 1.0 209500
1748142184914 1.0 210000
1748142185306 1.0 210500
1748142185694 1.0 211000
1748142186087 1.0 211500
1748142186480 1.0 212000
1748142186870 1.0 212500
1748142187275 1.0 213000
1748142187674 1.0 213500
1748142188067 1.0 214000
1748142188459 1.0 214500
1748142188862 1.0 215000
1748142189255 1.0 215500
1748142189647 1.0 216000
1748142190040 1.0 216500
1748142190432 1.0 217000
1748142190821 1.0 217500
1748142191215 1.0 218000
1748142191608 1.0 218500
1748142192002 1.0 219000
1748142192391 1.0 219500
1748142192795 1.0 220000
1748142193191 1.0 220500
1748142193585 1.0 221000
1748142193978 1.0 221500
1748142194371 1.0 222000
1748142194763 1.0 222500
1748142195155 1.0 223000
1748142195544 1.0 223500
1748142195936 1.0 224000
1748142196338 1.0 224500
1748142196732 1.0 225000
1748142197126 1.0 225500
1748142197521 1.0 226000
1748142197914 1.0 226500
1748142198310 1.0 227000
1748142198706 1.0 227500
1748142199101 1.0 228000
1748142199496 1.0 228500
1748142199888 1.0 229000
1748142200280 1.0 229500
1748142200672 1.0 230000
1748142201065 1.0 230500
1748142201461 1.0 231000
1748142201856 1.0 231500
1748142202248 1.0 232000
1748142202640 1.0 232500
1748142203039 1.0 233000
1748142203432 1.0 233500
1748142203824 1.0 234000
1748142204220 1.0 234500
1748142204617 1.0 235000
1748142205011 1.0 235500
1748142205406 1.0 236000
1748142205843 1.0 236500
1748142206238 1.0 237000
1748142206651 1.0 237500
1748142207046 1.0 238000
1748142207443 1.0 238500
1748142207836 1.0 239000
1748142208293 1.0 239500
1748142208687 1.0 240000
1748142209079 1.0 240500
1748142209471 1.0 241000
1748142209866 1.0 241500
1748142210260 1.0 242000
1748142210651 1.0 242500
1748142211043 1.0 243000
1748142211437 1.0 243500
1748142211831 1.0 244000
1748142212226 1.0 244500
1748142212618 1.0 245000
1748142213012 1.0 245500
1748142213404 1.0 246000
1748142213796 1.0 246500
1748142214190 1.0 247000
1748142214584 1.0 247500
1748142214979 1.0 248000
1748142215370 1.0 248500
1748142215762 1.0 249000
1748142216154 1.0 249500
1748142216547 1.0 250000
1748142216938 1.0 250500
1748142217334 1.0 251000
1748142217728 1.0 251500
1748142218120 1.0 252000
1748142218512 1.0 252500
1748142218904 1.0 253000
1748142219296 1.0 253500
1748142219688 1.0 254000
1748142220077 1.0 254500
1748142220471 1.0 255000
1748142220863 1.0 255500
1748142221260 1.0 256000
1748142221654 1.0 256500
1748142222049 1.0 257000
1748142222439 1.0 257500
1748142222831 1.0 258000
1748142223230 1.0 258500
1748142223624 1.0 259000
1748142224052 1.0 259500
1748142224496 1.0 260000
1748142224909 1.0 260500
1748142225311 1.0 261000
1748142225707 1.0 261500
1748142226102 1.0 262000
1748142226500 1.0 262500
1748142226898 1.0 263000
1748142227293 1.0 263500
1748142227865 1.0 264000
1748142228265 1.0 264500
1748142228661 1.0 265000
1748142229069 1.0 265500
1748142229472 1.0 266000
1748142229905 1.0 266500
1748142230313 1.0 267000
1748142230716 1.0 267500
1748142231119 1.0 268000
1748142231521 1.0 268500
1748142231927 1.0 269000
1748142232328 1.0 269500
1748142232733 1.0 270000
1748142233134 1.0 270500
1748142233534 1.0 271000
1748142233931 1.0 271500
1748142234325 1.0 272000
1748142234728 1.0 272500
1748142235129 1.0 273000
1748142235533 1.0 273500
1748142235934 1.0 274000
1748142236338 1.0 274500
1748142236737 1.0 275000
1748142237138 1.0 275500
1748142237541 1.0 276000
1748142237943 1.0 276500
1748142238354 1.0 277000
1748142238753 1.0 277500
1748142239190 1.0 278000
1748142239592 1.0 278500
1748142239987 1.0 279000
1748142240395 1.0 279500
1748142240793 1.0 280000
1748142241199 1.0 280500
1748142241599 1.0 281000
1748142241995 1.0 281500
1748142242400 1.0 282000
1748142242807 1.0 282500
1748142243209 1.0 283000
1748142243638 1.0 283500
1748142244045 1.0 284000
1748142244498 1.0 284500
1748142244902 1.0 285000
1748142245302 1.0 285500
1748142245704 1.0 286000
1748142246107 1.0 286500
1748142246512 1.0 287000
1748142246916 1.0 287500
1748142247325 1.0 288000
1748142247726 1.0 288500
1748142248133 1.0 289000
1748142248555 1.0 289500
1748142248969 1.0 290000
1748142249380 1.0 290500
1748142249826 1.0 291000
1748142250337 1.0 291500
1748142250750 1.0 292000
1748142251155 1.0 292500
1748142251554 1.0 293000
1748142251953 1.0 293500
1748142252349 1.0 294000
1748142252749 1.0 294500
1748142253142 1.0 295000
1748142253536 1.0 295500
1748142253930 1.0 296000
1748142254323 1.0 296500
1748142254716 1.0 297000
1748142255113 1.0 297500
1748142255512 1.0 298000
1748142255904 1.0 298500
1748142256303 1.0 299000
1748142256702 1.0 299500
1748142257093 1.0 300000
1748142257487 1.0 300500
1748142257891 1.0 301000
1748142258283 1.0 301500
1748142258678 1.0 302000
1748142259068 1.0 302500
1748142259462 1.0 303000
1748142259868 1.0 303500
1748142260277 1.0 304000
1748142260746 1.0 304500
1748142261172 1.0 305000
1748142261583 1.0 305500
1748142261996 1.0 306000
1748142262413 1.0 306500
1748142262816 1.0 307000
1748142263210 1.0 307500
1748142263693 1.0 308000
1748142264135 1.0 308500
1748142264561 1.0 309000
1748142264974 1.0 309500
1748142265370 1.0 310000
1748142265801 1.0 310500
1748142266198 1.0 311000
1748142266620 1.0 311500
1748142267032 1.0 312000
1748142267431 1.0 312500
1748142267830 1.0 313000
1748142268230 1.0 313500
1748142268632 1.0 314000
1748142269041 1.0 314500
1748142269449 1.0 315000
1748142269864 1.0 315500
1748142270286 1.0 316000
1748142270709 1.0 316500
1748142271118 1.0 317000
1748142271550 1.0 317500
1748142271963 1.0 318000
1748142272366 1.0 318500
1748142272780 1.0 319000
1748142273174 1.0 319500
1748142273582 1.0 320000
1748142273978 1.0 320500
1748142274439 1.0 321000
1748142274849 1.0 321500
1748142275251 1.0 322000
1748142275655 1.0 322500
1748142276050 1.0 323000
1748142276450 1.0 323500
1748142276851 1.0 324000
1748142277275 1.0 324500
1748142277670 1.0 325000
1748142278067 1.0 325500
1748142278484 1.0 326000
1748142278886 1.0 326500
1748142279278 1.0 327000
1748142279672 1.0 327500
1748142280066 1.0 328000
1748142280463 1.0 328500
1748142280857 1.0 329000
1748142281252 1.0 329500
1748142281648 1.0 330000
1748142282045 1.0 330500
1748142282442 1.0 331000
1748142282835 1.0 331500
1748142283230 1.0 332000
1748142283622 1.0 332500
1748142284013 1.0 333000
1748142284407 1.0 333500
1748142284799 1.0 334000
1748142285192 1.0 334500
1748142285590 1.0 335000
1748142285983 1.0 335500
1748142286381 1.0 336000
1748142286776 1.0 336500
1748142287168 1.0 337000
1748142287566 1.0 337500
1748142287960 1.0 338000
1748142288355 1.0 338500
1748142288754 1.0 339000
1748142289145 1.0 339500
1748142289538 1.0 340000
1748142289932 1.0 340500
1748142290326 1.0 341000
1748142290718 1.0 341500
1748142291112 1.0 342000
1748142291507 1.0 342500
1748142291900 1.0 343000
1748142292297 1.0 343500
1748142292689 1.0 344000
1748142293082 1.0 344500
1748142293479 1.0 345000
1748142293870 1.0 345500
1748142294261 1.0 346000
1748142294657 1.0 346500
1748142295057 1.0 347000
1748142295453 1.0 347500
1748142295849 1.0 348000
1748142296239 1.0 348500
1748142296637 1.0 349000
1748142297033 1.0 349500
1748142297429 1.0 350000
1748142297819 1.0 350500
1748142298241 1.0 351000
1748142298631 1.0 351500
1748142299027 1.0 352000
1748142299421 1.0 352500
1748142299825 1.0 353000
1748142300249 1.0 353500
1748142300653 1.0 354000
1748142301048 1.0 354500
1748142301446 1.0 355000
1748142301841 1.0 355500
1748142302234 1.0 356000
1748142302628 1.0 356500
1748142303021 1.0 357000
1748142303416 1.0 357500
1748142303814 1.0 358000
1748142304211 1.0 358500
1748142304625 1.0 359000
1748142305020 1.0 359500
1748142305415 1.0 360000
1748142305809 1.0 360500
1748142306206 1.0 361000
1748142306600 1.0 361500
1748142307026 1.0 362000
1748142307421 1.0 362500
1748142307814 1.0 363000
1748142308207 1.0 363500
1748142308599 1.0 364000
1748142308991 1.0 364500
1748142309388 1.0 365000
1748142309790 1.0 365500
1748142310181 1.0 366000
1748142310573 1.0 366500
1748142310968 1.0 367000
1748142311362 1.0 367500
1748142311755 1.0 368000
1748142312147 1.0 368500
1748142312539 1.0 369000
1748142312932 1.0 369500
1748142313330 1.0 370000
1748142313727 1.0 370500
1748142314121 1.0 371000
1748142314512 1.0 371500
1748142314906 1.0 372000
1748142315298 1.0 372500
1748142315690 1.0 373000
1748142316084 1.0 373500
1748142316484 1.0 374000
1748142316876 1.0 374500
1748142317268 1.0 375000
1748142317664 1.0 375500
1748142318059 1.0 376000
1748142318451 1.0 376500
1748142318844 1.0 377000
1748142319232 1.0 377500
1748142319623 1.0 378000
1748142320016 1.0 378500
1748142320411 1.0 379000
1748142320805 1.0 379500
1748142321204 1.0 380000
1748142321601 1.0 380500
1748142321993 1.0 381000
1748142322388 1.0 381500
1748142322783 1.0 382000
1748142323189 1.0 382500
1748142323594 1.0 383000
1748142324095 1.0 383500
1748142324525 1.0 384000
1748142324988 1.0 384500
1748142325507 1.0 385000
1748142325948 1.0 385500
1748142326359 1.0 386000
1748142326763 1.0 386500
1748142327207 1.0 387000
1748142327602 1.0 387500
1748142327998 1.0 388000
1748142328399 1.0 388500
1748142328821 1.0 389000
1748142329317 1.0 389500
1748142329738 1.0 390000
1748142330149 1.0 390500
1748142330553 1.0 391000
1748142330951 1.0 391500
1748142331349 1.0 392000
1748142331762 1.0 392500
1748142332170 1.0 393000
1748142332567 1.0 393500
1748142332971 1.0 394000
1748142333381 1.0 394500
1748142333795 1.0 395000
1748142334193 1.0 395500
1748142334591 1.0 396000
1748142334983 1.0 396500
1748142335392 1.0 397000
1748142335808 1.0 397500
1748142336220 1.0 398000
1748142336619 1.0 398500
1748142337025 1.0 399000
1748142337486 1.0 399500
1748142337886 1.0 400000
1748142338328 1.0 400500
1748142338727 1.0 401000
1748142339122 1.0 401500
1748142339513 1.0 402000
1748142339908 1.0 402500
1748142340312 1.0 403000
1748142340729 1.0 403500
1748142341163 1.0 404000
1748142341654 1.0 404500
1748142342062 1.0 405000
1748142342454 1.0 405500
1748142342851 1.0 406000
1748142343249 1.0 406500
1748142343645 1.0 407000
1748142344036 1.0 407500
1748142344459 1.0 408000
1748142344877 1.0 408500
1748142345272 1.0 409000
1748142345689 1.0 409500
1748142346090 1.0 410000
1748142346506 1.0 410500
1748142346917 1.0 411000
1748142347402 1.0 411500
1748142347875 1.0 412000
1748142348344 1.0 412500
1748142348772 1.0 413000
1748142349243 1.0 413500
1748142349659 1.0 414000
1748142350067 1.0 414500
1748142350492 1.0 415000
1748142350926 1.0 415500
1748142351360 1.0 416000
1748142351757 1.0 416500
1748142352251 1.0 417000
1748142352647 1.0 417500
1748142353068 1.0 418000
1748142353463 1.0 418500
1748142353867 1.0 419000
1748142354261 1.0 419500
1748142354662 1.0 420000
1748142355141 1.0 420500
1748142355539 1.0 421000
1748142355941 1.0 421500
1748142356338 1.0 422000
1748142356734 1.0 422500
1748142357139 1.0 423000
1748142357536 1.0 423500
1748142357932 1.0 424000
1748142358327 1.0 424500
1748142358727 1.0 425000
1748142359123 1.0 425500
1748142359531 1.0 426000
1748142359993 1.0 426500
1748142360458 1.0 427000
1748142360876 1.0 427500
1748142361279 1.0 428000
1748142361698 1.0 428500
1748142362105 1.0 429000
1748142362500 1.0 429500
1748142362889 1.0 430000
1748142363331 1.0 430500
1748142363725 1.0 431000
1748142364120 1.0 431500
1748142364538 1.0 432000
1748142364953 1.0 432500
1748142365378 1.0 433000
1748142365817 1.0 433500
1748142366226 1.0 434000
1748142366623 1.0 434500
1748142367085 1.0 435000
1748142367500 1.0 435500
1748142367905 1.0 436000
1748142368309 1.0 436500
1748142368728 1.0 437000
1748142369171 1.0 437500
1748142369588 1.0 438000
1748142370022 1.0 438500
1748142370428 1.0 439000
1748142370834 1.0 439500
1748142371265 1.0 440000
1748142371681 1.0 440500
1748142372086 1.0 441000
1748142372490 1.0 441500
1748142372892 1.0 442000
1748142373462 1.0 442500
1748142373906 1.0 443000
1748142374344 1.0 443500
1748142374748 1.0 444000
1748142375156 1.0 444500
1748142375551 1.0 445000
1748142375950 1.0 445500
1748142376350 1.0 446000
1748142376755 1.0 446500
1748142377156 1.0 447000
1748142377554 1.0 447500
1748142377949 1.0 448000
1748142378348 1.0 448500
1748142378745 1.0 449000
1748142379137 1.0 449500
1748142379534 1.0 450000
1748142379950 1.0 450500
1748142380344 1.0 451000
1748142380734 1.0 451500
1748142381136 1.0 452000
1748142381534 1.0 452500
1748142381935 1.0 453000
1748142382343 1.0 453500
1748142382739 1.0 454000
1748142383161 1.0 454500
1748142383564 1.0 455000
1748142383962 1.0 455500
1748142384361 1.0 456000
1748142384763 1.0 456500
1748142385158 1.0 457000
1748142385572 1.0 457500
1748142385972 1.0 458000
1748142386398 1.0 458500
1748142386794 1.0 459000
1748142387192 1.0 459500
1748142387587 1.0 460000
1748142387982 1.0 460500
1748142388382 1.0 461000
1748142388781 1.0 461500
1748142389178 1.0 462000
1748142389578 1.0 462500
1748142389978 1.0 463000
1748142390372 1.0 463500
1748142390769 1.0 464000
1748142391166 1.0 464500
1748142391565 1.0 465000
1748142391975 1.0 465500
1748142392389 1.0 466000
1748142392787 1.0 466500
1748142393194 1.0 467000
1748142393596 1.0 467500
1748142393994 1.0 468000
1748142394395 1.0 468500
1748142394795 1.0 469000
1748142395194 1.0 469500
1748142395597 1.0 470000
1748142396033 1.0 470500
1748142396451 1.0 471000
1748142396862 1.0 471500
1748142397259 1.0 472000
1748142397662 1.0 472500
1748142398057 1.0 473000
1748142398451 1.0 473500
1748142398851 1.0 474000
1748142399252 1.0 474500
1748142399654 1.0 475000
1748142400077 1.0 475500
1748142400488 1.0 476000
1748142400903 1.0 476500
1748142401338 1.0 477000
1748142401763 1.0 477500
1748142402186 1.0 478000
1748142402601 1.0 478500
1748142403014 1.0 479000
1748142403466 1.0 479500
1748142403891 1.0 480000
1748142404316 1.0 480500
1748142404746 1.0 481000
1748142405166 1.0 481500
1748142405583 1.0 482000
1748142405998 1.0 482500
1748142406416 1.0 483000
1748142406850 1.0 483500
1748142407313 1.0 484000
1748142407743 1.0 484500
1748142408166 1.0 485000
1748142408585 1.0 485500
1748142409009 1.0 486000
1748142409434 1.0 486500
1748142409856 1.0 487000
1748142410276 1.0 487500
1748142410691 1.0 488000
1748142411107 1.0 488500
1748142411524 1.0 489000
1748142411947 1.0 489500
1748142412355 1.0 490000
1748142412760 1.0 490500
1748142413168 1.0 491000
1748142413572 1.0 491500
1748142414000 1.0 492000
1748142414403 1.0 492500
1748142414806 1.0 493000
1748142415209 1.0 493500
1748142415614 1.0 494000
1748142416014 1.0 494500
1748142416410 1.0 495000
1748142416815 1.0 495500
1748142417217 1.0 496000
1748142417615 1.0 496500
1748142418011 1.0 497000
1748142418416 1.0 497500
1748142418832 1.0 498000
1748142419257 1.0 498500
1748142419681 1.0 499000
1748142420135 1.0 499500
1748142420531 1.0 500000
1748142420926 1.0 500500
1748142421327 1.0 501000
1748142421733 1.0 501500
1748142422135 1.0 502000
1748142422544 1.0 502500
1748142422943 1.0 503000
1748142423392 1.0 503500
1748142423816 1.0 504000
1748142424248 1.0 504500
1748142424674 1.0 505000
1748142425085 1.0 505500
1748142425479 1.0 506000
1748142425872 1.0 506500
1748142426274 1.0 507000
1748142426670 1.0 507500
1748142427062 1.0 508000
1748142427460 1.0 508500
1748142427882 1.0 509000
1748142428301 1.0 509500
1748142428729 1.0 510000
1748142429147 1.0 510500
1748142429565 1.0 511000
1748142429981 1.0 511500
1748142430400 1.0 512000
1748142430820 1.0 512500
1748142431235 1.0 513000
1748142431660 1.0 513500
1748142432090 1.0 514000
1748142432512 1.0 514500
1748142432930 1.0 515000
1748142433347 1.0 515500
1748142433761 1.0 516000
1748142434174 1.0 516500
1748142434590 1.0 517000
1748142435005 1.0 517500
1748142435425 1.0 518000
1748142435855 1.0 518500
1748142436285 1.0 519000
1748142436710 1.0 519500
1748142437133 1.0 520000
1748142437558 1.0 520500
1748142437983 1.0 521000
1748142438394 1.0 521500
1748142438798 1.0 522000
1748142439208 1.0 522500
1748142439600 1.0 523000
1748142440003 1.0 523500
1748142440427 1.0 524000
1748142440869 1.0 524500
1748142441276 1.0 525000
1748142441674 1.0 525500
1748142442078 1.0 526000
1748142442489 1.0 526500
1748142442885 1.0 527000
1748142443300 1.0 527500
1748142443706 1.0 528000
1748142444123 1.0 528500
1748142444524 1.0 529000
1748142444945 1.0 529500
1748142445348 1.0 530000
1748142445756 1.0 530500
1748142446204 1.0 531000
1748142446607 1.0 531500
1748142447018 1.0 532000
1748142447423 1.0 532500
1748142447820 1.0 533000
1748142448325 1.0 533500
1748142448772 1.0 534000
1748142449328 1.0 534500
1748142449859 1.0 535000
1748142450289 1.0 535500
1748142450726 1.0 536000
1748142451194 1.0 536500
1748142451602 1.0 537000
1748142452029 1.0 537500
1748142452474 1.0 538000
1748142452892 1.0 538500
1748142453310 1.0 539000
1748142453733 1.0 539500
1748142454166 1.0 540000
1748142454584 1.0 540500
1748142454986 1.0 541000
1748142455407 1.0 541500
1748142455820 1.0 542000
1748142456235 1.0 542500
1748142456660 1.0 543000
1748142457100 1.0 543500
1748142457522 1.0 544000
1748142457951 1.0 544500
1748142458360 1.0 545000
1748142458770 1.0 545500
1748142459189 1.0 546000
1748142459594 1.0 546500
1748142460050 1.0 547000
