1748142013227 0.7159904534606205 500
1748142013622 0.23866348448687352 1000
1748142014026 0.47732696897374705 1500
1748142014444 0.23866348448687352 2000
1748142014842 0.23866348448687352 2500
1748142015328 0.23866348448687352 3000
1748142015733 0.23866348448687352 3500
1748142016146 0.23866348448687352 4000
1748142016544 0.23866348448687352 4500
1748142016941 0.23866348448687352 5000
1748142017363 0.23866348448687352 5500
1748142017771 0.23866348448687352 6000
1748142018192 0.23866348448687352 6500
1748142018605 0.23866348448687352 7000
1748142019027 0.23866348448687352 7500
1748142019444 0.23866348448687352 8000
1748142019851 0.23866348448687352 8500
1748142020272 0.23866348448687352 9000
1748142020754 0.23866348448687352 9500
1748142021204 0.23866348448687352 10000
1748142021603 0.23866348448687352 10500
1748142021998 0.23866348448687352 11000
1748142022400 0.23866348448687352 11500
1748142022794 0.23866348448687352 12000
1748142023193 0.23866348448687352 12500
1748142023589 0.23866348448687352 13000
1748142023983 0.23866348448687352 13500
1748142024385 0.23866348448687352 14000
1748142024847 0.23866348448687352 14500
1748142025264 0.23866348448687352 15000
1748142025706 0.23866348448687352 15500
1748142026190 0.23866348448687352 16000
1748142026587 0.23866348448687352 16500
1748142027001 0.23866348448687352 17000
1748142027404 0.23866348448687352 17500
1748142027796 0.23866348448687352 18000
1748142028275 0.23866348448687352 18500
1748142028682 0.23866348448687352 19000
1748142029147 0.23866348448687352 19500
1748142029560 0.23866348448687352 20000
1748142029970 0.23866348448687352 20500
1748142030365 0.23866348448687352 21000
1748142030753 0.23866348448687352 21500
1748142031151 0.23866348448687352 22000
1748142031546 0.23866348448687352 22500
1748142031937 0.23866348448687352 23000
1748142032330 0.23866348448687352 23500
1748142032723 0.23866348448687352 24000
1748142033202 0.23866348448687352 24500
1748142033627 0.23866348448687352 25000
1748142034046 0.23866348448687352 25500
1748142034450 0.23866348448687352 26000
1748142034854 0.23866348448687352 26500
1748142035271 0.23866348448687352 27000
1748142035688 0.23866348448687352 27500
1748142036097 0.23866348448687352 28000
1748142036497 0.23866348448687352 28500
1748142036892 0.23866348448687352 29000
1748142037281 0.23866348448687352 29500
1748142037677 0.23866348448687352 30000
1748142038071 0.23866348448687352 30500
1748142038461 0.23866348448687352 31000
1748142038853 0.23866348448687352 31500
1748142039246 0.23866348448687352 32000
1748142039642 0.23866348448687352 32500
1748142040036 0.23866348448687352 33000
1748142040429 0.23866348448687352 33500
1748142040818 0.23866348448687352 34000
1748142041211 0.23866348448687352 34500
1748142041602 0.23866348448687352 35000
1748142041993 0.23866348448687352 35500
1748142042444 0.23866348448687352 36000
1748142042836 0.23866348448687352 36500
1748142043281 0.23866348448687352 37000
1748142043671 0.23866348448687352 37500
1748142044058 0.23866348448687352 38000
1748142044454 0.23866348448687352 38500
1748142044843 0.23866348448687352 39000
1748142045238 0.23866348448687352 39500
1748142045631 0.23866348448687352 40000
1748142046027 0.23866348448687352 40500
1748142046423 0.23866348448687352 41000
1748142046817 0.23866348448687352 41500
1748142047208 0.23866348448687352 42000
1748142047604 0.23866348448687352 42500
1748142047995 0.23866348448687352 43000
1748142048420 0.23866348448687352 43500
1748142048828 0.23866348448687352 44000
1748142049238 0.23866348448687352 44500
1748142049636 0.23866348448687352 45000
1748142050028 0.23866348448687352 45500
1748142050417 0.23866348448687352 46000
1748142050820 0.23866348448687352 46500
1748142051235 0.23866348448687352 47000
1748142051652 0.23866348448687352 47500
1748142052049 0.23866348448687352 48000
1748142052445 0.23866348448687352 48500
1748142052847 0.23866348448687352 49000
1748142053242 0.23866348448687352 49500
1748142053633 0.23866348448687352 50000
1748142054023 0.23866348448687352 50500
1748142054412 0.0 51000
1748142054850 0.23866348448687352 51500
1748142055255 0.23866348448687352 52000
1748142055656 0.23866348448687352 52500
1748142056050 0.23866348448687352 53000
1748142056458 0.23866348448687352 53500
1748142056873 0.23866348448687352 54000
1748142057271 0.23866348448687352 54500
1748142057690 0.23866348448687352 55000
1748142058114 0.23866348448687352 55500
1748142058544 0.23866348448687352 56000
1748142058971 0.23866348448687352 56500
1748142059453 0.23866348448687352 57000
1748142059895 0.23866348448687352 57500
1748142060392 0.23866348448687352 58000
1748142060817 0.23866348448687352 58500
1748142061234 0.23866348448687352 59000
1748142061700 0.23866348448687352 59500
1748142062120 0.23866348448687352 60000
1748142062536 0.23866348448687352 60500
1748142062957 0.23866348448687352 61000
1748142063402 0.23866348448687352 61500
1748142063818 0.23866348448687352 62000
1748142064239 0.23866348448687352 62500
1748142064657 0.23866348448687352 63000
1748142065073 0.23866348448687352 63500
1748142065484 0.23866348448687352 64000
1748142065892 0.23866348448687352 64500
1748142066311 0.23866348448687352 65000
1748142066734 0.23866348448687352 65500
1748142067146 0.23866348448687352 66000
1748142067567 0.23866348448687352 66500
1748142067987 0.23866348448687352 67000
1748142068405 0.23866348448687352 67500
1748142068827 0.23866348448687352 68000
1748142069246 0.23866348448687352 68500
1748142069650 0.0 69000
1748142070116 0.23866348448687352 69500
1748142070542 0.23866348448687352 70000
1748142070965 0.23866348448687352 70500
1748142071357 0.23866348448687352 71000
1748142071762 0.23866348448687352 71500
1748142072153 0.23866348448687352 72000
1748142072556 0.23866348448687352 72500
1748142072961 0.23866348448687352 73000
1748142073371 0.23866348448687352 73500
1748142073786 0.23866348448687352 74000
1748142074181 0.23866348448687352 74500
1748142074604 0.23866348448687352 75000
1748142074997 0.23866348448687352 75500
1748142075393 0.23866348448687352 76000
1748142075811 0.23866348448687352 76500
1748142076282 0.23866348448687352 77000
1748142076683 0.23866348448687352 77500
1748142077075 0.23866348448687352 78000
1748142077470 0.23866348448687352 78500
1748142077867 0.23866348448687352 79000
1748142078259 0.23866348448687352 79500
1748142078650 0.23866348448687352 80000
1748142079044 0.23866348448687352 80500
1748142079439 0.23866348448687352 81000
1748142079833 0.23866348448687352 81500
1748142080230 0.23866348448687352 82000
1748142080632 0.23866348448687352 82500
1748142081048 0.23866348448687352 83000
1748142081445 0.23866348448687352 83500
1748142081837 0.23866348448687352 84000
1748142082231 0.23866348448687352 84500
1748142082627 0.23866348448687352 85000
1748142083022 0.23866348448687352 85500
1748142083416 0.23866348448687352 86000
1748142083811 0.23866348448687352 86500
1748142084274 0.23866348448687352 87000
1748142084676 0.23866348448687352 87500
1748142085133 0.23866348448687352 88000
1748142085527 0.23866348448687352 88500
1748142085963 0.23866348448687352 89000
1748142086359 0.23866348448687352 89500
1748142086755 0.23866348448687352 90000
1748142087168 0.23866348448687352 90500
1748142087584 0.23866348448687352 91000
1748142087997 0.23866348448687352 91500
1748142088393 0.23866348448687352 92000
1748142088787 0.23866348448687352 92500
1748142089182 0.23866348448687352 93000
1748142089577 0.23866348448687352 93500
1748142089974 0.23866348448687352 94000
1748142090371 0.23866348448687352 94500
1748142090773 0.23866348448687352 95000
1748142091192 0.23866348448687352 95500
1748142091590 0.23866348448687352 96000
1748142091994 0.23866348448687352 96500
1748142092386 0.23866348448687352 97000
1748142092779 0.23866348448687352 97500
1748142093171 0.23866348448687352 98000
1748142093559 0.23866348448687352 98500
1748142093953 0.23866348448687352 99000
1748142094344 0.23866348448687352 99500
1748142094737 0.23866348448687352 100000
1748142095128 0.23866348448687352 100500
1748142095517 0.23866348448687352 101000
1748142095912 0.23866348448687352 101500
1748142096305 0.23866348448687352 102000
1748142096700 0.23866348448687352 102500
1748142097111 0.23866348448687352 103000
1748142097511 0.23866348448687352 103500
1748142097913 0.23866348448687352 104000
1748142098322 0.23866348448687352 104500
1748142098740 0.23866348448687352 105000
1748142099202 0.23866348448687352 105500
1748142099622 0.23866348448687352 106000
1748142100014 0.23866348448687352 106500
1748142100413 0.23866348448687352 107000
1748142100822 0.23866348448687352 107500
1748142101247 0.23866348448687352 108000
1748142101652 0.23866348448687352 108500
1748142102053 0.23866348448687352 109000
1748142102466 0.23866348448687352 109500
1748142102887 0.23866348448687352 110000
1748142103282 0.23866348448687352 110500
1748142103699 0.23866348448687352 111000
1748142104105 0.23866348448687352 111500
1748142104526 0.23866348448687352 112000
1748142104932 0.23866348448687352 112500
1748142105340 0.23866348448687352 113000
1748142105786 0.23866348448687352 113500
1748142106199 0.23866348448687352 114000
1748142106621 0.23866348448687352 114500
1748142107060 0.23866348448687352 115000
1748142107485 0.23866348448687352 115500
1748142107912 0.23866348448687352 116000
1748142108441 0.23866348448687352 116500
1748142108865 0.23866348448687352 117000
1748142109269 0.23866348448687352 117500
1748142109671 0.23866348448687352 118000
1748142110080 0.23866348448687352 118500
1748142110472 0.23866348448687352 119000
1748142110862 0.23866348448687352 119500
1748142111346 0.23866348448687352 120000
1748142111750 0.23866348448687352 120500
1748142112141 0.23866348448687352 121000
1748142112542 0.23866348448687352 121500
1748142112936 0.23866348448687352 122000
1748142113336 0.23866348448687352 122500
1748142113731 0.23866348448687352 123000
1748142114128 0.23866348448687352 123500
1748142114521 0.23866348448687352 124000
1748142114925 0.23866348448687352 124500
1748142115321 0.23866348448687352 125000
1748142115718 0.23866348448687352 125500
1748142116139 0.23866348448687352 126000
1748142116550 0.23866348448687352 126500
1748142116957 0.23866348448687352 127000
1748142117382 0.23866348448687352 127500
1748142117848 0.23866348448687352 128000
1748142118330 0.23866348448687352 128500
1748142118749 0.23866348448687352 129000
1748142119153 0.23866348448687352 129500
1748142119553 0.23866348448687352 130000
1748142119947 0.23866348448687352 130500
1748142120337 0.23866348448687352 131000
1748142120730 0.23866348448687352 131500
1748142121123 0.23866348448687352 132000
1748142121520 0.23866348448687352 132500
1748142121925 0.23866348448687352 133000
1748142122336 0.23866348448687352 133500
1748142122734 0.23866348448687352 134000
1748142123133 0.23866348448687352 134500
1748142123565 0.23866348448687352 135000
1748142123985 0.23866348448687352 135500
1748142124425 0.23866348448687352 136000
1748142124876 0.23866348448687352 136500
1748142125292 0.23866348448687352 137000
1748142125690 0.23866348448687352 137500
1748142126100 0.23866348448687352 138000
1748142126505 0.23866348448687352 138500
1748142126907 0.23866348448687352 139000
1748142127323 0.23866348448687352 139500
1748142127739 0.23866348448687352 140000
1748142128200 0.0 140500
1748142128616 0.23866348448687352 141000
1748142129014 0.23866348448687352 141500
1748142129414 0.23866348448687352 142000
1748142129809 0.23866348448687352 142500
1748142130211 0.23866348448687352 143000
1748142130604 0.23866348448687352 143500
1748142130994 0.23866348448687352 144000
1748142131387 0.23866348448687352 144500
1748142131781 0.23866348448687352 145000
1748142132177 0.23866348448687352 145500
1748142132580 0.23866348448687352 146000
1748142132973 0.23866348448687352 146500
1748142133366 0.0 147000
1748142133755 0.23866348448687352 147500
1748142134146 0.23866348448687352 148000
1748142134538 0.23866348448687352 148500
1748142134930 0.23866348448687352 149000
1748142135324 0.23866348448687352 149500
1748142135716 0.23866348448687352 150000
1748142136109 0.23866348448687352 150500
1748142136502 0.23866348448687352 151000
1748142136894 0.23866348448687352 151500
1748142137285 0.23866348448687352 152000
1748142137675 0.23866348448687352 152500
1748142138068 0.23866348448687352 153000
1748142138461 0.23866348448687352 153500
1748142138853 0.23866348448687352 154000
1748142139247 0.23866348448687352 154500
1748142139635 0.23866348448687352 155000
1748142140029 0.23866348448687352 155500
1748142140419 0.23866348448687352 156000
1748142140882 0.23866348448687352 156500
1748142141283 0.23866348448687352 157000
1748142141738 0.23866348448687352 157500
1748142142132 0.23866348448687352 158000
1748142142527 0.23866348448687352 158500
1748142142922 0.23866348448687352 159000
1748142143317 0.23866348448687352 159500
1748142143710 0.23866348448687352 160000
1748142144103 0.23866348448687352 160500
1748142144493 0.23866348448687352 161000
1748142144882 0.23866348448687352 161500
1748142145275 0.23866348448687352 162000
1748142145700 0.23866348448687352 162500
1748142146096 0.23866348448687352 163000
1748142146489 0.23866348448687352 163500
1748142146884 0.23866348448687352 164000
1748142147279 0.23866348448687352 164500
1748142147674 0.23866348448687352 165000
1748142148065 0.23866348448687352 165500
1748142148459 0.23866348448687352 166000
1748142148850 0.23866348448687352 166500
1748142149243 0.23866348448687352 167000
1748142149640 0.23866348448687352 167500
1748142150034 0.23866348448687352 168000
1748142150424 0.23866348448687352 168500
1748142150815 0.23866348448687352 169000
1748142151220 0.23866348448687352 169500
1748142151633 0.23866348448687352 170000
1748142152043 0.23866348448687352 170500
1748142152460 0.23866348448687352 171000
1748142152866 0.23866348448687352 171500
1748142153271 0.23866348448687352 172000
1748142153688 0.23866348448687352 172500
1748142154089 0.23866348448687352 173000
1748142154487 0.23866348448687352 173500
1748142154879 0.23866348448687352 174000
1748142155274 0.23866348448687352 174500
1748142155668 0.23866348448687352 175000
1748142156142 0.23866348448687352 175500
1748142156551 0.23866348448687352 176000
1748142156955 0.23866348448687352 176500
1748142157466 0.23866348448687352 177000
1748142157870 0.23866348448687352 177500
1748142158267 0.23866348448687352 178000
1748142158660 0.23866348448687352 178500
1748142159062 0.23866348448687352 179000
1748142159483 0.23866348448687352 179500
1748142159889 0.23866348448687352 180000
1748142160291 0.23866348448687352 180500
1748142160748 0.23866348448687352 181000
1748142161317 0.23866348448687352 181500
1748142161758 0.23866348448687352 182000
1748142162267 0.23866348448687352 182500
1748142162681 0.23866348448687352 183000
1748142163102 0.23866348448687352 183500
1748142163524 0.23866348448687352 184000
1748142163934 0.23866348448687352 184500
1748142164355 0.23866348448687352 185000
1748142164775 0.23866348448687352 185500
1748142165282 0.23866348448687352 186000
1748142165767 0.23866348448687352 186500
1748142166189 0.23866348448687352 187000
1748142166590 0.23866348448687352 187500
1748142166984 0.23866348448687352 188000
1748142167390 0.23866348448687352 188500
1748142167785 0.23866348448687352 189000
1748142168180 0.23866348448687352 189500
1748142168571 0.23866348448687352 190000
1748142168963 0.23866348448687352 190500
1748142169362 0.23866348448687352 191000
1748142169828 0.23866348448687352 191500
1748142170250 0.23866348448687352 192000
1748142170686 0.23866348448687352 192500
1748142171166 0.23866348448687352 193000
1748142171586 0.23866348448687352 193500
1748142172001 0.23866348448687352 194000
1748142172411 0.23866348448687352 194500
1748142172826 0.23866348448687352 195000
1748142173236 0.23866348448687352 195500
1748142173641 0.23866348448687352 196000
1748142174036 0.23866348448687352 196500
1748142174433 0.23866348448687352 197000
1748142174839 0.23866348448687352 197500
1748142175244 0.23866348448687352 198000
1748142175654 0.23866348448687352 198500
1748142176060 0.23866348448687352 199000
1748142176452 0.23866348448687352 199500
1748142176852 0.23866348448687352 200000
1748142177243 0.23866348448687352 200500
1748142177637 0.23866348448687352 201000
1748142178032 0.23866348448687352 201500
1748142178425 0.23866348448687352 202000
1748142178870 0.23866348448687352 202500
1748142179319 0.23866348448687352 203000
1748142179769 0.23866348448687352 203500
1748142180170 0.23866348448687352 204000
1748142180563 0.23866348448687352 204500
1748142180958 0.23866348448687352 205000
1748142181351 0.23866348448687352 205500
1748142181744 0.23866348448687352 206000
1748142182142 0.23866348448687352 206500
1748142182534 0.23866348448687352 207000
1748142182926 0.23866348448687352 207500
1748142183319 0.23866348448687352 208000
1748142183722 0.23866348448687352 208500
1748142184117 0.23866348448687352 209000
1748142184522 0.23866348448687352 209500
1748142184914 0.23866348448687352 210000
1748142185306 0.23866348448687352 210500
1748142185695 0.23866348448687352 211000
1748142186087 0.23866348448687352 211500
1748142186481 0.23866348448687352 212000
1748142186871 0.23866348448687352 212500
1748142187275 0.23866348448687352 213000
1748142187674 0.23866348448687352 213500
1748142188067 0.23866348448687352 214000
1748142188459 0.23866348448687352 214500
1748142188862 0.23866348448687352 215000
1748142189256 0.23866348448687352 215500
1748142189647 0.23866348448687352 216000
1748142190040 0.23866348448687352 216500
1748142190432 0.23866348448687352 217000
1748142190821 0.23866348448687352 217500
1748142191215 0.23866348448687352 218000
1748142191609 0.23866348448687352 218500
1748142192002 0.23866348448687352 219000
1748142192392 0.23866348448687352 219500
1748142192796 0.23866348448687352 220000
1748142193191 0.23866348448687352 220500
1748142193585 0.23866348448687352 221000
1748142193978 0.23866348448687352 221500
1748142194372 0.23866348448687352 222000
1748142194763 0.23866348448687352 222500
1748142195156 0.23866348448687352 223000
1748142195544 0.23866348448687352 223500
1748142195936 0.23866348448687352 224000
1748142196339 0.23866348448687352 224500
1748142196732 0.23866348448687352 225000
1748142197127 0.23866348448687352 225500
1748142197522 0.23866348448687352 226000
1748142197914 0.23866348448687352 226500
1748142198310 0.23866348448687352 227000
1748142198706 0.23866348448687352 227500
1748142199101 0.23866348448687352 228000
1748142199497 0.23866348448687352 228500
1748142199888 0.23866348448687352 229000
1748142200280 0.23866348448687352 229500
1748142200672 0.23866348448687352 230000
1748142201065 0.23866348448687352 230500
1748142201461 0.23866348448687352 231000
1748142201856 0.23866348448687352 231500
1748142202249 0.23866348448687352 232000
1748142202640 0.23866348448687352 232500
1748142203040 0.23866348448687352 233000
1748142203432 0.23866348448687352 233500
1748142203824 0.23866348448687352 234000
1748142204221 0.23866348448687352 234500
1748142204618 0.23866348448687352 235000
1748142205011 0.23866348448687352 235500
1748142205407 0.23866348448687352 236000
1748142205844 0.23866348448687352 236500
1748142206238 0.23866348448687352 237000
1748142206652 0.23866348448687352 237500
1748142207046 0.23866348448687352 238000
1748142207443 0.23866348448687352 238500
1748142207837 0.23866348448687352 239000
1748142208293 0.23866348448687352 239500
1748142208687 0.23866348448687352 240000
1748142209079 0.23866348448687352 240500
1748142209471 0.23866348448687352 241000
1748142209867 0.23866348448687352 241500
1748142210260 0.23866348448687352 242000
1748142210651 0.23866348448687352 242500
1748142211043 0.23866348448687352 243000
1748142211437 0.23866348448687352 243500
1748142211831 0.23866348448687352 244000
1748142212226 0.23866348448687352 244500
1748142212618 0.23866348448687352 245000
1748142213013 0.23866348448687352 245500
1748142213404 0.23866348448687352 246000
1748142213796 0.23866348448687352 246500
1748142214190 0.23866348448687352 247000
1748142214584 0.23866348448687352 247500
1748142214979 0.23866348448687352 248000
1748142215370 0.23866348448687352 248500
1748142215762 0.23866348448687352 249000
1748142216154 0.23866348448687352 249500
1748142216548 0.23866348448687352 250000
1748142216939 0.23866348448687352 250500
1748142217335 0.23866348448687352 251000
1748142217729 0.23866348448687352 251500
1748142218120 0.23866348448687352 252000
1748142218512 0.23866348448687352 252500
1748142218904 0.23866348448687352 253000
1748142219296 0.23866348448687352 253500
1748142219688 0.23866348448687352 254000
1748142220077 0.23866348448687352 254500
1748142220471 0.23866348448687352 255000
1748142220864 0.23866348448687352 255500
1748142221261 0.23866348448687352 256000
1748142221654 0.23866348448687352 256500
1748142222050 0.23866348448687352 257000
1748142222439 0.23866348448687352 257500
1748142222832 0.23866348448687352 258000
1748142223230 0.23866348448687352 258500
1748142223624 0.23866348448687352 259000
1748142224052 0.23866348448687352 259500
1748142224497 0.23866348448687352 260000
1748142224909 0.23866348448687352 260500
1748142225311 0.23866348448687352 261000
1748142225708 0.23866348448687352 261500
1748142226103 0.23866348448687352 262000
1748142226501 0.23866348448687352 262500
1748142226898 0.23866348448687352 263000
1748142227294 0.23866348448687352 263500
1748142227865 0.23866348448687352 264000
1748142228265 0.23866348448687352 264500
1748142228662 0.23866348448687352 265000
1748142229070 0.23866348448687352 265500
1748142229472 0.23866348448687352 266000
1748142229905 0.23866348448687352 266500
1748142230314 0.23866348448687352 267000
1748142230717 0.23866348448687352 267500
1748142231120 0.23866348448687352 268000
1748142231522 0.23866348448687352 268500
1748142231927 0.23866348448687352 269000
1748142232329 0.23866348448687352 269500
1748142232733 0.23866348448687352 270000
1748142233134 0.23866348448687352 270500
1748142233534 0.23866348448687352 271000
1748142233931 0.23866348448687352 271500
1748142234325 0.23866348448687352 272000
1748142234729 0.23866348448687352 272500
1748142235130 0.23866348448687352 273000
1748142235534 0.23866348448687352 273500
1748142235934 0.23866348448687352 274000
1748142236338 0.23866348448687352 274500
1748142236737 0.23866348448687352 275000
1748142237138 0.23866348448687352 275500
1748142237541 0.23866348448687352 276000
1748142237943 0.23866348448687352 276500
1748142238354 0.23866348448687352 277000
1748142238754 0.23866348448687352 277500
1748142239190 0.23866348448687352 278000
1748142239593 0.23866348448687352 278500
1748142239988 0.23866348448687352 279000
1748142240396 0.23866348448687352 279500
1748142240793 0.23866348448687352 280000
1748142241199 0.23866348448687352 280500
1748142241599 0.23866348448687352 281000
1748142241995 0.23866348448687352 281500
1748142242400 0.23866348448687352 282000
1748142242808 0.23866348448687352 282500
1748142243209 0.23866348448687352 283000
1748142243638 0.23866348448687352 283500
1748142244045 0.23866348448687352 284000
1748142244498 0.23866348448687352 284500
1748142244903 0.23866348448687352 285000
1748142245303 0.23866348448687352 285500
1748142245705 0.23866348448687352 286000
1748142246107 0.23866348448687352 286500
1748142246512 0.23866348448687352 287000
1748142246917 0.23866348448687352 287500
1748142247325 0.23866348448687352 288000
1748142247726 0.23866348448687352 288500
1748142248134 0.23866348448687352 289000
1748142248555 0.23866348448687352 289500
1748142248969 0.23866348448687352 290000
1748142249380 0.23866348448687352 290500
1748142249827 0.23866348448687352 291000
1748142250338 0.23866348448687352 291500
1748142250751 0.23866348448687352 292000
1748142251156 0.23866348448687352 292500
1748142251554 0.23866348448687352 293000
1748142251953 0.23866348448687352 293500
1748142252349 0.23866348448687352 294000
1748142252749 0.23866348448687352 294500
1748142253143 0.23866348448687352 295000
1748142253536 0.23866348448687352 295500
1748142253931 0.23866348448687352 296000
1748142254324 0.23866348448687352 296500
1748142254716 0.23866348448687352 297000
1748142255114 0.23866348448687352 297500
1748142255512 0.23866348448687352 298000
1748142255904 0.23866348448687352 298500
1748142256304 0.23866348448687352 299000
1748142256702 0.23866348448687352 299500
1748142257093 0.23866348448687352 300000
1748142257488 0.23866348448687352 300500
1748142257891 0.23866348448687352 301000
1748142258284 0.23866348448687352 301500
1748142258678 0.23866348448687352 302000
1748142259068 0.23866348448687352 302500
1748142259462 0.23866348448687352 303000
1748142259868 0.23866348448687352 303500
1748142260277 0.23866348448687352 304000
1748142260747 0.23866348448687352 304500
1748142261172 0.23866348448687352 305000
1748142261583 0.23866348448687352 305500
1748142261996 0.23866348448687352 306000
1748142262413 0.23866348448687352 306500
1748142262816 0.23866348448687352 307000
1748142263211 0.23866348448687352 307500
1748142263693 0.23866348448687352 308000
1748142264136 0.23866348448687352 308500
1748142264561 0.23866348448687352 309000
1748142264975 0.23866348448687352 309500
1748142265370 0.23866348448687352 310000
1748142265802 0.23866348448687352 310500
1748142266198 0.23866348448687352 311000
1748142266620 0.23866348448687352 311500
1748142267032 0.23866348448687352 312000
1748142267431 0.23866348448687352 312500
1748142267831 0.23866348448687352 313000
1748142268230 0.23866348448687352 313500
1748142268633 0.23866348448687352 314000
1748142269042 0.23866348448687352 314500
1748142269449 0.23866348448687352 315000
1748142269865 0.23866348448687352 315500
1748142270286 0.23866348448687352 316000
1748142270709 0.23866348448687352 316500
1748142271118 0.23866348448687352 317000
1748142271551 0.23866348448687352 317500
1748142271964 0.23866348448687352 318000
1748142272367 0.23866348448687352 318500
1748142272780 0.23866348448687352 319000
1748142273174 0.23866348448687352 319500
1748142273582 0.23866348448687352 320000
1748142273979 0.23866348448687352 320500
1748142274440 0.23866348448687352 321000
1748142274849 0.23866348448687352 321500
1748142275252 0.23866348448687352 322000
1748142275655 0.23866348448687352 322500
1748142276050 0.23866348448687352 323000
1748142276450 0.23866348448687352 323500
1748142276852 0.23866348448687352 324000
1748142277275 0.23866348448687352 324500
1748142277670 0.23866348448687352 325000
1748142278067 0.23866348448687352 325500
1748142278485 0.23866348448687352 326000
1748142278886 0.23866348448687352 326500
1748142279278 0.23866348448687352 327000
1748142279672 0.23866348448687352 327500
1748142280066 0.23866348448687352 328000
1748142280463 0.23866348448687352 328500
1748142280857 0.23866348448687352 329000
1748142281252 0.23866348448687352 329500
1748142281648 0.23866348448687352 330000
1748142282046 0.23866348448687352 330500
1748142282442 0.23866348448687352 331000
1748142282835 0.23866348448687352 331500
1748142283230 0.23866348448687352 332000
1748142283622 0.23866348448687352 332500
1748142284013 0.23866348448687352 333000
1748142284407 0.23866348448687352 333500
1748142284799 0.23866348448687352 334000
1748142285192 0.23866348448687352 334500
1748142285591 0.23866348448687352 335000
1748142285983 0.23866348448687352 335500
1748142286381 0.23866348448687352 336000
1748142286777 0.23866348448687352 336500
1748142287169 0.23866348448687352 337000
1748142287566 0.23866348448687352 337500
1748142287961 0.23866348448687352 338000
1748142288355 0.23866348448687352 338500
1748142288754 0.23866348448687352 339000
1748142289146 0.23866348448687352 339500
1748142289538 0.23866348448687352 340000
1748142289932 0.23866348448687352 340500
1748142290326 0.23866348448687352 341000
1748142290718 0.23866348448687352 341500
1748142291113 0.23866348448687352 342000
1748142291507 0.23866348448687352 342500
1748142291901 0.23866348448687352 343000
1748142292298 0.23866348448687352 343500
1748142292690 0.23866348448687352 344000
1748142293082 0.23866348448687352 344500
1748142293480 0.23866348448687352 345000
1748142293870 0.23866348448687352 345500
1748142294262 0.23866348448687352 346000
1748142294657 0.23866348448687352 346500
1748142295057 0.23866348448687352 347000
1748142295454 0.23866348448687352 347500
1748142295849 0.23866348448687352 348000
1748142296240 0.23866348448687352 348500
1748142296637 0.23866348448687352 349000
1748142297033 0.23866348448687352 349500
1748142297429 0.23866348448687352 350000
1748142297819 0.23866348448687352 350500
1748142298242 0.23866348448687352 351000
1748142298632 0.23866348448687352 351500
1748142299027 0.23866348448687352 352000
1748142299421 0.23866348448687352 352500
1748142299825 0.23866348448687352 353000
1748142300249 0.23866348448687352 353500
1748142300653 0.23866348448687352 354000
1748142301048 0.23866348448687352 354500
1748142301447 0.23866348448687352 355000
1748142301841 0.23866348448687352 355500
1748142302234 0.23866348448687352 356000
1748142302628 0.23866348448687352 356500
1748142303021 0.23866348448687352 357000
1748142303416 0.23866348448687352 357500
1748142303814 0.23866348448687352 358000
1748142304211 0.23866348448687352 358500
1748142304626 0.23866348448687352 359000
1748142305020 0.23866348448687352 359500
1748142305415 0.23866348448687352 360000
1748142305810 0.23866348448687352 360500
1748142306206 0.23866348448687352 361000
1748142306600 0.23866348448687352 361500
1748142307026 0.23866348448687352 362000
1748142307421 0.23866348448687352 362500
1748142307814 0.23866348448687352 363000
1748142308208 0.23866348448687352 363500
1748142308599 0.23866348448687352 364000
1748142308992 0.23866348448687352 364500
1748142309388 0.23866348448687352 365000
1748142309791 0.23866348448687352 365500
1748142310181 0.23866348448687352 366000
1748142310573 0.23866348448687352 366500
1748142310968 0.23866348448687352 367000
1748142311362 0.23866348448687352 367500
1748142311755 0.23866348448687352 368000
1748142312147 0.23866348448687352 368500
1748142312539 0.23866348448687352 369000
1748142312933 0.23866348448687352 369500
1748142313330 0.23866348448687352 370000
1748142313727 0.23866348448687352 370500
1748142314121 0.23866348448687352 371000
1748142314512 0.23866348448687352 371500
1748142314906 0.23866348448687352 372000
1748142315298 0.23866348448687352 372500
1748142315691 0.23866348448687352 373000
1748142316084 0.23866348448687352 373500
1748142316484 0.23866348448687352 374000
1748142316876 0.23866348448687352 374500
1748142317269 0.23866348448687352 375000
1748142317664 0.23866348448687352 375500
1748142318059 0.23866348448687352 376000
1748142318451 0.23866348448687352 376500
1748142318845 0.23866348448687352 377000
1748142319232 0.23866348448687352 377500
1748142319623 0.23866348448687352 378000
1748142320016 0.23866348448687352 378500
1748142320412 0.23866348448687352 379000
1748142320806 0.23866348448687352 379500
1748142321204 0.23866348448687352 380000
1748142321601 0.23866348448687352 380500
1748142321993 0.23866348448687352 381000
1748142322389 0.23866348448687352 381500
1748142322784 0.23866348448687352 382000
1748142323189 0.23866348448687352 382500
1748142323594 0.23866348448687352 383000
1748142324095 0.23866348448687352 383500
1748142324526 0.23866348448687352 384000
1748142324988 0.23866348448687352 384500
1748142325507 0.23866348448687352 385000
1748142325949 0.23866348448687352 385500
1748142326359 0.23866348448687352 386000
1748142326764 0.23866348448687352 386500
1748142327207 0.23866348448687352 387000
1748142327603 0.23866348448687352 387500
1748142327998 0.23866348448687352 388000
1748142328399 0.23866348448687352 388500
1748142328821 0.23866348448687352 389000
1748142329317 0.23866348448687352 389500
1748142329738 0.23866348448687352 390000
1748142330149 0.23866348448687352 390500
1748142330554 0.23866348448687352 391000
1748142330951 0.23866348448687352 391500
1748142331350 0.23866348448687352 392000
1748142331763 0.23866348448687352 392500
1748142332170 0.23866348448687352 393000
1748142332568 0.23866348448687352 393500
1748142332972 0.23866348448687352 394000
1748142333382 0.23866348448687352 394500
1748142333795 0.23866348448687352 395000
1748142334193 0.23866348448687352 395500
1748142334591 0.23866348448687352 396000
1748142334983 0.23866348448687352 396500
1748142335392 0.23866348448687352 397000
1748142335808 0.23866348448687352 397500
1748142336220 0.23866348448687352 398000
1748142336619 0.23866348448687352 398500
1748142337026 0.23866348448687352 399000
1748142337487 0.23866348448687352 399500
1748142337886 0.23866348448687352 400000
1748142338328 0.23866348448687352 400500
1748142338727 0.23866348448687352 401000
1748142339123 0.23866348448687352 401500
1748142339513 0.23866348448687352 402000
1748142339909 0.23866348448687352 402500
1748142340312 0.23866348448687352 403000
1748142340729 0.23866348448687352 403500
1748142341163 0.23866348448687352 404000
1748142341654 0.23866348448687352 404500
1748142342062 0.23866348448687352 405000
1748142342455 0.23866348448687352 405500
1748142342851 0.23866348448687352 406000
1748142343249 0.23866348448687352 406500
1748142343646 0.23866348448687352 407000
1748142344037 0.23866348448687352 407500
1748142344459 0.23866348448687352 408000
1748142344877 0.23866348448687352 408500
1748142345273 0.23866348448687352 409000
1748142345689 0.23866348448687352 409500
1748142346090 0.23866348448687352 410000
1748142346506 0.23866348448687352 410500
1748142346917 0.23866348448687352 411000
1748142347402 0.23866348448687352 411500
1748142347875 0.23866348448687352 412000
1748142348345 0.23866348448687352 412500
1748142348773 0.23866348448687352 413000
1748142349243 0.23866348448687352 413500
1748142349660 0.23866348448687352 414000
1748142350067 0.23866348448687352 414500
1748142350492 0.23866348448687352 415000
1748142350926 0.23866348448687352 415500
1748142351360 0.23866348448687352 416000
1748142351757 0.23866348448687352 416500
1748142352252 0.23866348448687352 417000
1748142352648 0.23866348448687352 417500
1748142353068 0.23866348448687352 418000
1748142353463 0.23866348448687352 418500
1748142353868 0.23866348448687352 419000
1748142354262 0.23866348448687352 419500
1748142354662 0.23866348448687352 420000
1748142355142 0.23866348448687352 420500
1748142355539 0.23866348448687352 421000
1748142355942 0.23866348448687352 421500
1748142356338 0.23866348448687352 422000
1748142356734 0.23866348448687352 422500
1748142357139 0.23866348448687352 423000
1748142357537 0.23866348448687352 423500
1748142357932 0.23866348448687352 424000
1748142358327 0.23866348448687352 424500
1748142358727 0.23866348448687352 425000
1748142359123 0.23866348448687352 425500
1748142359531 0.23866348448687352 426000
1748142359994 0.23866348448687352 426500
1748142360458 0.23866348448687352 427000
1748142360876 0.23866348448687352 427500
1748142361280 0.23866348448687352 428000
1748142361699 0.23866348448687352 428500
1748142362105 0.23866348448687352 429000
1748142362500 0.23866348448687352 429500
1748142362889 0.23866348448687352 430000
1748142363331 0.23866348448687352 430500
1748142363725 0.23866348448687352 431000
1748142364121 0.23866348448687352 431500
1748142364538 0.23866348448687352 432000
1748142364953 0.23866348448687352 432500
1748142365378 0.23866348448687352 433000
1748142365818 0.23866348448687352 433500
1748142366227 0.23866348448687352 434000
1748142366623 0.23866348448687352 434500
1748142367086 0.23866348448687352 435000
1748142367500 0.23866348448687352 435500
1748142367906 0.23866348448687352 436000
1748142368310 0.23866348448687352 436500
1748142368729 0.23866348448687352 437000
1748142369172 0.23866348448687352 437500
1748142369588 0.23866348448687352 438000
1748142370023 0.23866348448687352 438500
1748142370429 0.23866348448687352 439000
1748142370835 0.23866348448687352 439500
1748142371265 0.23866348448687352 440000
1748142371681 0.23866348448687352 440500
1748142372086 0.23866348448687352 441000
1748142372490 0.23866348448687352 441500
1748142372893 0.23866348448687352 442000
1748142373462 0.23866348448687352 442500
1748142373906 0.23866348448687352 443000
1748142374344 0.23866348448687352 443500
1748142374749 0.23866348448687352 444000
1748142375156 0.23866348448687352 444500
1748142375552 0.23866348448687352 445000
1748142375950 0.23866348448687352 445500
1748142376350 0.23866348448687352 446000
1748142376755 0.23866348448687352 446500
1748142377156 0.23866348448687352 447000
1748142377554 0.23866348448687352 447500
1748142377949 0.23866348448687352 448000
1748142378348 0.23866348448687352 448500
1748142378746 0.23866348448687352 449000
1748142379138 0.23866348448687352 449500
1748142379534 0.23866348448687352 450000
1748142379951 0.23866348448687352 450500
1748142380344 0.23866348448687352 451000
1748142380735 0.23866348448687352 451500
1748142381137 0.23866348448687352 452000
1748142381534 0.23866348448687352 452500
1748142381935 0.23866348448687352 453000
1748142382343 0.23866348448687352 453500
1748142382740 0.23866348448687352 454000
1748142383161 0.23866348448687352 454500
1748142383564 0.23866348448687352 455000
1748142383962 0.23866348448687352 455500
1748142384361 0.23866348448687352 456000
1748142384764 0.23866348448687352 456500
1748142385158 0.23866348448687352 457000
1748142385572 0.23866348448687352 457500
1748142385973 0.23866348448687352 458000
1748142386398 0.23866348448687352 458500
1748142386795 0.23866348448687352 459000
1748142387192 0.23866348448687352 459500
1748142387587 0.23866348448687352 460000
1748142387982 0.23866348448687352 460500
1748142388383 0.23866348448687352 461000
1748142388781 0.23866348448687352 461500
1748142389178 0.23866348448687352 462000
1748142389579 0.23866348448687352 462500
1748142389978 0.23866348448687352 463000
1748142390373 0.23866348448687352 463500
1748142390769 0.23866348448687352 464000
1748142391166 0.23866348448687352 464500
1748142391566 0.23866348448687352 465000
1748142391975 0.23866348448687352 465500
1748142392390 0.23866348448687352 466000
1748142392787 0.23866348448687352 466500
1748142393194 0.23866348448687352 467000
1748142393596 0.23866348448687352 467500
1748142393994 0.23866348448687352 468000
1748142394396 0.23866348448687352 468500
1748142394795 0.23866348448687352 469000
1748142395194 0.23866348448687352 469500
1748142395597 0.23866348448687352 470000
1748142396034 0.23866348448687352 470500
1748142396451 0.23866348448687352 471000
1748142396862 0.23866348448687352 471500
1748142397260 0.23866348448687352 472000
1748142397662 0.23866348448687352 472500
1748142398058 0.23866348448687352 473000
1748142398451 0.23866348448687352 473500
1748142398852 0.23866348448687352 474000
1748142399252 0.23866348448687352 474500
1748142399655 0.23866348448687352 475000
1748142400077 0.23866348448687352 475500
1748142400489 0.23866348448687352 476000
1748142400903 0.23866348448687352 476500
1748142401338 0.23866348448687352 477000
1748142401763 0.23866348448687352 477500
1748142402186 0.23866348448687352 478000
1748142402602 0.23866348448687352 478500
1748142403015 0.23866348448687352 479000
1748142403467 0.23866348448687352 479500
1748142403892 0.23866348448687352 480000
1748142404317 0.23866348448687352 480500
1748142404747 0.23866348448687352 481000
1748142405167 0.23866348448687352 481500
1748142405583 0.23866348448687352 482000
1748142405998 0.23866348448687352 482500
1748142406416 0.23866348448687352 483000
1748142406851 0.23866348448687352 483500
1748142407313 0.23866348448687352 484000
1748142407743 0.23866348448687352 484500
1748142408166 0.23866348448687352 485000
1748142408585 0.23866348448687352 485500
1748142409009 0.23866348448687352 486000
1748142409434 0.23866348448687352 486500
1748142409856 0.23866348448687352 487000
1748142410277 0.23866348448687352 487500
1748142410692 0.23866348448687352 488000
1748142411107 0.23866348448687352 488500
1748142411524 0.23866348448687352 489000
1748142411947 0.23866348448687352 489500
1748142412356 0.23866348448687352 490000
1748142412760 0.23866348448687352 490500
1748142413169 0.23866348448687352 491000
1748142413572 0.23866348448687352 491500
1748142414001 0.23866348448687352 492000
1748142414403 0.23866348448687352 492500
1748142414806 0.23866348448687352 493000
1748142415210 0.23866348448687352 493500
1748142415614 0.23866348448687352 494000
1748142416014 0.23866348448687352 494500
1748142416411 0.23866348448687352 495000
1748142416815 0.23866348448687352 495500
1748142417217 0.23866348448687352 496000
1748142417615 0.23866348448687352 496500
1748142418011 0.23866348448687352 497000
1748142418417 0.23866348448687352 497500
1748142418832 0.23866348448687352 498000
1748142419257 0.23866348448687352 498500
1748142419681 0.23866348448687352 499000
1748142420135 0.23866348448687352 499500
1748142420532 0.23866348448687352 500000
1748142420926 0.23866348448687352 500500
1748142421327 0.23866348448687352 501000
1748142421733 0.23866348448687352 501500
1748142422135 0.23866348448687352 502000
1748142422544 0.23866348448687352 502500
1748142422943 0.23866348448687352 503000
1748142423392 0.23866348448687352 503500
1748142423816 0.23866348448687352 504000
1748142424249 0.23866348448687352 504500
1748142424674 0.23866348448687352 505000
1748142425085 0.23866348448687352 505500
1748142425479 0.23866348448687352 506000
1748142425872 0.23866348448687352 506500
1748142426274 0.23866348448687352 507000
1748142426670 0.23866348448687352 507500
1748142427062 0.23866348448687352 508000
1748142427460 0.23866348448687352 508500
1748142427882 0.23866348448687352 509000
1748142428301 0.23866348448687352 509500
1748142428729 0.23866348448687352 510000
1748142429147 0.23866348448687352 510500
1748142429565 0.23866348448687352 511000
1748142429981 0.23866348448687352 511500
1748142430400 0.23866348448687352 512000
1748142430820 0.23866348448687352 512500
1748142431235 0.23866348448687352 513000
1748142431661 0.23866348448687352 513500
1748142432090 0.23866348448687352 514000
1748142432512 0.23866348448687352 514500
1748142432930 0.23866348448687352 515000
1748142433348 0.23866348448687352 515500
1748142433762 0.23866348448687352 516000
1748142434174 0.23866348448687352 516500
1748142434591 0.23866348448687352 517000
1748142435006 0.23866348448687352 517500
1748142435425 0.23866348448687352 518000
1748142435855 0.23866348448687352 518500
1748142436285 0.23866348448687352 519000
1748142436711 0.23866348448687352 519500
1748142437134 0.23866348448687352 520000
1748142437558 0.23866348448687352 520500
1748142437983 0.23866348448687352 521000
1748142438394 0.23866348448687352 521500
1748142438798 0.23866348448687352 522000
1748142439208 0.23866348448687352 522500
1748142439600 0.23866348448687352 523000
1748142440003 0.23866348448687352 523500
1748142440427 0.23866348448687352 524000
1748142440870 0.23866348448687352 524500
1748142441276 0.23866348448687352 525000
1748142441675 0.23866348448687352 525500
1748142442079 0.23866348448687352 526000
1748142442489 0.23866348448687352 526500
1748142442886 0.23866348448687352 527000
1748142443300 0.23866348448687352 527500
1748142443707 0.23866348448687352 528000
1748142444123 0.23866348448687352 528500
1748142444525 0.23866348448687352 529000
1748142444946 0.23866348448687352 529500
1748142445348 0.23866348448687352 530000
1748142445757 0.23866348448687352 530500
1748142446204 0.23866348448687352 531000
1748142446607 0.23866348448687352 531500
1748142447019 0.23866348448687352 532000
1748142447423 0.23866348448687352 532500
1748142447820 0.23866348448687352 533000
1748142448326 0.23866348448687352 533500
1748142448772 0.23866348448687352 534000
1748142449329 0.23866348448687352 534500
1748142449859 0.23866348448687352 535000
1748142450289 0.23866348448687352 535500
1748142450727 0.23866348448687352 536000
1748142451194 0.23866348448687352 536500
1748142451602 0.23866348448687352 537000
1748142452030 0.23866348448687352 537500
1748142452474 0.23866348448687352 538000
1748142452893 0.23866348448687352 538500
1748142453310 0.23866348448687352 539000
1748142453733 0.23866348448687352 539500
1748142454167 0.23866348448687352 540000
1748142454584 0.23866348448687352 540500
1748142454987 0.23866348448687352 541000
1748142455408 0.23866348448687352 541500
1748142455820 0.23866348448687352 542000
1748142456235 0.23866348448687352 542500
1748142456661 0.23866348448687352 543000
1748142457101 0.23866348448687352 543500
1748142457523 0.23866348448687352 544000
1748142457952 0.23866348448687352 544500
1748142458360 0.23866348448687352 545000
1748142458771 0.23866348448687352 545500
1748142459189 0.23866348448687352 546000
1748142459594 0.23866348448687352 546500
1748142460050 0.23866348448687352 547000
