1748142013226 0.06 500
1748142013621 0.09 1000
1748142014024 0.22 1500
1748142014443 0.36 2000
1748142014841 0.08 2500
1748142015327 0.1 3000
1748142015732 -0.22 3500
1748142016145 -0.33 4000
1748142016543 -0.21 4500
1748142016939 -0.04 5000
1748142017362 -0.19 5500
1748142017770 -0.03 6000
1748142018191 -0.26 6500
1748142018604 0.25 7000
1748142019026 -0.23 7500
1748142019443 0.21 8000
1748142019850 0.09 8500
1748142020271 0.25 9000
1748142020753 -0.12 9500
1748142021203 0.05 10000
1748142021601 -0.07 10500
1748142021997 -0.07 11000
1748142022399 0.17 11500
1748142022793 0.12 12000
1748142023192 -0.3 12500
1748142023588 -0.06 13000
1748142023982 -0.25 13500
1748142024384 -0.1 14000
1748142024846 0.1 14500
1748142025263 0.31 15000
1748142025705 0.19 15500
1748142026189 -0.02 16000
1748142026586 0.32 16500
1748142027000 0.21 17000
1748142027403 0.23 17500
1748142027795 0.16 18000
1748142028274 -0.32 18500
1748142028681 -0.27 19000
1748142029146 -0.23 19500
1748142029559 -0.03 20000
1748142029969 -0.39 20500
1748142030364 -0.12 21000
1748142030752 -0.33 21500
1748142031150 -0.14 22000
1748142031545 0.14 22500
1748142031936 -0.18 23000
1748142032329 0.11 23500
1748142032722 0.05 24000
1748142033200 -0.21 24500
1748142033626 0.11 25000
1748142034045 0.27 25500
1748142034449 -0.06 26000
1748142034853 -0.08 26500
1748142035269 -0.29 27000
1748142035687 0.2 27500
1748142036096 -0.11 28000
1748142036495 -0.28 28500
1748142036891 -0.14 29000
1748142037280 0.09 29500
1748142037676 0.18 30000
1748142038070 -0.21 30500
1748142038460 -0.13 31000
1748142038852 -0.09 31500
1748142039245 -0.21 32000
1748142039641 -0.35 32500
1748142040035 0.17 33000
1748142040428 0.21 33500
1748142040817 0.07 34000
1748142041210 -0.2 34500
1748142041601 -0.22 35000
1748142041992 0.26 35500
1748142042443 -0.28 36000
1748142042835 0.18 36500
1748142043280 -0.26 37000
1748142043670 -0.19 37500
1748142044057 -0.08 38000
1748142044453 0.13 38500
1748142044842 -0.26 39000
1748142045237 -0.06 39500
1748142045630 -0.33 40000
1748142046026 -0.14 40500
1748142046422 -0.16 41000
1748142046816 0.17 41500
1748142047207 0.16 42000
1748142047603 0.34 42500
1748142047994 0.09 43000
1748142048419 -0.31 43500
1748142048826 0.1 44000
1748142049237 -0.08 44500
1748142049635 0.16 45000
1748142050027 -0.36 45500
1748142050416 0.14 46000
1748142050819 -0.12 46500
1748142051234 -0.18 47000
1748142051651 -0.29 47500
1748142052048 -0.01 48000
1748142052444 0.22 48500
1748142052846 0.26 49000
1748142053241 -0.07 49500
1748142053632 -0.1 50000
1748142054022 0.11 50500
1748142054411 0.0 51000
1748142054849 -0.21 51500
1748142055254 0.07 52000
1748142055655 0.33 52500
1748142056049 -0.3 53000
1748142056457 0.18 53500
1748142056872 -0.13 54000
1748142057270 -0.04 54500
1748142057689 -0.37 55000
1748142058113 -0.29 55500
1748142058543 -0.27 56000
1748142058970 -0.21 56500
1748142059452 -0.28 57000
1748142059894 0.14 57500
1748142060391 0.17 58000
1748142060816 -0.35 58500
1748142061233 0.09 59000
1748142061699 0.07 59500
1748142062119 -0.27 60000
1748142062535 -0.11 60500
1748142062956 0.23 61000
1748142063401 0.01 61500
1748142063817 0.22 62000
1748142064238 -0.25 62500
1748142064656 0.2 63000
1748142065072 -0.04 63500
1748142065483 -0.25 64000
1748142065891 -0.23 64500
1748142066310 -0.34 65000
1748142066733 -0.08 65500
1748142067145 -0.17 66000
1748142067566 0.24 66500
1748142067986 0.15 67000
1748142068403 0.08 67500
1748142068826 0.23 68000
1748142069245 0.25 68500
1748142069649 0.0 69000
1748142070115 -0.05 69500
1748142070541 -0.18 70000
1748142070964 0.05 70500
1748142071356 -0.33 71000
1748142071761 -0.09 71500
1748142072152 -0.12 72000
1748142072555 -0.31 72500
1748142072960 0.36 73000
1748142073370 0.28 73500
1748142073785 -0.19 74000
1748142074180 0.06 74500
1748142074602 0.25 75000
1748142074996 -0.26 75500
1748142075392 0.08 76000
1748142075810 0.09 76500
1748142076281 0.22 77000
1748142076682 0.17 77500
1748142077074 -0.23 78000
1748142077469 -0.17 78500
1748142077866 0.15 79000
1748142078258 0.14 79500
1748142078649 0.16 80000
1748142079043 0.38 80500
1748142079438 0.12 81000
1748142079832 -0.23 81500
1748142080229 0.09 82000
1748142080631 -0.12 82500
1748142081047 -0.14 83000
1748142081444 -0.32 83500
1748142081836 -0.28 84000
1748142082230 -0.18 84500
1748142082626 -0.38 85000
1748142083020 -0.23 85500
1748142083415 -0.18 86000
1748142083809 0.13 86500
1748142084273 -0.21 87000
1748142084675 -0.15 87500
1748142085132 0.1 88000
1748142085526 -0.35 88500
1748142085962 -0.2 89000
1748142086358 -0.03 89500
1748142086754 -0.11 90000
1748142087167 0.27 90500
1748142087583 -0.13 91000
1748142087996 0.02 91500
1748142088392 0.15 92000
1748142088785 0.08 92500
1748142089180 0.18 93000
1748142089576 0.11 93500
1748142089973 -0.24 94000
1748142090369 0.18 94500
1748142090772 -0.04 95000
1748142091191 -0.12 95500
1748142091589 -0.02 96000
1748142091993 -0.16 96500
1748142092385 0.11 97000
1748142092778 -0.08 97500
1748142093170 -0.12 98000
1748142093558 0.14 98500
1748142093952 0.27 99000
1748142094343 0.13 99500
1748142094736 -0.35 100000
1748142095127 0.08 100500
1748142095516 -0.1 101000
1748142095911 -0.32 101500
1748142096304 0.07 102000
1748142096699 -0.24 102500
1748142097110 0.21 103000
1748142097510 -0.21 103500
1748142097912 -0.27 104000
1748142098321 0.19 104500
1748142098738 0.17 105000
1748142099200 -0.12 105500
1748142099621 0.1 106000
1748142100013 -0.11 106500
1748142100412 -0.19 107000
1748142100821 -0.2 107500
1748142101246 -0.27 108000
1748142101650 0.05 108500
1748142102052 -0.24 109000
1748142102465 -0.16 109500
1748142102886 0.26 110000
1748142103281 -0.28 110500
1748142103698 -0.31 111000
1748142104104 0.16 111500
1748142104525 -0.11 112000
1748142104931 0.09 112500
1748142105339 0.08 113000
1748142105785 -0.22 113500
1748142106198 0.3 114000
1748142106620 -0.11 114500
1748142107058 0.28 115000
1748142107484 0.07 115500
1748142107911 0.16 116000
1748142108440 -0.27 116500
1748142108864 -0.33 117000
1748142109268 -0.02 117500
1748142109670 0.11 118000
1748142110079 -0.03 118500
1748142110470 0.22 119000
1748142110861 0.18 119500
1748142111345 -0.32 120000
1748142111749 0.01 120500
1748142112140 -0.09 121000
1748142112541 -0.09 121500
1748142112935 -0.17 122000
1748142113335 -0.23 122500
1748142113730 0.18 123000
1748142114127 0.18 123500
1748142114520 -0.11 124000
1748142114923 -0.06 124500
1748142115320 -0.14 125000
1748142115717 -0.2 125500
1748142116138 -0.29 126000
1748142116549 -0.34 126500
1748142116955 -0.01 127000
1748142117381 -0.27 127500
1748142117847 0.07 128000
1748142118329 -0.05 128500
1748142118748 0.07 129000
1748142119152 -0.3 129500
1748142119552 -0.24 130000
1748142119946 0.17 130500
1748142120336 -0.22 131000
1748142120729 0.02 131500
1748142121122 -0.25 132000
1748142121519 0.27 132500
1748142121924 -0.1 133000
1748142122335 0.01 133500
1748142122733 0.39 134000
1748142123131 0.0 134500
1748142123564 0.27 135000
1748142123984 0.33 135500
1748142124421 -0.26 136000
1748142124875 0.24 136500
1748142125291 -0.13 137000
1748142125689 -0.2 137500
1748142126099 -0.14 138000
1748142126504 0.02 138500
1748142126906 0.27 139000
1748142127322 -0.26 139500
1748142127738 -0.02 140000
1748142128199 0.0 140500
1748142128615 -0.01 141000
1748142129013 -0.28 141500
1748142129413 0.32 142000
1748142129808 0.24 142500
1748142130210 0.15 143000
1748142130602 0.06 143500
1748142130993 0.11 144000
1748142131386 -0.03 144500
1748142131780 0.04 145000
1748142132175 -0.11 145500
1748142132579 0.26 146000
1748142132972 0.07 146500
1748142133365 0.0 147000
1748142133754 0.02 147500
1748142134145 -0.14 148000
1748142134537 -0.32 148500
1748142134929 -0.08 149000
1748142135323 -0.24 149500
1748142135715 -0.1 150000
1748142136108 0.3 150500
1748142136501 -0.31 151000
1748142136893 -0.13 151500
1748142137284 -0.03 152000
1748142137674 -0.32 152500
1748142138067 0.15 153000
1748142138460 0.31 153500
1748142138852 -0.29 154000
1748142139246 0.17 154500
1748142139634 -0.34 155000
1748142140028 -0.12 155500
1748142140418 -0.34 156000
1748142140881 0.11 156500
1748142141282 0.03 157000
1748142141737 0.23 157500
1748142142131 0.09 158000
1748142142526 0.05 158500
1748142142920 -0.0 159000
1748142143316 0.23 159500
1748142143709 -0.19 160000
1748142144102 -0.16 160500
1748142144492 0.13 161000
1748142144881 0.28 161500
1748142145273 -0.04 162000
1748142145698 0.17 162500
1748142146095 0.02 163000
1748142146487 -0.07 163500
1748142146883 0.18 164000
1748142147278 -0.17 164500
1748142147673 0.04 165000
1748142148064 -0.26 165500
1748142148458 -0.05 166000
1748142148849 0.14 166500
1748142149242 0.26 167000
1748142149639 0.3 167500
1748142150033 -0.03 168000
1748142150423 -0.28 168500
1748142150814 -0.3 169000
1748142151218 -0.38 169500
1748142151632 -0.23 170000
1748142152042 0.05 170500
1748142152459 -0.38 171000
1748142152865 0.07 171500
1748142153270 -0.31 172000
1748142153687 -0.16 172500
1748142154088 -0.06 173000
1748142154486 -0.37 173500
1748142154878 -0.26 174000
1748142155273 -0.1 174500
1748142155667 -0.24 175000
1748142156141 -0.18 175500
1748142156550 0.09 176000
1748142156954 0.25 176500
1748142157465 0.05 177000
1748142157869 0.26 177500
1748142158266 -0.32 178000
1748142158659 -0.34 178500
1748142159061 -0.02 179000
1748142159482 -0.34 179500
1748142159887 -0.3 180000
1748142160290 -0.22 180500
1748142160747 -0.22 181000
1748142161316 0.1 181500
1748142161757 0.07 182000
1748142162266 -0.3 182500
1748142162680 0.3 183000
1748142163101 -0.1 183500
1748142163523 -0.1 184000
1748142163933 0.12 184500
1748142164354 -0.1 185000
1748142164774 -0.19 185500
1748142165281 -0.2 186000
1748142165766 -0.22 186500
1748142166188 -0.14 187000
1748142166589 -0.16 187500
1748142166983 0.19 188000
1748142167389 0.0 188500
1748142167784 -0.23 189000
1748142168179 -0.01 189500
1748142168570 0.25 190000
1748142168962 -0.08 190500
1748142169361 -0.05 191000
1748142169827 0.24 191500
1748142170249 -0.04 192000
1748142170685 0.16 192500
1748142171164 -0.22 193000
1748142171585 0.23 193500
1748142172000 -0.36 194000
1748142172410 0.24 194500
1748142172825 0.11 195000
1748142173235 -0.36 195500
1748142173640 0.24 196000
1748142174035 -0.33 196500
1748142174432 -0.34 197000
1748142174838 0.18 197500
1748142175243 -0.25 198000
1748142175653 -0.36 198500
1748142176058 0.16 199000
1748142176451 -0.28 199500
1748142176851 0.24 200000
1748142177242 -0.26 200500
1748142177636 0.03 201000
1748142178031 0.13 201500
1748142178424 0.21 202000
1748142178869 -0.25 202500
1748142179318 -0.3 203000
1748142179768 -0.31 203500
1748142180169 -0.13 204000
1748142180562 -0.0 204500
1748142180957 -0.06 205000
1748142181350 -0.36 205500
1748142181743 0.1 206000
1748142182141 0.12 206500
1748142182533 -0.13 207000
1748142182925 -0.29 207500
1748142183318 -0.31 208000
1748142183718 -0.17 208500
1748142184116 -0.2 209000
1748142184521 0.16 209500
1748142184913 -0.3 210000
1748142185305 0.18 210500
1748142185694 -0.03 211000
1748142186086 0.07 211500
1748142186480 0.31 212000
1748142186870 0.13 212500
1748142187274 -0.05 213000
1748142187673 0.24 213500
1748142188066 -0.08 214000
1748142188458 -0.16 214500
1748142188861 -0.39 215000
1748142189255 0.13 215500
1748142189646 -0.09 216000
1748142190039 0.02 216500
1748142190431 0.27 217000
1748142190820 -0.14 217500
1748142191214 -0.28 218000
1748142191608 0.23 218500
1748142192001 -0.2 219000
1748142192391 -0.19 219500
1748142192795 -0.19 220000
1748142193190 0.18 220500
1748142193584 0.04 221000
1748142193977 0.24 221500
1748142194371 -0.2 222000
1748142194762 0.28 222500
1748142195155 0.32 223000
1748142195543 0.0 223500
1748142195935 0.13 224000
1748142196337 0.1 224500
1748142196731 0.21 225000
1748142197126 0.2 225500
1748142197521 0.18 226000
1748142197913 0.13 226500
1748142198309 -0.11 227000
1748142198705 0.36 227500
1748142199100 0.37 228000
1748142199495 -0.18 228500
1748142199887 0.0 229000
1748142200279 0.14 229500
1748142200671 0.27 230000
1748142201064 0.23 230500
1748142201460 0.25 231000
1748142201855 -0.22 231500
1748142202248 0.06 232000
1748142202639 0.24 232500
1748142203038 0.06 233000
1748142203431 0.2 233500
1748142203823 0.15 234000
1748142204220 0.29 234500
1748142204617 -0.18 235000
1748142205010 0.28 235500
1748142205406 0.09 236000
1748142205843 0.26 236500
1748142206237 0.11 237000
1748142206651 -0.12 237500
1748142207045 0.16 238000
1748142207442 -0.22 238500
1748142207836 -0.06 239000
1748142208292 0.02 239500
1748142208686 0.32 240000
1748142209078 -0.11 240500
1748142209470 -0.08 241000
1748142209866 0.05 241500
1748142210259 0.04 242000
1748142210650 -0.02 242500
1748142211042 -0.02 243000
1748142211436 0.03 243500
1748142211830 -0.05 244000
1748142212225 -0.31 244500
1748142212617 0.02 245000
1748142213012 0.01 245500
1748142213403 0.32 246000
1748142213795 0.0 246500
1748142214189 -0.22 247000
1748142214583 0.38 247500
1748142214978 -0.15 248000
1748142215369 -0.1 248500
1748142215761 -0.18 249000
1748142216153 -0.14 249500
1748142216547 0.2 250000
1748142216938 -0.21 250500
1748142217334 0.17 251000
1748142217728 -0.2 251500
1748142218119 -0.3 252000
1748142218511 -0.23 252500
1748142218903 0.24 253000
1748142219295 -0.05 253500
1748142219687 -0.28 254000
1748142220076 -0.31 254500
1748142220470 -0.09 255000
1748142220863 0.12 255500
1748142221260 0.13 256000
1748142221653 0.0 256500
1748142222048 0.09 257000
1748142222438 0.17 257500
1748142222831 -0.14 258000
1748142223229 0.08 258500
1748142223623 0.29 259000
1748142224051 -0.02 259500
1748142224496 -0.2 260000
1748142224908 -0.37 260500
1748142225310 -0.05 261000
1748142225707 -0.2 261500
1748142226101 -0.04 262000
1748142226500 -0.28 262500
1748142226897 0.04 263000
1748142227293 0.23 263500
1748142227864 -0.26 264000
1748142228264 0.32 264500
1748142228661 0.27 265000
1748142229069 -0.36 265500
1748142229471 -0.02 266000
1748142229904 -0.32 266500
1748142230312 -0.14 267000
1748142230716 -0.13 267500
1748142231119 0.17 268000
1748142231520 0.17 268500
1748142231926 -0.29 269000
1748142232328 -0.32 269500
1748142232732 0.38 270000
1748142233133 -0.23 270500
1748142233533 0.28 271000
1748142233930 -0.13 271500
1748142234324 -0.2 272000
1748142234728 0.15 272500
1748142235129 -0.13 273000
1748142235533 -0.18 273500
1748142235933 0.01 274000
1748142236336 -0.27 274500
1748142236736 0.09 275000
1748142237137 -0.1 275500
1748142237540 0.11 276000
1748142237942 -0.13 276500
1748142238353 -0.25 277000
1748142238753 -0.15 277500
1748142239189 -0.08 278000
1748142239592 -0.2 278500
1748142239987 0.22 279000
1748142240395 -0.14 279500
1748142240792 -0.25 280000
1748142241198 0.29 280500
1748142241598 -0.02 281000
1748142241994 0.28 281500
1748142242399 0.18 282000
1748142242806 0.24 282500
1748142243208 -0.18 283000
1748142243637 -0.28 283500
1748142244044 0.25 284000
1748142244497 -0.01 284500
1748142244902 0.26 285000
1748142245302 0.12 285500
1748142245704 0.03 286000
1748142246106 -0.19 286500
1748142246511 0.21 287000
1748142246916 -0.14 287500
1748142247324 -0.18 288000
1748142247725 0.27 288500
1748142248132 -0.33 289000
1748142248554 -0.07 289500
1748142248968 0.17 290000
1748142249379 -0.11 290500
1748142249825 -0.34 291000
1748142250337 -0.36 291500
1748142250750 0.05 292000
1748142251155 0.2 292500
1748142251553 0.11 293000
1748142251952 -0.22 293500
1748142252348 0.35 294000
1748142252748 0.23 294500
1748142253142 -0.23 295000
1748142253535 0.17 295500
1748142253930 0.04 296000
1748142254323 -0.17 296500
1748142254715 0.02 297000
1748142255113 -0.33 297500
1748142255511 -0.35 298000
1748142255903 0.1 298500
1748142256302 -0.15 299000
1748142256701 -0.05 299500
1748142257092 0.33 300000
1748142257487 0.14 300500
1748142257890 -0.34 301000
1748142258283 0.37 301500
1748142258677 0.27 302000
1748142259067 0.09 302500
1748142259461 -0.18 303000
1748142259867 -0.24 303500
1748142260276 0.03 304000
1748142260745 0.05 304500
1748142261171 0.02 305000
1748142261582 -0.08 305500
1748142261995 0.02 306000
1748142262412 0.21 306500
1748142262815 0.07 307000
1748142263210 0.16 307500
1748142263692 0.13 308000
1748142264135 0.18 308500
1748142264560 -0.23 309000
1748142264974 -0.26 309500
1748142265369 0.18 310000
1748142265801 0.31 310500
1748142266197 -0.04 311000
1748142266619 0.06 311500
1748142267031 0.14 312000
1748142267430 -0.28 312500
1748142267830 0.05 313000
1748142268229 0.27 313500
1748142268631 0.11 314000
1748142269041 -0.33 314500
1748142269448 -0.29 315000
1748142269864 -0.27 315500
1748142270285 0.32 316000
1748142270708 0.22 316500
1748142271117 -0.33 317000
1748142271550 0.18 317500
1748142271962 -0.24 318000
1748142272366 0.11 318500
1748142272779 -0.19 319000
1748142273173 -0.23 319500
1748142273581 0.15 320000
1748142273978 0.06 320500
1748142274439 0.3 321000
1748142274848 -0.35 321500
1748142275251 0.23 322000
1748142275654 -0.19 322500
1748142276049 -0.21 323000
1748142276449 0.32 323500
1748142276851 0.12 324000
1748142277274 -0.29 324500
1748142277669 0.27 325000
1748142278066 0.17 325500
1748142278484 -0.08 326000
1748142278885 -0.08 326500
1748142279277 -0.36 327000
1748142279671 0.16 327500
1748142280065 0.33 328000
1748142280462 -0.09 328500
1748142280856 -0.18 329000
1748142281251 0.16 329500
1748142281647 0.08 330000
1748142282045 -0.16 330500
1748142282441 0.16 331000
1748142282834 0.24 331500
1748142283229 -0.01 332000
1748142283621 0.33 332500
1748142284012 0.27 333000
1748142284406 0.05 333500
1748142284798 -0.04 334000
1748142285191 -0.2 334500
1748142285590 0.04 335000
1748142285982 -0.22 335500
1748142286380 -0.38 336000
1748142286776 0.24 336500
1748142287168 -0.24 337000
1748142287565 -0.08 337500
1748142287960 0.01 338000
1748142288354 -0.24 338500
1748142288753 -0.21 339000
1748142289145 0.32 339500
1748142289537 0.09 340000
1748142289931 -0.15 340500
1748142290325 -0.08 341000
1748142290717 -0.15 341500
1748142291111 -0.2 342000
1748142291506 0.17 342500
1748142291900 0.15 343000
1748142292296 -0.21 343500
1748142292689 -0.21 344000
1748142293082 -0.01 344500
1748142293478 0.19 345000
1748142293869 -0.03 345500
1748142294261 0.08 346000
1748142294656 0.26 346500
1748142295056 -0.01 347000
1748142295452 0.25 347500
1748142295848 0.11 348000
1748142296239 -0.24 348500
1748142296636 -0.25 349000
1748142297032 -0.33 349500
1748142297428 -0.27 350000
1748142297818 -0.08 350500
1748142298241 -0.12 351000
1748142298631 0.21 351500
1748142299026 0.02 352000
1748142299420 0.13 352500
1748142299824 0.2 353000
1748142300248 -0.26 353500
1748142300652 0.21 354000
1748142301047 -0.08 354500
1748142301446 0.13 355000
1748142301840 -0.17 355500
1748142302233 0.12 356000
1748142302627 0.04 356500
1748142303020 -0.34 357000
1748142303415 -0.31 357500
1748142303813 -0.3 358000
1748142304210 -0.27 358500
1748142304625 0.35 359000
1748142305019 -0.2 359500
1748142305414 0.15 360000
1748142305809 0.13 360500
1748142306205 0.03 361000
1748142306599 0.22 361500
1748142307025 0.23 362000
1748142307420 0.17 362500
1748142307813 -0.06 363000
1748142308207 0.13 363500
1748142308598 0.09 364000
1748142308991 -0.18 364500
1748142309387 0.17 365000
1748142309790 -0.07 365500
1748142310180 0.23 366000
1748142310572 0.16 366500
1748142310967 -0.01 367000
1748142311361 0.08 367500
1748142311754 0.15 368000
1748142312146 -0.03 368500
1748142312538 -0.09 369000
1748142312932 0.09 369500
1748142313329 -0.12 370000
1748142313726 0.06 370500
1748142314120 -0.14 371000
1748142314511 -0.15 371500
1748142314905 0.39 372000
1748142315297 0.01 372500
1748142315690 -0.17 373000
1748142316083 -0.29 373500
1748142316483 -0.32 374000
1748142316875 -0.37 374500
1748142317268 -0.12 375000
1748142317663 0.29 375500
1748142318058 -0.3 376000
1748142318450 -0.06 376500
1748142318844 -0.24 377000
1748142319231 0.22 377500
1748142319622 -0.07 378000
1748142320015 -0.25 378500
1748142320411 0.34 379000
1748142320805 -0.1 379500
1748142321203 -0.14 380000
1748142321600 -0.3 380500
1748142321992 -0.12 381000
1748142322388 0.07 381500
1748142322783 0.25 382000
1748142323188 0.17 382500
1748142323593 0.18 383000
1748142324094 -0.07 383500
1748142324525 -0.01 384000
1748142324987 0.0 384500
1748142325506 0.28 385000
1748142325947 0.06 385500
1748142326358 -0.29 386000
1748142326763 -0.24 386500
1748142327206 0.24 387000
1748142327602 -0.32 387500
1748142327997 -0.27 388000
1748142328398 0.21 388500
1748142328820 0.04 389000
1748142329316 -0.09 389500
1748142329736 0.23 390000
1748142330149 0.26 390500
1748142330553 0.38 391000
1748142330950 0.01 391500
1748142331348 0.0 392000
1748142331762 -0.0 392500
1748142332169 0.34 393000
1748142332567 0.01 393500
1748142332971 -0.26 394000
1748142333380 -0.15 394500
1748142333794 -0.02 395000
1748142334192 -0.34 395500
1748142334590 0.21 396000
1748142334982 -0.02 396500
1748142335391 -0.16 397000
1748142335807 -0.02 397500
1748142336219 -0.15 398000
1748142336619 0.36 398500
1748142337025 -0.08 399000
1748142337486 -0.04 399500
1748142337885 0.19 400000
1748142338327 -0.08 400500
1748142338726 -0.24 401000
1748142339122 -0.18 401500
1748142339512 -0.23 402000
1748142339908 -0.34 402500
1748142340311 0.02 403000
1748142340728 -0.37 403500
1748142341162 0.31 404000
1748142341653 0.26 404500
1748142342061 0.25 405000
1748142342454 -0.32 405500
1748142342850 -0.12 406000
1748142343248 0.15 406500
1748142343645 0.07 407000
1748142344036 -0.05 407500
1748142344458 0.38 408000
1748142344876 0.3 408500
1748142345272 -0.21 409000
1748142345688 0.29 409500
1748142346089 -0.19 410000
1748142346505 -0.05 410500
1748142346916 -0.06 411000
1748142347401 0.17 411500
1748142347874 0.27 412000
1748142348344 0.36 412500
1748142348771 -0.12 413000
1748142349242 -0.26 413500
1748142349659 -0.17 414000
1748142350066 -0.07 414500
1748142350491 0.05 415000
1748142350925 -0.25 415500
1748142351359 -0.32 416000
1748142351756 0.22 416500
1748142352251 -0.13 417000
1748142352647 0.04 417500
1748142353067 0.04 418000
1748142353462 -0.22 418500
1748142353867 -0.09 419000
1748142354261 -0.22 419500
1748142354661 -0.13 420000
1748142355140 -0.38 420500
1748142355538 -0.09 421000
1748142355940 -0.19 421500
1748142356337 -0.02 422000
1748142356733 0.3 422500
1748142357138 0.04 423000
1748142357536 0.23 423500
1748142357931 0.25 424000
1748142358326 0.05 424500
1748142358726 0.1 425000
1748142359122 0.0 425500
1748142359530 0.13 426000
1748142359993 0.29 426500
1748142360457 -0.2 427000
1748142360875 -0.21 427500
1748142361279 -0.11 428000
1748142361698 -0.05 428500
1748142362104 -0.19 429000
1748142362499 -0.27 429500
1748142362888 -0.34 430000
1748142363330 -0.2 430500
1748142363724 -0.05 431000
1748142364120 -0.19 431500
1748142364537 -0.06 432000
1748142364952 0.31 432500
1748142365377 -0.3 433000
1748142365817 -0.05 433500
1748142366226 0.25 434000
1748142366622 -0.34 434500
1748142367085 -0.22 435000
1748142367499 0.38 435500
1748142367905 -0.06 436000
1748142368309 0.36 436500
1748142368728 -0.03 437000
1748142369170 0.01 437500
1748142369587 -0.29 438000
1748142370022 -0.24 438500
1748142370428 0.36 439000
1748142370833 -0.17 439500
1748142371264 -0.3 440000
1748142371680 0.28 440500
1748142372085 0.07 441000
1748142372489 0.27 441500
1748142372892 0.26 442000
1748142373460 -0.24 442500
1748142373905 -0.05 443000
1748142374343 -0.2 443500
1748142374748 0.05 444000
1748142375155 0.12 444500
1748142375551 -0.03 445000
1748142375949 -0.04 445500
1748142376349 0.3 446000
1748142376754 -0.29 446500
1748142377155 -0.01 447000
1748142377553 -0.28 447500
1748142377948 0.08 448000
1748142378347 -0.28 448500
1748142378745 0.32 449000
1748142379137 -0.1 449500
1748142379533 -0.26 450000
1748142379950 0.03 450500
1748142380343 0.02 451000
1748142380734 0.18 451500
1748142381136 -0.35 452000
1748142381533 -0.06 452500
1748142381934 0.28 453000
1748142382342 -0.18 453500
1748142382739 0.25 454000
1748142383160 -0.2 454500
1748142383563 0.22 455000
1748142383961 0.16 455500
1748142384360 -0.16 456000
1748142384763 -0.24 456500
1748142385157 -0.16 457000
1748142385571 -0.13 457500
1748142385972 0.2 458000
1748142386397 -0.05 458500
1748142386794 0.03 459000
1748142387191 -0.21 459500
1748142387586 -0.27 460000
1748142387981 0.19 460500
1748142388382 -0.16 461000
1748142388780 -0.17 461500
1748142389177 -0.09 462000
1748142389577 -0.09 462500
1748142389977 0.02 463000
1748142390372 -0.12 463500
1748142390768 -0.02 464000
1748142391165 0.15 464500
1748142391565 -0.28 465000
1748142391974 -0.28 465500
1748142392389 0.23 466000
1748142392786 -0.34 466500
1748142393193 -0.2 467000
1748142393595 -0.22 467500
1748142393993 0.14 468000
1748142394395 -0.16 468500
1748142394794 -0.12 469000
1748142395193 -0.33 469500
1748142395596 -0.29 470000
1748142396032 -0.18 470500
1748142396450 -0.22 471000
1748142396861 -0.17 471500
1748142397259 0.35 472000
1748142397661 0.22 472500
1748142398057 0.03 473000
1748142398450 0.24 473500
1748142398851 -0.04 474000
1748142399251 0.34 474500
1748142399654 0.06 475000
1748142400076 -0.13 475500
1748142400488 -0.09 476000
1748142400902 0.21 476500
1748142401337 0.27 477000
1748142401762 0.12 477500
1748142402185 -0.19 478000
1748142402601 -0.26 478500
1748142403014 -0.06 479000
1748142403466 0.35 479500
1748142403891 -0.25 480000
1748142404315 -0.25 480500
1748142404745 -0.25 481000
1748142405166 -0.19 481500
1748142405582 0.22 482000
1748142405997 -0.3 482500
1748142406415 -0.01 483000
1748142406850 -0.35 483500
1748142407312 0.23 484000
1748142407742 0.34 484500
1748142408165 0.27 485000
1748142408584 0.03 485500
1748142409008 -0.2 486000
1748142409433 -0.3 486500
1748142409855 0.15 487000
1748142410276 0.18 487500
1748142410691 0.27 488000
1748142411106 -0.26 488500
1748142411523 -0.16 489000
1748142411946 0.31 489500
1748142412355 -0.34 490000
1748142412759 0.32 490500
1748142413168 -0.23 491000
1748142413571 -0.15 491500
1748142414000 0.1 492000
1748142414402 0.23 492500
1748142414805 -0.15 493000
1748142415209 0.3 493500
1748142415613 -0.23 494000
1748142416013 -0.23 494500
1748142416410 -0.26 495000
1748142416814 0.01 495500
1748142417216 0.07 496000
1748142417614 -0.21 496500
1748142418010 -0.33 497000
1748142418415 -0.12 497500
1748142418831 -0.18 498000
1748142419256 0.01 498500
1748142419680 0.24 499000
1748142420134 0.05 499500
1748142420531 0.27 500000
1748142420925 0.02 500500
1748142421326 -0.23 501000
1748142421732 -0.32 501500
1748142422133 0.31 502000
1748142422543 -0.14 502500
1748142422942 0.1 503000
1748142423391 0.05 503500
1748142423815 -0.1 504000
1748142424248 0.2 504500
1748142424673 -0.11 505000
1748142425084 -0.16 505500
1748142425478 -0.06 506000
1748142425871 -0.03 506500
1748142426273 0.3 507000
1748142426669 -0.29 507500
1748142427061 0.21 508000
1748142427459 -0.17 508500
1748142427881 0.12 509000
1748142428300 -0.16 509500
1748142428728 0.17 510000
1748142429146 -0.25 510500
1748142429564 -0.29 511000
1748142429980 -0.32 511500
1748142430399 -0.03 512000
1748142430819 -0.26 512500
1748142431234 -0.3 513000
1748142431660 -0.25 513500
1748142432089 0.14 514000
1748142432511 0.35 514500
1748142432929 -0.23 515000
1748142433347 -0.23 515500
1748142433761 -0.13 516000
1748142434173 -0.3 516500
1748142434590 -0.36 517000
1748142435005 0.26 517500
1748142435424 -0.21 518000
1748142435854 -0.36 518500
1748142436284 0.02 519000
1748142436709 -0.34 519500
1748142437132 0.29 520000
1748142437557 0.11 520500
1748142437982 -0.13 521000
1748142438393 -0.23 521500
1748142438797 -0.13 522000
1748142439207 -0.28 522500
1748142439599 -0.15 523000
1748142440002 0.31 523500
1748142440426 0.08 524000
1748142440868 -0.04 524500
1748142441275 -0.33 525000
1748142441673 -0.18 525500
1748142442078 -0.07 526000
1748142442488 0.34 526500
1748142442885 0.33 527000
1748142443299 -0.18 527500
1748142443706 -0.22 528000
1748142444122 0.19 528500
1748142444524 0.11 529000
1748142444944 0.12 529500
1748142445347 -0.32 530000
1748142445756 0.14 530500
1748142446203 0.27 531000
1748142446606 0.34 531500
1748142447018 -0.04 532000
1748142447422 0.18 532500
1748142447819 -0.28 533000
1748142448325 -0.09 533500
1748142448771 0.13 534000
1748142449328 -0.26 534500
1748142449858 0.06 535000
1748142450288 0.23 535500
1748142450726 -0.02 536000
1748142451193 -0.2 536500
1748142451601 0.19 537000
1748142452028 -0.11 537500
1748142452473 -0.23 538000
1748142452891 0.19 538500
1748142453309 0.11 539000
1748142453732 0.19 539500
1748142454166 0.09 540000
1748142454583 -0.07 540500
1748142454986 0.2 541000
1748142455407 -0.01 541500
1748142455819 0.29 542000
1748142456234 -0.21 542500
1748142456659 0.1 543000
1748142457100 -0.1 543500
1748142457522 -0.29 544000
1748142457951 0.21 544500
1748142458359 0.07 545000
1748142458769 0.22 545500
1748142459188 0.08 546000
1748142459593 0.25 546500
1748142460049 -0.16 547000
