1748142013229 0.09140767824497258 500
1748142013624 0.18281535648994515 1000
1748142014027 0.2742230347349177 1500
1748142014445 0.3656307129798903 2000
1748142014843 0.4570383912248629 2500
1748142015329 0.5484460694698354 3000
1748142015735 0.6398537477148081 3500
1748142016147 0.7312614259597806 4000
1748142016546 0.8226691042047531 4500
1748142016942 0.9140767824497258 5000
1748142017365 1.0054844606946984 5500
1748142017773 1.0968921389396709 6000
1748142018194 1.1882998171846435 6500
1748142018607 1.2797074954296161 7000
1748142019029 1.3711151736745886 7500
1748142019446 1.4625228519195612 8000
1748142019853 1.5539305301645339 8500
1748142020274 1.6453382084095063 9000
1748142020755 1.736745886654479 9500
1748142021205 1.8281535648994516 10000
1748142021605 1.9195612431444242 10500
1748142022000 2.010968921389397 11000
1748142022401 2.1023765996343693 11500
1748142022796 2.1937842778793417 12000
1748142023195 2.2851919561243146 12500
1748142023590 2.376599634369287 13000
1748142023985 2.46800731261426 13500
1748142024387 2.5594149908592323 14000
1748142024849 2.6508226691042047 14500
1748142025266 2.742230347349177 15000
1748142025708 2.83363802559415 15500
1748142026191 2.9250457038391224 16000
1748142026589 3.0164533820840953 16500
1748142027002 3.1078610603290677 17000
1748142027406 3.19926873857404 17500
1748142027798 3.2906764168190126 18000
1748142028278 3.3820840950639854 18500
1748142028683 3.473491773308958 19000
1748142029149 3.5648994515539303 19500
1748142029561 3.656307129798903 20000
1748142029972 3.7477148080438756 20500
1748142030367 3.8391224862888484 21000
1748142030755 3.930530164533821 21500
1748142031153 4.021937842778794 22000
1748142031548 4.113345521023766 22500
1748142031939 4.204753199268739 23000
1748142032332 4.296160877513711 23500
1748142032724 4.387568555758683 24000
1748142033204 4.478976234003657 24500
1748142033629 4.570383912248629 25000
1748142034048 4.661791590493602 25500
1748142034452 4.753199268738574 26000
1748142034855 4.844606946983546 26500
1748142035272 4.93601462522852 27000
1748142035689 5.027422303473491 27500
1748142036098 5.118829981718465 28000
1748142036498 5.210237659963437 28500
1748142036893 5.301645338208409 29000
1748142037283 5.393053016453382 29500
1748142037679 5.484460694698354 30000
1748142038072 5.575868372943328 30500
1748142038463 5.6672760511883 31000
1748142038855 5.7586837294332724 31500
1748142039247 5.850091407678245 32000
1748142039644 5.941499085923217 32500
1748142040037 6.032906764168191 33000
1748142040431 6.124314442413162 33500
1748142040819 6.2157221206581355 34000
1748142041213 6.307129798903108 34500
1748142041603 6.39853747714808 35000
1748142041994 6.489945155393053 35500
1748142042446 6.581352833638025 36000
1748142042838 6.6727605118829985 36500
1748142043282 6.764168190127971 37000
1748142043672 6.855575868372943 37500
1748142044059 6.946983546617916 38000
1748142044455 7.038391224862889 38500
1748142044846 7.129798903107861 39000
1748142045239 7.221206581352833 39500
1748142045633 7.312614259597806 40000
1748142046029 7.40402193784278 40500
1748142046425 7.495429616087751 41000
1748142046818 7.586837294332724 41500
1748142047210 7.678244972577697 42000
1748142047605 7.769652650822668 42500
1748142047997 7.861060329067642 43000
1748142048422 7.952468007312614 43500
1748142048830 8.043875685557587 44000
1748142049240 8.135283363802559 44500
1748142049638 8.226691042047532 45000
1748142050029 8.318098720292506 45500
1748142050419 8.409506398537477 46000
1748142050822 8.500914076782449 46500
1748142051237 8.592321755027422 47000
1748142051653 8.683729433272395 47500
1748142052051 8.775137111517367 48000
1748142052447 8.86654478976234 48500
1748142052849 8.957952468007313 49000
1748142053244 9.049360146252285 49500
1748142053635 9.140767824497258 50000
1748142054025 9.23217550274223 50500
1748142054852 9.414990859232175 51500
1748142055258 9.506398537477148 52000
1748142055658 9.597806215722121 52500
1748142056052 9.689213893967093 53000
1748142056460 9.780621572212066 53500
1748142056875 9.87202925045704 54000
1748142057273 9.963436928702011 54500
1748142057692 10.054844606946983 55000
1748142058116 10.146252285191956 55500
1748142058546 10.23765996343693 56000
1748142058974 10.3290676416819 56500
1748142059455 10.420475319926874 57000
1748142059897 10.511882998171847 57500
1748142060394 10.603290676416819 58000
1748142060818 10.694698354661792 58500
1748142061235 10.786106032906764 59000
1748142061701 10.877513711151737 59500
1748142062122 10.968921389396709 60000
1748142062538 11.060329067641682 60500
1748142062959 11.151736745886655 61000
1748142063404 11.243144424131627 61500
1748142063820 11.3345521023766 62000
1748142064241 11.425959780621572 62500
1748142064659 11.517367458866545 63000
1748142065075 11.608775137111516 63500
1748142065486 11.70018281535649 64000
1748142065894 11.791590493601463 64500
1748142066313 11.882998171846435 65000
1748142066737 11.974405850091408 65500
1748142067148 12.065813528336381 66000
1748142067568 12.157221206581353 66500
1748142067989 12.248628884826324 67000
1748142068407 12.340036563071298 67500
1748142068829 12.431444241316271 68000
1748142069248 12.522851919561242 68500
1748142070119 12.705667276051189 69500
1748142070544 12.79707495429616 70000
1748142070967 12.888482632541134 70500
1748142071359 12.979890310786105 71000
1748142071763 13.071297989031077 71500
1748142072154 13.16270566727605 72000
1748142072558 13.254113345521024 72500
1748142072963 13.345521023765997 73000
1748142073373 13.43692870201097 73500
1748142073788 13.528336380255942 74000
1748142074183 13.619744058500913 74500
1748142074605 13.711151736745887 75000
1748142074999 13.802559414990858 75500
1748142075394 13.893967093235831 76000
1748142075813 13.985374771480805 76500
1748142076284 14.076782449725778 77000
1748142076685 14.168190127970751 77500
1748142077077 14.259597806215721 78000
1748142077472 14.351005484460694 78500
1748142077869 14.442413162705666 79000
1748142078260 14.53382084095064 79500
1748142078652 14.625228519195613 80000
1748142079046 14.716636197440586 80500
1748142079440 14.80804387568556 81000
1748142079835 14.899451553930529 81500
1748142080232 14.990859232175502 82000
1748142080634 15.082266910420476 82500
1748142081050 15.173674588665447 83000
1748142081446 15.26508226691042 83500
1748142081839 15.356489945155394 84000
1748142082233 15.447897623400367 84500
1748142082629 15.539305301645337 85000
1748142083023 15.63071297989031 85500
1748142083418 15.722120658135283 86000
1748142083812 15.813528336380255 86500
1748142084276 15.904936014625228 87000
1748142084678 15.996343692870202 87500
1748142085134 16.087751371115175 88000
1748142085529 16.179159049360145 88500
1748142085964 16.270566727605118 89000
1748142086361 16.36197440585009 89500
1748142086757 16.453382084095065 90000
1748142087169 16.544789762340038 90500
1748142087586 16.63619744058501 91000
1748142087998 16.727605118829985 91500
1748142088395 16.819012797074954 92000
1748142088788 16.910420475319928 92500
1748142089185 17.001828153564897 93000
1748142089579 17.09323583180987 93500
1748142089976 17.184643510054844 94000
1748142090372 17.276051188299817 94500
1748142090775 17.36745886654479 95000
1748142091194 17.45886654478976 95500
1748142091592 17.550274223034734 96000
1748142091996 17.641681901279707 96500
1748142092388 17.73308957952468 97000
1748142092781 17.824497257769654 97500
1748142093172 17.915904936014627 98000
1748142093561 18.0073126142596 98500
1748142093955 18.09872029250457 99000
1748142094346 18.190127970749543 99500
1748142094739 18.281535648994517 100000
1748142095130 18.37294332723949 100500
1748142095519 18.46435100548446 101000
1748142095913 18.555758683729433 101500
1748142096307 18.647166361974406 102000
1748142096702 18.738574040219376 102500
1748142097113 18.82998171846435 103000
1748142097513 18.921389396709323 103500
1748142097914 19.012797074954296 104000
1748142098323 19.10420475319927 104500
1748142098742 19.195612431444243 105000
1748142099204 19.287020109689216 105500
1748142099623 19.378427787934186 106000
1748142100016 19.46983546617916 106500
1748142100416 19.561243144424132 107000
1748142100824 19.652650822669106 107500
1748142101249 19.74405850091408 108000
1748142101654 19.83546617915905 108500
1748142102055 19.926873857404022 109000
1748142102468 20.018281535648992 109500
1748142102888 20.109689213893965 110000
1748142103283 20.20109689213894 110500
1748142103701 20.29250457038391 111000
1748142104107 20.383912248628885 111500
1748142104528 20.47531992687386 112000
1748142104934 20.56672760511883 112500
1748142105342 20.6581352833638 113000
1748142105788 20.749542961608775 113500
1748142106200 20.840950639853748 114000
1748142106623 20.93235831809872 114500
1748142107062 21.023765996343695 115000
1748142107486 21.115173674588668 115500
1748142107914 21.206581352833638 116000
1748142108443 21.29798903107861 116500
1748142108866 21.389396709323584 117000
1748142109271 21.480804387568554 117500
1748142109673 21.572212065813527 118000
1748142110081 21.6636197440585 118500
1748142110473 21.755027422303474 119000
1748142110863 21.846435100548444 119500
1748142111348 21.937842778793417 120000
1748142111752 22.02925045703839 120500
1748142112143 22.120658135283364 121000
1748142112544 22.212065813528337 121500
1748142112938 22.30347349177331 122000
1748142113338 22.394881170018284 122500
1748142113733 22.486288848263253 123000
1748142114130 22.577696526508227 123500
1748142114523 22.6691042047532 124000
1748142114927 22.760511882998173 124500
1748142115323 22.851919561243143 125000
1748142115720 22.943327239488116 125500
1748142116142 23.03473491773309 126000
1748142116552 23.12614259597806 126500
1748142116959 23.217550274223033 127000
1748142117384 23.308957952468006 127500
1748142117852 23.40036563071298 128000
1748142118332 23.491773308957953 128500
1748142118750 23.583180987202926 129000
1748142119155 23.6745886654479 129500
1748142119555 23.76599634369287 130000
1748142119948 23.857404021937842 130500
1748142120339 23.948811700182816 131000
1748142120731 24.04021937842779 131500
1748142121125 24.131627056672762 132000
1748142121523 24.223034734917732 132500
1748142121927 24.314442413162705 133000
1748142122337 24.40585009140768 133500
1748142122736 24.49725776965265 134000
1748142123134 24.588665447897622 134500
1748142123567 24.680073126142595 135000
1748142123987 24.77148080438757 135500
1748142124430 24.862888482632542 136000
1748142124878 24.954296160877515 136500
1748142125294 25.045703839122485 137000
1748142125692 25.13711151736746 137500
1748142126102 25.22851919561243 138000
1748142126508 25.3199268738574 138500
1748142126909 25.411334552102378 139000
1748142127324 25.502742230347348 139500
1748142127741 25.59414990859232 140000
1748142128618 25.776965265082268 141000
1748142129016 25.868372943327238 141500
1748142129416 25.95978062157221 142000
1748142129811 26.051188299817184 142500
1748142130213 26.142595978062154 143000
1748142130605 26.23400365630713 143500
1748142130996 26.3254113345521 144000
1748142131389 26.416819012797077 144500
1748142131783 26.508226691042047 145000
1748142132178 26.599634369287017 145500
1748142132582 26.691042047531994 146000
1748142132975 26.782449725776964 146500
1748142133756 26.96526508226691 147500
1748142134148 27.056672760511884 148000
1748142134539 27.148080438756857 148500
1748142134932 27.239488117001827 149000
1748142135326 27.3308957952468 149500
1748142135718 27.422303473491773 150000
1748142136111 27.513711151736747 150500
1748142136504 27.605118829981716 151000
1748142136896 27.696526508226693 151500
1748142137286 27.787934186471663 152000
1748142137677 27.879341864716633 152500
1748142138070 27.97074954296161 153000
1748142138462 28.06215722120658 153500
1748142138854 28.153564899451556 154000
1748142139249 28.244972577696526 154500
1748142139637 28.336380255941503 155000
1748142140031 28.427787934186473 155500
1748142140421 28.519195612431442 156000
1748142140883 28.610603290676416 156500
1748142141285 28.70201096892139 157000
1748142141740 28.793418647166362 157500
1748142142134 28.884826325411332 158000
1748142142529 28.97623400365631 158500
1748142142924 29.06764168190128 159000
1748142143319 29.15904936014625 159500
1748142143712 29.250457038391225 160000
1748142144104 29.341864716636195 160500
1748142144495 29.433272394881172 161000
1748142144884 29.52468007312614 161500
1748142145276 29.61608775137112 162000
1748142145702 29.70749542961609 162500
1748142146098 29.798903107861058 163000
1748142146490 29.890310786106035 163500
1748142146886 29.981718464351005 164000
1748142147281 30.073126142595978 164500
1748142147676 30.16453382084095 165000
1748142148066 30.255941499085925 165500
1748142148461 30.347349177330894 166000
1748142148852 30.438756855575868 166500
1748142149244 30.53016453382084 167000
1748142149642 30.62157221206581 167500
1748142150035 30.712979890310788 168000
1748142150426 30.804387568555757 168500
1748142150816 30.895795246800734 169000
1748142151222 30.987202925045704 169500
1748142151634 31.078610603290674 170000
1748142152045 31.17001828153565 170500
1748142152462 31.26142595978062 171000
1748142152867 31.352833638025597 171500
1748142153273 31.444241316270567 172000
1748142153690 31.53564899451554 172500
1748142154090 31.62705667276051 173000
1748142154488 31.718464351005483 173500
1748142154880 31.809872029250457 174000
1748142155276 31.901279707495426 174500
1748142155670 31.992687385740403 175000
1748142156143 32.08409506398537 175500
1748142156553 32.17550274223035 176000
1748142156957 32.26691042047532 176500
1748142157468 32.35831809872029 177000
1748142157872 32.449725776965266 177500
1748142158269 32.541133455210236 178000
1748142158662 32.63254113345521 178500
1748142159063 32.72394881170018 179000
1748142159485 32.81535648994516 179500
1748142159890 32.90676416819013 180000
1748142160293 32.9981718464351 180500
1748142160749 33.089579524680076 181000
1748142161319 33.180987202925046 181500
1748142161760 33.27239488117002 182000
1748142162269 33.36380255941499 182500
1748142162683 33.45521023765997 183000
1748142163104 33.54661791590494 183500
1748142163526 33.63802559414991 184000
1748142163936 33.729433272394886 184500
1748142164356 33.820840950639855 185000
1748142164777 33.912248628884825 185500
1748142165284 34.003656307129795 186000
1748142165769 34.09506398537477 186500
1748142166191 34.18647166361974 187000
1748142166592 34.27787934186471 187500
1748142166986 34.36928702010969 188000
1748142167392 34.46069469835466 188500
1748142167787 34.552102376599635 189000
1748142168181 34.643510054844604 189500
1748142168572 34.73491773308958 190000
1748142168966 34.82632541133455 190500
1748142169364 34.91773308957952 191000
1748142169830 35.0091407678245 191500
1748142170252 35.10054844606947 192000
1748142170688 35.191956124314444 192500
1748142171167 35.283363802559414 193000
1748142171588 35.37477148080439 193500
1748142172003 35.46617915904936 194000
1748142172413 35.55758683729433 194500
1748142172827 35.64899451553931 195000
1748142173238 35.74040219378428 195500
1748142173642 35.831809872029254 196000
1748142174037 35.923217550274224 196500
1748142174435 36.0146252285192 197000
1748142174840 36.10603290676417 197500
1748142175246 36.19744058500914 198000
1748142175655 36.28884826325412 198500
1748142176061 36.38025594149909 199000
1748142176455 36.471663619744064 199500
1748142176854 36.56307129798903 200000
1748142177245 36.654478976234 200500
1748142177638 36.74588665447898 201000
1748142178034 36.83729433272395 201500
1748142178427 36.92870201096892 202000
1748142178872 37.02010968921389 202500
1748142179321 37.111517367458866 203000
1748142179771 37.202925045703836 203500
1748142180172 37.29433272394881 204000
1748142180565 37.38574040219378 204500
1748142180960 37.47714808043875 205000
1748142181352 37.56855575868373 205500
1748142181746 37.6599634369287 206000
1748142182144 37.751371115173676 206500
1748142182536 37.842778793418645 207000
1748142182928 37.93418647166362 207500
1748142183321 38.02559414990859 208000
1748142183723 38.11700182815356 208500
1748142184119 38.20840950639854 209000
1748142184523 38.29981718464351 209500
1748142184916 38.391224862888485 210000
1748142185308 38.482632541133455 210500
1748142185696 38.57404021937843 211000
1748142186089 38.6654478976234 211500
1748142186482 38.75685557586837 212000
1748142186872 38.84826325411335 212500
1748142187277 38.93967093235832 213000
1748142187676 39.031078610603295 213500
1748142188069 39.122486288848265 214000
1748142188461 39.21389396709324 214500
1748142188865 39.30530164533821 215000
1748142189257 39.39670932358318 215500
1748142189649 39.48811700182816 216000
1748142190042 39.57952468007313 216500
1748142190434 39.6709323583181 217000
1748142190823 39.762340036563074 217500
1748142191217 39.853747714808044 218000
1748142191610 39.945155393053014 218500
1748142192004 40.036563071297984 219000
1748142192394 40.12797074954296 219500
1748142192797 40.21937842778793 220000
1748142193193 40.31078610603291 220500
1748142193587 40.40219378427788 221000
1748142193980 40.493601462522854 221500
1748142194373 40.58500914076782 222000
1748142194765 40.67641681901279 222500
1748142195157 40.76782449725777 223000
1748142195546 40.85923217550274 223500
1748142195938 40.95063985374772 224000
1748142196341 41.04204753199269 224500
1748142196734 41.13345521023766 225000
1748142197129 41.22486288848263 225500
1748142197523 41.3162705667276 226000
1748142197916 41.40767824497258 226500
1748142198312 41.49908592321755 227000
1748142198708 41.590493601462526 227500
1748142199103 41.681901279707496 228000
1748142199498 41.773308957952466 228500
1748142199890 41.86471663619744 229000
1748142200282 41.95612431444241 229500
1748142200674 42.04753199268739 230000
1748142201067 42.13893967093236 230500
1748142201463 42.230347349177336 231000
1748142201858 42.321755027422306 231500
1748142202250 42.413162705667276 232000
1748142202643 42.50457038391225 232500
1748142203041 42.59597806215722 233000
1748142203434 42.68738574040219 233500
1748142203826 42.77879341864717 234000
1748142204222 42.87020109689214 234500
1748142204619 42.96160877513711 235000
1748142205013 43.05301645338208 235500
1748142205409 43.144424131627055 236000
1748142205846 43.235831809872025 236500
1748142206240 43.327239488117 237000
1748142206654 43.41864716636197 237500
1748142207048 43.51005484460695 238000
1748142207445 43.60146252285192 238500
1748142207838 43.69287020109689 239000
1748142208295 43.784277879341865 239500
1748142208689 43.875685557586834 240000
1748142209081 43.96709323583181 240500
1748142209473 44.05850091407678 241000
1748142209868 44.14990859232176 241500
1748142210262 44.24131627056673 242000
1748142210653 44.3327239488117 242500
1748142211045 44.424131627056674 243000
1748142211439 44.515539305301644 243500
1748142211833 44.60694698354662 244000
1748142212228 44.69835466179159 244500
1748142212620 44.78976234003657 245000
1748142213014 44.88117001828154 245500
1748142213406 44.97257769652651 246000
1748142213798 45.063985374771484 246500
1748142214192 45.155393053016454 247000
1748142214586 45.24680073126143 247500
1748142214981 45.3382084095064 248000
1748142215373 45.42961608775137 248500
1748142215764 45.52102376599635 249000
1748142216156 45.61243144424132 249500
1748142216549 45.703839122486286 250000
1748142216940 45.79524680073126 250500
1748142217336 45.88665447897623 251000
1748142217730 45.9780621572212 251500
1748142218122 46.06946983546618 252000
1748142218514 46.16087751371115 252500
1748142218906 46.25228519195612 253000
1748142219298 46.343692870201096 253500
1748142219690 46.435100548446066 254000
1748142220079 46.52650822669104 254500
1748142220473 46.61791590493601 255000
1748142220865 46.70932358318099 255500
1748142221262 46.80073126142596 256000
1748142221656 46.89213893967093 256500
1748142222051 46.983546617915906 257000
1748142222441 47.074954296160875 257500
1748142222833 47.16636197440585 258000
1748142223232 47.25776965265082 258500
1748142223626 47.3491773308958 259000
1748142224054 47.44058500914077 259500
1748142224498 47.53199268738574 260000
1748142224911 47.623400365630715 260500
1748142225313 47.714808043875685 261000
1748142225709 47.80621572212066 261500
1748142226104 47.89762340036563 262000
1748142226502 47.98903107861061 262500
1748142226900 48.08043875685558 263000
1748142227295 48.17184643510055 263500
1748142227867 48.263254113345525 264000
1748142228267 48.354661791590495 264500
1748142228663 48.446069469835464 265000
1748142229071 48.53747714808044 265500
1748142229474 48.62888482632541 266000
1748142229907 48.72029250457038 266500
1748142230316 48.81170018281536 267000
1748142230718 48.90310786106033 267500
1748142231121 48.9945155393053 268000
1748142231524 49.085923217550274 268500
1748142231929 49.177330895795244 269000
1748142232331 49.26873857404022 269500
1748142232735 49.36014625228519 270000
1748142233136 49.45155393053016 270500
1748142233536 49.54296160877514 271000
1748142233933 49.63436928702011 271500
1748142234327 49.725776965265084 272000
1748142234730 49.81718464351005 272500
1748142235132 49.90859232175503 273000
1748142235535 50.0 273500
1748142235936 50.09140767824497 274000
1748142236340 50.18281535648994 274500
1748142236739 50.27422303473492 275000
1748142237140 50.36563071297989 275500
1748142237543 50.45703839122486 276000
1748142237945 50.54844606946983 276500
1748142238356 50.6398537477148 277000
1748142238756 50.73126142595979 277500
1748142239192 50.822669104204756 278000
1748142239594 50.914076782449726 278500
1748142239989 51.005484460694696 279000
1748142240397 51.09689213893967 279500
1748142240795 51.18829981718464 280000
1748142241201 51.27970749542962 280500
1748142241601 51.37111517367459 281000
1748142241998 51.46252285191956 281500
1748142242402 51.553930530164536 282000
1748142242809 51.645338208409505 282500
1748142243211 51.736745886654475 283000
1748142243641 51.82815356489945 283500
1748142244048 51.91956124314442 284000
1748142244500 52.0109689213894 284500
1748142244904 52.10237659963437 285000
1748142245304 52.19378427787934 285500
1748142245706 52.28519195612431 286000
1748142246109 52.37659963436929 286500
1748142246514 52.46800731261426 287000
1748142246918 52.55941499085923 287500
1748142247327 52.6508226691042 288000
1748142247728 52.74223034734917 288500
1748142248135 52.833638025594155 289000
1748142248557 52.925045703839125 289500
1748142248971 53.016453382084094 290000
1748142249382 53.107861060329064 290500
1748142249831 53.199268738574034 291000
1748142250339 53.29067641681902 291500
1748142250752 53.38208409506399 292000
1748142251157 53.47349177330896 292500
1748142251556 53.56489945155393 293000
1748142251955 53.65630712979891 293500
1748142252351 53.74771480804388 294000
1748142252751 53.83912248628885 294500
1748142253144 53.93053016453382 295000
1748142253538 54.02193784277879 295500
1748142253932 54.11334552102377 296000
1748142254325 54.20475319926874 296500
1748142254718 54.296160877513714 297000
1748142255115 54.38756855575868 297500
1748142255514 54.47897623400365 298000
1748142255906 54.57038391224863 298500
1748142256305 54.6617915904936 299000
1748142256704 54.75319926873857 299500
1748142257095 54.844606946983546 300000
1748142257489 54.93601462522852 300500
1748142257893 55.02742230347349 301000
1748142258285 55.11882998171846 301500
1748142258680 55.21023765996343 302000
1748142259070 55.3016453382084 302500
1748142259464 55.393053016453386 303000
1748142259871 55.484460694698356 303500
1748142260279 55.575868372943326 304000
1748142260748 55.667276051188296 304500
1748142261174 55.758683729433265 305000
1748142261585 55.85009140767825 305500
1748142261998 55.94149908592322 306000
1748142262415 56.03290676416819 306500
1748142262818 56.12431444241316 307000
1748142263212 56.21572212065814 307500
1748142263695 56.30712979890311 308000
1748142264138 56.39853747714808 308500
1748142264563 56.48994515539305 309000
1748142264976 56.58135283363802 309500
1748142265372 56.672760511883006 310000
1748142265803 56.764168190127975 310500
1748142266200 56.855575868372945 311000
1748142266622 56.946983546617915 311500
1748142267034 57.038391224862885 312000
1748142267433 57.12979890310786 312500
1748142267832 57.22120658135283 313000
1748142268232 57.31261425959781 313500
1748142268634 57.40402193784278 314000
1748142269044 57.495429616087755 314500
1748142269451 57.586837294332724 315000
1748142269866 57.678244972577694 315500
1748142270288 57.769652650822664 316000
1748142270711 57.86106032906764 316500
1748142271120 57.95246800731262 317000
1748142271553 58.04387568555759 317500
1748142271965 58.13528336380256 318000
1748142272368 58.22669104204753 318500
1748142272782 58.3180987202925 319000
1748142273176 58.40950639853748 319500
1748142273584 58.50091407678245 320000
1748142273980 58.59232175502742 320500
1748142274442 58.68372943327239 321000
1748142274851 58.775137111517374 321500
1748142275253 58.866544789762344 322000
1748142275657 58.95795246800731 322500
1748142276052 59.04936014625228 323000
1748142276452 59.14076782449725 323500
1748142276854 59.23217550274224 324000
1748142277277 59.32358318098721 324500
1748142277672 59.41499085923218 325000
1748142278069 59.506398537477146 325500
1748142278487 59.597806215722116 326000
1748142278888 59.6892138939671 326500
1748142279280 59.78062157221207 327000
1748142279674 59.87202925045704 327500
1748142280068 59.96343692870201 328000
1748142280465 60.054844606946986 328500
1748142280859 60.146252285191956 329000
1748142281255 60.237659963436926 329500
1748142281650 60.3290676416819 330000
1748142282047 60.42047531992687 330500
1748142282444 60.51188299817185 331000
1748142282837 60.60329067641682 331500
1748142283232 60.69469835466179 332000
1748142283624 60.78610603290676 332500
1748142284015 60.877513711151735 333000
1748142284409 60.96892138939671 333500
1748142284801 61.06032906764168 334000
1748142285194 61.15173674588665 334500
1748142285593 61.24314442413162 335000
1748142285985 61.334552102376605 335500
1748142286383 61.425959780621575 336000
1748142286779 61.517367458866545 336500
1748142287171 61.608775137111515 337000
1748142287568 61.700182815356484 337500
1748142287963 61.79159049360147 338000
1748142288357 61.88299817184644 338500
1748142288756 61.97440585009141 339000
1748142289147 62.06581352833638 339500
1748142289540 62.15722120658135 340000
1748142289934 62.24862888482633 340500
1748142290328 62.3400365630713 341000
1748142290720 62.43144424131627 341500
1748142291114 62.52285191956124 342000
1748142291509 62.614259597806225 342500
1748142291902 62.705667276051194 343000
1748142292299 62.797074954296164 343500
1748142292692 62.888482632541134 344000
1748142293084 62.979890310786104 344500
1748142293481 63.07129798903108 345000
1748142293872 63.16270566727605 345500
1748142294263 63.25411334552102 346000
1748142294659 63.345521023766 346500
1748142295059 63.43692870201097 347000
1748142295456 63.52833638025594 347500
1748142295851 63.61974405850091 348000
1748142296242 63.71115173674588 348500
1748142296639 63.80255941499085 349000
1748142297035 63.89396709323584 349500
1748142297431 63.98537477148081 350000
1748142297821 64.07678244972578 350500
1748142298244 64.16819012797075 351000
1748142298634 64.25959780621572 351500
1748142299029 64.3510054844607 352000
1748142299423 64.44241316270566 352500
1748142299827 64.53382084095064 353000
1748142300251 64.62522851919562 353500
1748142300655 64.71663619744058 354000
1748142301050 64.80804387568556 354500
1748142301449 64.89945155393053 355000
1748142301843 64.9908592321755 355500
1748142302236 65.08226691042047 356000
1748142302630 65.17367458866545 356500
1748142303023 65.26508226691043 357000
1748142303418 65.35648994515539 357500
1748142303817 65.44789762340037 358000
1748142304213 65.53930530164533 358500
1748142304628 65.63071297989032 359000
1748142305022 65.72212065813528 359500
1748142305417 65.81352833638026 360000
1748142305811 65.90493601462522 360500
1748142306208 65.9963436928702 361000
1748142306602 66.08775137111517 361500
1748142307028 66.17915904936015 362000
1748142307424 66.27056672760511 362500
1748142307816 66.36197440585009 363000
1748142308209 66.45338208409507 363500
1748142308601 66.54478976234005 364000
1748142308994 66.63619744058501 364500
1748142309391 66.72760511882998 365000
1748142309793 66.81901279707495 365500
1748142310183 66.91042047531994 366000
1748142310575 67.0018281535649 366500
1748142310970 67.09323583180988 367000
1748142311364 67.18464351005484 367500
1748142311758 67.27605118829982 368000
1748142312149 67.3674588665448 368500
1748142312541 67.45886654478977 369000
1748142312935 67.55027422303473 369500
1748142313332 67.64168190127971 370000
1748142313729 67.73308957952467 370500
1748142314123 67.82449725776965 371000
1748142314514 67.91590493601463 371500
1748142314908 68.00731261425959 372000
1748142315300 68.09872029250457 372500
1748142315692 68.19012797074954 373000
1748142316086 68.28153564899452 373500
1748142316486 68.37294332723948 374000
1748142316878 68.46435100548446 374500
1748142317270 68.55575868372942 375000
1748142317666 68.64716636197441 375500
1748142318061 68.73857404021938 376000
1748142318453 68.82998171846435 376500
1748142318847 68.92138939670932 377000
1748142319234 69.01279707495429 377500
1748142319625 69.10420475319927 378000
1748142320018 69.19561243144425 378500
1748142320414 69.28702010968921 379000
1748142320808 69.37842778793419 379500
1748142321206 69.46983546617916 380000
1748142321603 69.56124314442414 380500
1748142321995 69.6526508226691 381000
1748142322391 69.74405850091408 381500
1748142322785 69.83546617915904 382000
1748142323191 69.92687385740403 382500
1748142323597 70.018281535649 383000
1748142324097 70.10968921389397 383500
1748142324528 70.20109689213893 384000
1748142324990 70.29250457038391 384500
1748142325509 70.38391224862889 385000
1748142325951 70.47531992687385 385500
1748142326361 70.56672760511883 386000
1748142326766 70.6581352833638 386500
1748142327209 70.74954296160878 387000
1748142327605 70.84095063985374 387500
1748142328000 70.93235831809872 388000
1748142328401 71.02376599634368 388500
1748142328824 71.11517367458866 389000
1748142329320 71.20658135283364 389500
1748142329740 71.29798903107861 390000
1748142330151 71.38939670932358 390500
1748142330555 71.48080438756855 391000
1748142330953 71.57221206581352 391500
1748142331352 71.66361974405851 392000
1748142331764 71.75502742230347 392500
1748142332172 71.84643510054845 393000
1748142332570 71.93784277879341 393500
1748142332974 72.0292504570384 394000
1748142333384 72.12065813528336 394500
1748142333797 72.21206581352834 395000
1748142334195 72.3034734917733 395500
1748142334593 72.39488117001828 396000
1748142334985 72.48628884826326 396500
1748142335394 72.57769652650823 397000
1748142335811 72.6691042047532 397500
1748142336222 72.76051188299817 398000
1748142336621 72.85191956124314 398500
1748142337027 72.94332723948813 399000
1748142337489 73.03473491773309 399500
1748142337888 73.12614259597807 400000
1748142338330 73.21755027422303 400500
1748142338729 73.308957952468 401000
1748142339124 73.40036563071298 401500
1748142339515 73.49177330895796 402000
1748142339910 73.58318098720292 402500
1748142340314 73.6745886654479 403000
1748142340731 73.76599634369288 403500
1748142341166 73.85740402193784 404000
1748142341656 73.94881170018282 404500
1748142342064 74.04021937842778 405000
1748142342457 74.13162705667276 405500
1748142342853 74.22303473491773 406000
1748142343251 74.31444241316271 406500
1748142343647 74.40585009140767 407000
1748142344038 74.49725776965265 407500
1748142344461 74.58866544789763 408000
1748142344879 74.6800731261426 408500
1748142345275 74.77148080438756 409000
1748142345691 74.86288848263254 409500
1748142346092 74.9542961608775 410000
1748142346508 75.0457038391225 410500
1748142346919 75.13711151736746 411000
1748142347404 75.22851919561244 411500
1748142347877 75.3199268738574 412000
1748142348348 75.41133455210237 412500
1748142348775 75.50274223034735 413000
1748142349245 75.59414990859233 413500
1748142349662 75.68555758683729 414000
1748142350069 75.77696526508227 414500
1748142350494 75.86837294332724 415000
1748142350928 75.95978062157222 415500
1748142351362 76.05118829981718 416000
1748142351759 76.14259597806216 416500
1748142352254 76.23400365630712 417000
1748142352650 76.3254113345521 417500
1748142353070 76.41681901279708 418000
1748142353465 76.50822669104204 418500
1748142353870 76.59963436928702 419000
1748142354263 76.691042047532 419500
1748142354664 76.78244972577697 420000
1748142355143 76.87385740402193 420500
1748142355541 76.96526508226691 421000
1748142355943 77.05667276051187 421500
1748142356340 77.14808043875686 422000
1748142356736 77.23948811700183 422500
1748142357141 77.3308957952468 423000
1748142357538 77.42230347349177 423500
1748142357934 77.51371115173674 424000
1748142358329 77.60511882998172 424500
1748142358729 77.6965265082267 425000
1748142359126 77.78793418647166 425500
1748142359533 77.87934186471664 426000
1748142359995 77.9707495429616 426500
1748142360460 78.06215722120659 427000
1748142360878 78.15356489945155 427500
1748142361281 78.24497257769653 428000
1748142361700 78.33638025594149 428500
1748142362107 78.42778793418648 429000
1748142362502 78.51919561243145 429500
1748142362891 78.61060329067642 430000
1748142363334 78.70201096892139 430500
1748142363727 78.79341864716636 431000
1748142364122 78.88482632541134 431500
1748142364541 78.97623400365632 432000
1748142364955 79.06764168190128 432500
1748142365380 79.15904936014626 433000
1748142365821 79.25045703839122 433500
1748142366228 79.3418647166362 434000
1748142366625 79.43327239488117 434500
1748142367087 79.52468007312615 435000
1748142367502 79.61608775137111 435500
1748142367907 79.70749542961609 436000
1748142368312 79.79890310786107 436500
1748142368731 79.89031078610603 437000
1748142369173 79.981718464351 437500
1748142369591 80.07312614259597 438000
1748142370025 80.16453382084096 438500
1748142370430 80.25594149908592 439000
1748142370836 80.3473491773309 439500
1748142371267 80.43875685557586 440000
1748142371683 80.53016453382084 440500
1748142372088 80.62157221206581 441000
1748142372492 80.71297989031079 441500
1748142372895 80.80438756855575 442000
1748142373468 80.89579524680073 442500
1748142373909 80.98720292504571 443000
1748142374346 81.07861060329068 443500
1748142374750 81.17001828153565 444000
1748142375158 81.26142595978062 444500
1748142375553 81.35283363802559 445000
1748142375952 81.44424131627058 445500
1748142376352 81.53564899451554 446000
1748142376757 81.62705667276052 446500
1748142377158 81.71846435100548 447000
1748142377556 81.80987202925046 447500
1748142377951 81.90127970749543 448000
1748142378350 81.99268738574041 448500
1748142378747 82.08409506398537 449000
1748142379139 82.17550274223035 449500
1748142379536 82.26691042047533 450000
1748142379952 82.35831809872029 450500
1748142380346 82.44972577696527 451000
1748142380736 82.54113345521023 451500
1748142381138 82.6325411334552 452000
1748142381536 82.72394881170018 452500
1748142381937 82.81535648994516 453000
1748142382345 82.90676416819012 453500
1748142382741 82.9981718464351 454000
1748142383163 83.08957952468006 454500
1748142383566 83.18098720292505 455000
1748142383964 83.27239488117002 455500
1748142384363 83.36380255941499 456000
1748142384765 83.45521023765995 456500
1748142385160 83.54661791590493 457000
1748142385574 83.63802559414991 457500
1748142385975 83.72943327239489 458000
1748142386400 83.82084095063985 458500
1748142386797 83.91224862888483 459000
1748142387194 84.0036563071298 459500
1748142387589 84.09506398537478 460000
1748142387984 84.18647166361974 460500
1748142388385 84.27787934186472 461000
1748142388783 84.36928702010968 461500
1748142389180 84.46069469835467 462000
1748142389581 84.55210237659963 462500
1748142389980 84.64351005484461 463000
1748142390374 84.73491773308957 463500
1748142390771 84.82632541133455 464000
1748142391168 84.91773308957953 464500
1748142391568 85.0091407678245 465000
1748142391977 85.10054844606947 465500
1748142392392 85.19195612431444 466000
1748142392789 85.28336380255942 466500
1748142393196 85.37477148080438 467000
1748142393598 85.46617915904936 467500
1748142393996 85.55758683729434 468000
1748142394398 85.6489945155393 468500
1748142394797 85.74040219378428 469000
1748142395196 85.83180987202925 469500
1748142395599 85.92321755027422 470000
1748142396037 86.0146252285192 470500
1748142396453 86.10603290676416 471000
1748142396864 86.19744058500915 471500
1748142397261 86.28884826325411 472000
1748142397664 86.38025594149909 472500
1748142398060 86.47166361974405 473000
1748142398453 86.56307129798904 473500
1748142398855 86.654478976234 474000
1748142399254 86.74588665447898 474500
1748142399656 86.83729433272394 475000
1748142400079 86.92870201096892 475500
1748142400491 87.0201096892139 476000
1748142400905 87.11151736745887 476500
1748142401340 87.20292504570384 477000
1748142401766 87.29433272394881 477500
1748142402188 87.38574040219378 478000
1748142402604 87.47714808043877 478500
1748142403016 87.56855575868373 479000
1748142403469 87.6599634369287 479500
1748142403894 87.75137111517367 480000
1748142404319 87.84277879341865 480500
1748142404748 87.93418647166362 481000
1748142405168 88.0255941499086 481500
1748142405585 88.11700182815356 482000
1748142406000 88.20840950639854 482500
1748142406418 88.29981718464352 483000
1748142406853 88.39122486288848 483500
1748142407316 88.48263254113346 484000
1748142407745 88.57404021937842 484500
1748142408168 88.6654478976234 485000
1748142408588 88.75685557586837 485500
1748142409011 88.84826325411335 486000
1748142409436 88.93967093235831 486500
1748142409859 89.03107861060329 487000
1748142410279 89.12248628884826 487500
1748142410693 89.21389396709324 488000
1748142411109 89.3053016453382 488500
1748142411526 89.39670932358318 489000
1748142411949 89.48811700182814 489500
1748142412358 89.57952468007313 490000
1748142412762 89.6709323583181 490500
1748142413170 89.76234003656307 491000
1748142413575 89.85374771480804 491500
1748142414003 89.94515539305301 492000
1748142414405 90.03656307129799 492500
1748142414808 90.12797074954297 493000
1748142415212 90.21937842778793 493500
1748142415617 90.31078610603291 494000
1748142416016 90.40219378427788 494500
1748142416413 90.49360146252286 495000
1748142416817 90.58500914076782 495500
1748142417219 90.6764168190128 496000
1748142417617 90.76782449725776 496500
1748142418013 90.85923217550274 497000
1748142418420 90.95063985374772 497500
1748142418834 91.0420475319927 498000
1748142419259 91.13345521023766 498500
1748142419683 91.22486288848263 499000
1748142420137 91.31627056672761 499500
1748142420533 91.40767824497257 500000
1748142420928 91.49908592321755 500500
1748142421329 91.59049360146253 501000
1748142421735 91.6819012797075 501500
1748142422137 91.77330895795247 502000
1748142422546 91.86471663619744 502500
1748142422946 91.9561243144424 503000
1748142423394 92.04753199268738 503500
1748142423818 92.13893967093236 504000
1748142424251 92.23034734917734 504500
1748142424677 92.3217550274223 505000
1748142425087 92.41316270566728 505500
1748142425481 92.50457038391224 506000
1748142425874 92.59597806215723 506500
1748142426276 92.68738574040219 507000
1748142426672 92.77879341864717 507500
1748142427064 92.87020109689213 508000
1748142427462 92.96160877513712 508500
1748142427884 93.05301645338209 509000
1748142428304 93.14442413162706 509500
1748142428732 93.23583180987202 510000
1748142429149 93.327239488117 510500
1748142429568 93.41864716636198 511000
1748142429983 93.51005484460696 511500
1748142430402 93.60146252285192 512000
1748142430822 93.6928702010969 512500
1748142431237 93.78427787934186 513000
1748142431662 93.87568555758683 513500
1748142432092 93.96709323583181 514000
1748142432514 94.05850091407679 514500
1748142432932 94.14990859232175 515000
1748142433350 94.24131627056673 515500
1748142433764 94.3327239488117 516000
1748142434176 94.42413162705667 516500
1748142434593 94.51553930530164 517000
1748142435008 94.6069469835466 517500
1748142435428 94.6983546617916 518000
1748142435858 94.78976234003656 518500
1748142436287 94.88117001828154 519000
1748142436713 94.9725776965265 519500
1748142437136 95.06398537477148 520000
1748142437560 95.15539305301645 520500
1748142437985 95.24680073126143 521000
1748142438396 95.3382084095064 521500
1748142438800 95.42961608775137 522000
1748142439210 95.52102376599635 522500
1748142439602 95.61243144424132 523000
1748142440005 95.70383912248629 523500
1748142440429 95.79524680073126 524000
1748142440872 95.88665447897623 524500
1748142441278 95.97806215722122 525000
1748142441676 96.06946983546618 525500
1748142442081 96.16087751371116 526000
1748142442491 96.25228519195612 526500
1748142442887 96.3436928702011 527000
1748142443302 96.43510054844607 527500
1748142443708 96.52650822669105 528000
1748142444126 96.61791590493601 528500
1748142444527 96.70932358318099 529000
1748142444948 96.80073126142597 529500
1748142445350 96.89213893967093 530000
1748142445759 96.9835466179159 530500
1748142446206 97.07495429616088 531000
1748142446610 97.16636197440585 531500
1748142447020 97.25776965265082 532000
1748142447425 97.3491773308958 532500
1748142447822 97.44058500914076 533000
1748142448330 97.53199268738574 533500
1748142448775 97.62340036563072 534000
1748142449332 97.71480804387569 534500
1748142449861 97.80621572212065 535000
1748142450291 97.89762340036563 535500
1748142450729 97.9890310786106 536000
1748142451196 98.08043875685559 536500
1748142451604 98.17184643510055 537000
1748142452031 98.26325411334552 537500
1748142452476 98.35466179159049 538000
1748142452895 98.44606946983546 538500
1748142453312 98.53747714808044 539000
1748142453735 98.62888482632542 539500
1748142454169 98.72029250457038 540000
1748142454587 98.81170018281536 540500
1748142454989 98.90310786106032 541000
1748142455410 98.99451553930531 541500
1748142455822 99.08592321755027 542000
1748142456237 99.17733089579525 542500
1748142456663 99.26873857404021 543000
1748142457103 99.3601462522852 543500
1748142457525 99.45155393053017 544000
1748142457954 99.54296160877514 544500
1748142458362 99.6343692870201 545000
1748142458773 99.72577696526508 545500
1748142459191 99.81718464351006 546000
1748142459596 99.90859232175502 546500
1748142460052 100.0 547000
