1748143910882 63.75 0
1748143956483 77.15 1
1748143997708 110.75 2
1748144102281 131.25 3
1748144188545 -45.2 4
1748144266566 242.95 5
1748144328170 102.75 6
1748144437478 49.45 7
1748144482537 183.05 8
1748144552650 214.8 9
1748144641233 1.45 10
1748144718529 255.75 11
1748144790978 183.95 12
1748144846151 137.05 13
1748144974692 180.15 14
1748145054739 311.75 15
1748145107757 8.45 16
1748145246798 99.55 17
1748145294798 267.65 18
1748145339767 106.95 19
1748145383927 128.85 20
1748145452415 77.15 21
1748145500224 422.85 22
1748145545696 163.75 23
1748145595360 429.05 24
1748145636808 253.15 25
1748145704138 124.05 26
1748145773567 94.45 27
1748145829567 -76.15 28
1748145882393 196.25 29
