1748143910881 41.0 0
1748143956483 88.0 1
1748143997707 118.0 2
1748144102280 13.0 3
1748144188545 17.0 4
1748144266565 21.0 5
1748144328170 32.0 6
1748144437478 12.0 7
1748144482536 75.0 8
1748144552649 26.0 9
1748144641232 16.0 10
1748144718529 26.0 11
1748144790978 27.0 12
1748144846150 46.0 13
1748144974692 10.0 14
1748145054739 21.0 15
1748145107756 54.0 16
1748145246797 9.0 17
1748145294797 79.0 18
1748145339767 97.0 19
1748145383927 125.0 20
1748145452414 31.0 21
1748145500224 83.0 22
1748145545696 91.0 23
1748145595360 64.0 24
1748145636808 122.0 25
1748145704138 29.0 26
1748145773567 26.0 27
1748145829567 45.0 28
1748145882393 52.0 29
