1748143910882 284.0 0
1748143956484 1.0 1
1748143997708 148.0 2
1748144102281 164.0 3
1748144188546 1.0 4
1748144266567 31.0 5
1748144328171 222.0 6
1748144437479 260.0 7
1748144482537 124.0 8
1748144552651 14.0 9
1748144641234 255.0 10
1748144718530 42.0 11
1748144790979 82.0 12
1748144846151 502.0 13
1748144974693 37.0 14
1748145054740 163.0 15
1748145107758 160.0 16
1748145246798 124.0 17
1748145294799 80.0 18
1748145339768 230.0 19
1748145383928 81.0 20
1748145452416 1.0 21
1748145500225 148.0 22
1748145545697 76.0 23
1748145595361 130.0 24
1748145636810 100.0 25
1748145704139 75.0 26
1748145773568 277.0 27
1748145829568 33.0 28
1748145882394 27.0 29
