1748143910879 5.6115164153345e-05 0
1748143956481 2.0513382630874486e-05 1
1748143997706 0.00015930522616241006 2
1748144102279 0.000462258900102083 3
1748144188543 4.059611610484306e-05 4
1748144266564 0.00016738085788752134 5
1748144328168 8.168455894760161e-05 6
1748144437476 0.00015304852121831474 7
1748144482535 1.3492834268013232e-05 8
1748144552648 4.066563313514796e-05 9
1748144641231 0.00034976083937615 10
1748144718527 1.455331604624343e-05 11
1748144790977 1.6718195125281985e-05 12
1748144846149 0.00038478326451779783 13
1748144974691 1.2882934856299115e-05 14
1748145054737 0.00012131824491261165 15
1748145107755 0.0005373970605766277 16
1748145246796 8.220833010924365e-05 17
1748145294795 1.5349733642748702e-05 18
1748145339765 7.574166564112334e-05 19
1748145383925 1.5844285339714784e-05 20
1748145452413 1.3810765861180123e-05 21
1748145500222 1.1860833906491779e-05 22
1748145545694 2.0584614363549795e-05 23
1748145595358 1.0212889747052709e-05 24
1748145636806 1.4291041515128382e-05 25
1748145704137 1.069384818362436e-05 26
1748145773565 4.691659874278745e-05 27
1748145829565 6.319409673985243e-05 28
1748145882392 1.0527634690546379e-05 29
