1748143910882 16375.0 0
1748143956484 17715.0 1
1748143997708 21075.0 2
1748144102281 23125.0 3
1748144188546 5480.0 4
1748144266566 34295.0 5
1748144328171 20275.0 6
1748144437479 14945.0 7
1748144482537 28305.0 8
1748144552650 31480.0 9
1748144641233 10145.0 10
1748144718529 35575.0 11
1748144790978 28395.0 12
1748144846151 23705.0 13
1748144974692 28015.0 14
1748145054740 41175.0 15
1748145107757 10845.0 16
1748145246798 19955.0 17
1748145294798 36765.0 18
1748145339768 20695.0 19
1748145383928 22885.0 20
1748145452415 17715.0 21
1748145500225 52285.0 22
1748145545697 26375.0 23
1748145595361 52905.0 24
1748145636809 35315.0 25
1748145704138 22405.0 26
1748145773567 19445.0 27
1748145829568 2385.0 28
1748145882393 29625.0 29
