1748143910881 0.02751804496272085 0
1748143956482 1.8747059221802523e-05 1
1748143997707 1.2494702536130696e-05 2
1748144102280 7.151383480402486e-05 3
1748144188544 0.001070771210977077 4
1748144266565 0.00023592770353071267 5
1748144328169 8.674832802525465e-05 6
1748144437477 0.007158714383119802 7
1748144482536 0.3447275228705859 8
1748144552649 0.01641309440776005 9
1748144641232 0.005076907125463296 10
1748144718528 0.0057331484710788335 11
1748144790977 0.0001519493402204936 12
1748144846150 0.002666908470221427 13
1748144974691 0.003645361459451017 14
1748145054738 2.362684496249784e-05 15
1748145107756 1.739347168349592e-05 16
1748145246797 2.426644086766875e-05 17
1748145294797 0.13680906044160712 18
1748145339766 0.1097030609239807 19
1748145383926 0.003082968101216927 20
1748145452414 0.02621388185669409 21
1748145500223 0.27458015463799557 22
1748145545695 0.112302529074432 23
1748145595359 0.22440382461218608 24
1748145636807 0.37160328781351226 25
1748145704137 0.03424571678750847 26
1748145773566 0.25062589972402505 27
1748145829566 3.0174866714019113e-05 28
1748145882392 0.0058234041561740805 29
