1748143910880 1868.0 0
1748143956482 620.0 1
1748143997707 1334.0 2
1748144102280 671.0 3
1748144188544 1035.0 4
1748144266564 606.0 5
1748144328169 1485.0 6
1748144437477 533.0 7
1748144482535 1864.0 8
1748144552648 572.0 9
1748144641231 1177.0 10
1748144718528 576.0 11
1748144790977 514.0 12
1748144846150 579.0 13
1748144974691 523.0 14
1748145054738 554.0 15
1748145107755 830.0 16
1748145246796 542.0 17
1748145294796 594.0 18
1748145339766 747.0 19
1748145383926 510.0 20
1748145452413 537.0 21
1748145500223 671.0 22
1748145545695 590.0 23
1748145595359 730.0 24
1748145636806 906.0 25
1748145704137 1129.0 26
1748145773566 812.0 27
1748145829566 612.0 28
1748145882392 855.0 29
