1748143910878 63.75 0
1748143956480 77.15 1
1748143997706 110.75 2
1748144102279 131.25 3
1748144188542 -45.2 4
1748144266562 242.95 5
1748144328167 102.75 6
1748144437475 49.45 7
1748144482533 183.05 8
1748144552646 214.8 9
1748144641229 1.45 10
1748144718525 255.75 11
1748144790976 183.95 12
1748144846149 137.05 13
1748144974689 180.15 14
1748145054736 311.75 15
1748145107753 8.45 16
1748145246794 99.55 17
1748145294794 267.65 18
1748145339763 106.95 19
1748145383924 128.85 20
1748145452411 77.15 21
1748145500220 422.85 22
1748145545693 163.75 23
1748145595357 429.05 24
1748145636804 253.15 25
1748145704136 124.05 26
1748145773565 94.45 27
1748145829564 -76.15 28
1748145882390 196.25 29
