1748149016795 0.47732696897374705 500
1748149033703 0.7159904534606205 1000
1748149050931 0.7955449482895783 1500
1748149067530 0.7159904534606205 2000
1748149084428 0.6682577565632458 2500
1748149101255 0.7159904534606206 3000
1748149118071 0.6818956699624958 3500
1748149134964 0.6563245823389021 4000
1748149152248 0.6364359586316627 4500
1748149169330 0.6205250596658711 5000
1748149186715 0.6509004122369277 5500
1748149203549 0.6364359586316627 6000
1748149220781 0.6241968055810538 6500
1748149237868 0.6137061029662462 7000
1748149254749 0.6046141607000796 7500
1748149271420 0.5966587112171837 8000
1748149288576 0.5756001684683419 8500
1748149305861 0.5701405462741977 9000
1748149323131 0.5652556211531214 9500
1748149340039 0.5608591885441527 10000
