1748149016722 11813.78 500
1748149033623 7256.52 1000
1748149050852 6270.52 1500
1748149067503 9545.33 2000
1748149084346 11711.236 2500
1748149101183 11712.56 3000
1748149117999 11762.711428571429 3500
1748149134889 10372.6375 4000
1748149152182 9493.455555555556 4500
1748149169259 9034.974 5000
1748149186629 8773.172727272728 5500
1748149203477 8814.795 6000
1748149220711 8755.48153846154 6500
1748149237783 8409.374285714286 7000
1748149254676 9191.974666666667 7500
1748149271347 9146.368750000001 8000
1748149288511 9574.309411764707 8500
1748149305786 9947.425555555556 9000
1748149323058 10427.977894736843 9500
1748149339970 10441.438 10000
