1748149016685 18.14 500
1748149033582 -27.435000000000002 1000
1748149050816 -37.29333333333333 1500
1748149067502 -4.544999999999998 2000
1748149084306 17.114 2500
1748149101148 17.12666666666667 3000
1748149117956 17.62857142857143 3500
1748149134850 3.7275 4000
1748149152145 -5.064444444444445 4500
1748149169228 -9.649000000000001 5000
1748149186590 -12.267272727272728 5500
1748149203437 -11.850833333333334 6000
1748149220675 -12.443846153846154 6500
1748149237754 -15.905000000000001 7000
1748149254633 -8.079333333333334 7500
1748149271301 -8.535625 8000
1748149288474 -4.2564705882352944 8500
1748149305740 -0.5255555555555556 9000
1748149323026 4.279999999999999 9500
1748149339933 4.414499999999999 10000
