1748149016757 2.0 500
1748149033662 3.0 1000
1748149050889 3.3333333333333335 1500
1748149067504 3.0 2000
1748149084387 2.8 2500
1748149101217 3.0 3000
1748149118035 2.857142857142857 3500
1748149134927 2.75 4000
1748149152214 2.6666666666666665 4500
1748149169295 2.6 5000
1748149186670 2.727272727272727 5500
1748149203511 2.6666666666666665 6000
1748149220747 2.6153846153846154 6500
1748149237825 2.5714285714285716 7000
1748149254715 2.533333333333333 7500
1748149271378 2.5 8000
1748149288544 2.411764705882353 8500
1748149305823 2.388888888888889 9000
1748149323096 2.3684210526315788 9500
1748149340003 2.35 10000
