1748149016500 500.0 500
1748149033382 1000.0 1000
1748149050629 1500.0 1500
1748149067324 2000.0 2000
1748149084128 2500.0 2500
1748149100960 3000.0 3000
1748149117761 3500.0 3500
1748149134668 4000.0 4000
1748149151963 4500.0 4500
1748149169038 5000.0 5000
1748149186401 5500.0 5500
1748149203250 6000.0 6000
1748149220486 6500.0 6500
1748149237578 7000.0 7000
1748149254452 7500.0 7500
1748149271108 8000.0 8000
1748149288301 8500.0 8500
1748149305557 9000.0 9000
1748149322843 9500.0 9500
1748149339741 10000.0 10000
