1748149016542 18.14 500
1748149033427 -73.01 1000
1748149050669 -57.01 1500
1748149067360 93.7 2000
1748149084163 103.75 2500
1748149100997 17.19 3000
1748149117799 20.64 3500
1748149134703 -93.58 4000
1748149151993 -75.4 4500
1748149169073 -50.91 5000
1748149186440 -38.45 5500
1748149203288 -7.27 6000
1748149220521 -19.56 6500
1748149237618 -60.9 7000
1748149254492 101.48 7500
1748149271150 -15.38 8000
1748149288340 64.21 8500
1748149305597 62.9 9000
1748149322882 90.78 9500
1748149339778 6.97 10000
