1748149016650 0.47732696897374705 500
1748149033538 0.9546539379474941 1000
1748149050773 0.9546539379474941 1500
1748149067501 0.47732696897374705 2000
1748149084270 0.47732696897374705 2500
1748149101112 0.9546539379474941 3000
1748149117911 0.47732696897374705 3500
1748149134810 0.47732696897374705 4000
1748149152102 0.47732696897374705 4500
1748149169186 0.47732696897374705 5000
1748149186554 0.9546539379474941 5500
1748149203397 0.47732696897374705 6000
1748149220634 0.47732696897374705 6500
1748149237720 0.47732696897374705 7000
1748149254600 0.47732696897374705 7500
1748149271263 0.47732696897374705 8000
1748149288445 0.23866348448687352 8500
1748149305701 0.47732696897374705 9000
1748149322993 0.47732696897374705 9500
1748149339898 0.47732696897374705 10000
