1748149016573 11813.78 500
1748149033469 2699.26 1000
1748149050696 4298.52 1500
1748149067400 19369.76 2000
1748149084200 20374.86 2500
1748149101031 11719.18 3000
1748149117840 12063.62 3500
1748149134738 642.12 4000
1748149152027 2460.0 4500
1748149169115 4908.64 5000
1748149186478 6155.16 5500
1748149203328 9272.64 6000
1748149220551 8043.72 6500
1748149237651 3909.98 7000
1748149254526 20148.38 7500
1748149271188 8462.28 8000
1748149288377 16421.36 8500
1748149305630 16290.4 9000
1748149322921 19077.92 9500
1748149339817 10697.18 10000
