1748149016471 500.0 500
1748149033343 500.0 1000
1748149050590 500.0 1500
1748149067287 500.0 2000
1748149084087 500.0 2500
1748149100928 500.0 3000
1748149117719 500.0 3500
1748149134632 500.0 4000
1748149151925 500.0 4500
1748149169009 500.0 5000
1748149186359 500.0 5500
1748149203210 500.0 6000
1748149220456 500.0 6500
1748149237546 500.0 7000
1748149254415 500.0 7500
1748149271072 500.0 8000
1748149288269 500.0 8500
1748149305526 500.0 9000
1748149322807 500.0 9500
1748149339708 500.0 10000
