1748139987294 63.75 0
1748140033771 77.15 1
1748140076432 110.75 2
1748140182343 131.25 3
1748140278053 -45.2 4
1748140362789 242.95 5
1748140429116 102.75 6
1748140549236 49.45 7
1748140598617 183.05 8
1748140671254 214.8 9
1748140767911 1.45 10
1748140841035 255.75 11
1748140913722 183.95 12
1748140968812 137.05 13
1748141102487 180.15 14
1748141184437 311.75 15
1748141236870 8.45 16
1748141377407 99.55 17
1748141424074 267.65 18
1748141468357 106.95 19
1748141512032 128.85 20
1748141578565 77.15 21
1748141624494 422.85 22
1748141671781 163.75 23
1748141722443 429.05 24
1748141763465 253.15 25
1748141831488 124.05 26
1748141901947 94.45 27
1748141956853 -76.15 28
1748142009989 196.25 29
