1748139987296 5.6115164153345e-05 0
1748140033773 2.0513382630874486e-05 1
1748140076434 0.00015930522616241006 2
1748140182344 0.000462258900102083 3
1748140278054 4.059611610484306e-05 4
1748140362790 0.00016738085788752134 5
1748140429118 8.168455894760161e-05 6
1748140549239 0.00015304852121831474 7
1748140598619 1.3492834268013232e-05 8
1748140671256 4.066563313514796e-05 9
1748140767912 0.00034976083937615 10
1748140841037 1.455331604624343e-05 11
1748140913723 1.6718195125281985e-05 12
1748140968814 0.00038478326451779783 13
1748141102488 1.2882934856299115e-05 14
1748141184440 0.00012131824491261165 15
1748141236872 0.0005373970605766277 16
1748141377408 8.220833010924365e-05 17
1748141424075 1.5349733642748702e-05 18
1748141468359 7.574166564112334e-05 19
1748141512034 1.5844285339714784e-05 20
1748141578566 1.3810765861180123e-05 21
1748141624494 1.1860833906491779e-05 22
1748141671782 2.0584614363549795e-05 23
1748141722445 1.0212889747052709e-05 24
1748141763466 1.4291041515128382e-05 25
1748141831491 1.069384818362436e-05 26
1748141901948 4.691659874278745e-05 27
1748141956855 6.319409673985243e-05 28
1748142009990 1.0527634690546379e-05 29
