1748139987296 0.02751804496272085 0
1748140033774 1.8747059221802523e-05 1
1748140076435 1.2494702536130696e-05 2
1748140182344 7.151383480402486e-05 3
1748140278056 0.001070771210977077 4
1748140362791 0.00023592770353071267 5
1748140429119 8.674832802525465e-05 6
1748140549240 0.007158714383119802 7
1748140598620 0.3447275228705859 8
1748140671257 0.01641309440776005 9
1748140767913 0.005076907125463296 10
1748140841039 0.0057331484710788335 11
1748140913723 0.0001519493402204936 12
1748140968815 0.002666908470221427 13
1748141102489 0.003645361459451017 14
1748141184441 2.362684496249784e-05 15
1748141236873 1.739347168349592e-05 16
1748141377408 2.426644086766875e-05 17
1748141424076 0.13680906044160712 18
1748141468360 0.1097030609239807 19
1748141512035 0.003082968101216927 20
1748141578567 0.02621388185669409 21
1748141624495 0.27458015463799557 22
1748141671783 0.112302529074432 23
1748141722446 0.22440382461218608 24
1748141763467 0.37160328781351226 25
1748141831492 0.03424571678750847 26
1748141901949 0.25062589972402505 27
1748141956856 3.0174866714019113e-05 28
1748142009991 0.0058234041561740805 29
