1748139987297 41.0 0
1748140033775 88.0 1
1748140076436 118.0 2
1748140182345 13.0 3
1748140278056 17.0 4
1748140362792 21.0 5
1748140429120 32.0 6
1748140549241 12.0 7
1748140598621 75.0 8
1748140671258 26.0 9
1748140767913 16.0 10
1748140841039 26.0 11
1748140913724 27.0 12
1748140968815 46.0 13
1748141102489 10.0 14
1748141184442 21.0 15
1748141236873 54.0 16
1748141377409 9.0 17
1748141424077 79.0 18
1748141468360 97.0 19
1748141512036 125.0 20
1748141578568 31.0 21
1748141624495 83.0 22
1748141671784 91.0 23
1748141722447 64.0 24
1748141763468 122.0 25
1748141831492 29.0 26
1748141901950 26.0 27
1748141956856 45.0 28
1748142009991 52.0 29
