1748139987296 1868.0 0
1748140033774 620.0 1
1748140076435 1334.0 2
1748140182344 671.0 3
1748140278055 1035.0 4
1748140362791 606.0 5
1748140429119 1485.0 6
1748140549239 533.0 7
1748140598620 1864.0 8
1748140671257 572.0 9
1748140767913 1177.0 10
1748140841038 576.0 11
1748140913723 514.0 12
1748140968814 579.0 13
1748141102489 523.0 14
1748141184441 554.0 15
1748141236872 830.0 16
1748141377408 542.0 17
1748141424076 594.0 18
1748141468359 747.0 19
1748141512034 510.0 20
1748141578567 537.0 21
1748141624495 671.0 22
1748141671783 590.0 23
1748141722446 730.0 24
1748141763467 906.0 25
1748141831491 1129.0 26
1748141901949 812.0 27
1748141956855 612.0 28
1748142009991 855.0 29
