1748139987298 284.0 0
1748140033776 1.0 1
1748140076437 148.0 2
1748140182346 164.0 3
1748140278058 1.0 4
1748140362793 31.0 5
1748140429121 222.0 6
1748140549242 260.0 7
1748140598622 124.0 8
1748140671259 14.0 9
1748140767914 255.0 10
1748140841041 42.0 11
1748140913725 82.0 12
1748140968817 502.0 13
1748141102490 37.0 14
1748141184443 163.0 15
1748141236875 160.0 16
1748141377410 124.0 17
1748141424078 80.0 18
1748141468361 230.0 19
1748141512037 81.0 20
1748141578569 1.0 21
1748141624496 148.0 22
1748141671785 76.0 23
1748141722448 130.0 24
1748141763469 100.0 25
1748141831494 75.0 26
1748141901951 277.0 27
1748141956857 33.0 28
1748142009992 27.0 29
