1748139987298 16375.0 0
1748140033775 17715.0 1
1748140076437 21075.0 2
1748140182345 23125.0 3
1748140278057 5480.0 4
1748140362793 34295.0 5
1748140429121 20275.0 6
1748140549242 14945.0 7
1748140598622 28305.0 8
1748140671259 31480.0 9
1748140767914 10145.0 10
1748140841040 35575.0 11
1748140913724 28395.0 12
1748140968817 23705.0 13
1748141102490 28015.0 14
1748141184443 41175.0 15
1748141236874 10845.0 16
1748141377409 19955.0 17
1748141424078 36765.0 18
1748141468361 20695.0 19
1748141512037 22885.0 20
1748141578569 17715.0 21
1748141624496 52285.0 22
1748141671784 26375.0 23
1748141722447 52905.0 24
1748141763468 35315.0 25
1748141831493 22405.0 26
1748141901951 19445.0 27
1748141956857 2385.0 28
1748142009992 29625.0 29
