1748139987297 63.75 0
1748140033775 77.15 1
1748140076436 110.75 2
1748140182345 131.25 3
1748140278057 -45.2 4
1748140362792 242.95 5
1748140429120 102.75 6
1748140549241 49.45 7
1748140598621 183.05 8
1748140671258 214.8 9
1748140767914 1.45 10
1748140841040 255.75 11
1748140913724 183.95 12
1748140968816 137.05 13
1748141102490 180.15 14
1748141184442 311.75 15
1748141236874 8.45 16
1748141377409 99.55 17
1748141424077 267.65 18
1748141468361 106.95 19
1748141512036 128.85 20
1748141578568 77.15 21
1748141624496 422.85 22
1748141671784 163.75 23
1748141722447 429.05 24
1748141763468 253.15 25
1748141831493 124.05 26
1748141901950 94.45 27
1748141956856 -76.15 28
1748142009992 196.25 29
