1748149044572 0.23866348448687352 500
1748149088867 0.11933174224343676 1000
1748149133111 0.15910898965791567 1500
1748149177913 0.17899761336515513 2000
1748149222721 0.19093078758949883 2500
1748149267064 0.1988862370723946 3000
1748149311612 0.20456870098874874 3500
1748149356125 0.20883054892601433 4000
1748149400618 0.21214531954388757 4500
1748149444171 0.21479713603818618 5000
1748149488430 0.21696680407897595 5500
1748149532273 0.21877486077963407 6000
1748149575863 0.20194602533504685 6500
1748149618802 0.18752130923968635 7000
1748149656750 0.17501988862370726 7500
1748149692363 0.16408114558472553 8000
1748149724394 0.15442931349150638 8500
1748149750185 0.14584990718642268 9000
1748149774410 0.13817359628187412 9500
1748149793542 0.13126491646778043 10000
