1748149044497 9812.38 500
1748149088794 9906.189999999999 1000
1748149133042 10526.286666666665 1500
1748149177845 9238.855 2000
1748149222652 7713.603999999999 2500
1748149266999 8158.353333333333 3000
1748149311547 8147.0542857142855 3500
1748149356054 9333.2925 4000
1748149400542 11212.677777777777 4500
1748149444087 11799.601999999999 5000
1748149488364 11722.354545454546 5500
1748149532195 11957.931666666665 6000
1748149575783 11807.321538461538 6500
1748149618726 11678.227142857142 7000
1748149656695 11566.345333333333 7500
1748149692304 11468.44875 8000
1748149724351 11382.069411764705 8500
1748149750160 11305.287777777778 9000
1748149774374 11236.588421052631 9500
1748149793529 11174.759 10000
