1748149044462 -1.88 500
1748149088755 -0.94 1000
1748149133005 5.260000000000001 1500
1748149177808 -7.612499999999999 2000
1748149222615 -22.863999999999997 2500
1748149266964 -18.416666666666668 3000
1748149311509 -18.53 3500
1748149356017 -6.6675 4000
1748149400502 12.126666666666665 4500
1748149444045 17.996 5000
1748149488324 17.223636363636363 5500
1748149532159 19.579166666666666 6000
1748149575706 18.073076923076922 6500
1748149618692 16.782142857142855 7000
1748149656665 15.663333333333332 7500
1748149692280 14.684374999999998 8000
1748149724330 13.820588235294116 8500
1748149750147 13.052777777777775 9000
1748149774361 12.365789473684208 9500
1748149793523 11.747499999999999 10000
