1748149044536 1.0 500
1748149088827 0.5 1000
1748149133072 0.6666666666666666 1500
1748149177879 0.75 2000
1748149222683 0.8 2500
1748149267031 0.8333333333333334 3000
1748149311581 0.8571428571428571 3500
1748149356094 0.875 4000
1748149400577 0.8888888888888888 4500
1748149444132 0.9 5000
1748149488396 0.9090909090909091 5500
1748149532233 0.9166666666666666 6000
1748149575826 0.8461538461538461 6500
1748149618765 0.7857142857142857 7000
1748149656722 0.7333333333333333 7500
1748149692332 0.6875 8000
1748149724378 0.6470588235294118 8500
1748149750174 0.6111111111111112 9000
1748149774390 0.5789473684210527 9500
1748149793535 0.55 10000
