1748149044271 500.0 500
1748149088564 1000.0 1000
1748149132822 1500.0 1500
1748149177618 2000.0 2000
1748149222411 2500.0 2500
1748149266792 3000.0 3000
1748149311330 3500.0 3500
1748149355839 4000.0 4000
1748149400319 4500.0 4500
1748149443853 5000.0 5000
1748149488125 5500.0 5500
1748149531974 6000.0 6000
1748149575507 6500.0 6500
1748149618516 7000.0 7000
1748149656517 7500.0 7500
1748149692145 8000.0 8000
1748149724229 8500.0 8500
1748149750078 9000.0 9000
1748149774289 9500.0 9500
1748149793492 10000.0 10000
