1748149044233 500.0 500
1748149088531 500.0 1000
1748149132783 500.0 1500
1748149177576 500.0 2000
1748149222371 500.0 2500
1748149266762 500.0 3000
1748149311296 500.0 3500
1748149355806 500.0 4000
1748149400287 500.0 4500
1748149443818 500.0 5000
1748149488090 500.0 5500
1748149531932 500.0 6000
1748149575469 500.0 6500
1748149618488 500.0 7000
1748149656485 500.0 7500
1748149692122 500.0 8000
1748149724203 500.0 8500
1748149750064 500.0 9000
1748149774271 500.0 9500
1748149793486 500.0 10000
