1748149044346 9812.38 500
1748149088639 10000.0 1000
1748149132889 11766.48 1500
1748149177699 5376.56 2000
1748149222490 1612.6 2500
1748149266861 10382.1 3000
1748149311402 8079.26 3500
1748149355914 17636.96 4000
1748149400392 26247.76 4500
1748149443930 17081.92 5000
1748149488204 10949.88 5500
1748149532051 14549.28 6000
1748149575593 10000.0 6500
1748149618580 10000.0 7000
1748149656578 10000.0 7500
1748149692194 10000.0 8000
1748149724267 10000.0 8500
1748149750107 10000.0 9000
1748149774319 10000.0 9500
1748149793505 10000.0 10000
