1748149044429 0.23866348448687352 500
1748149088717 0.0 1000
1748149132964 0.23866348448687352 1500
1748149177774 0.23866348448687352 2000
1748149222575 0.23866348448687352 2500
1748149266930 0.23866348448687352 3000
1748149311474 0.23866348448687352 3500
1748149355979 0.23866348448687352 4000
1748149400465 0.23866348448687352 4500
1748149444004 0.23866348448687352 5000
1748149488282 0.23866348448687352 5500
1748149532124 0.23866348448687352 6000
1748149575666 0.0 6500
1748149618653 0.0 7000
1748149656634 0.0 7500
1748149692251 0.0 8000
1748149724309 0.0 8500
1748149750133 0.0 9000
1748149774346 0.0 9500
1748149793517 0.0 10000
