1748127514167 2.386634844868735 500
1748127514631 1.3126491646778042 1000
1748127515101 0.954653937947494 1500
1748127515568 1.0143198090692125 2000
1748127516040 0.9546539379474941 2500
1748127516502 0.8750994431185363 3000
1748127516968 0.818274803954995 3500
1748127517482 0.7756563245823389 4000
1748127517961 0.7425086184036065 4500
1748127518435 0.7637231503579953 5000
1748127518923 0.7376871338685181 5500
1748127519384 0.6961018297533811 6000
1748127519842 0.7710666421883605 6500
1748127520337 0.7330378452096828 7000
1748127520809 0.7159904534606204 7500
1748127521280 0.6861575178997613 8000
1748127522212 0.673873367962937 9000
1748127522680 0.6629541235746487 9500
1748127523145 0.6783067453837458 10000
1748127523606 0.7875894988066825 10500
1748127524079 0.7614501647914536 11000
1748127524555 0.8244738555001084 11500
1748127525021 0.8197571858462176 12000
1748127525479 0.7955449482895783 12500
1748127525953 0.9451073985680191 13000
1748127526419 0.9362952083715806 13500
1748127526890 1.104923539291081 14000
1748127527356 1.0910330719399932 14500
1748127527819 1.3579129289770389 15000
1748127528322 3.1185361972951475 15500
1748127528788 4.63469089229348 16000
1748127529244 4.5569809069212415 16500
1748127529720 5.416937875171766 17000
1748127530183 5.264635687210445 17500
1748127530652 5.121036481418343 18000
1748127531127 4.985415009281358 18500
1748127531596 4.947429529768431 19000
1748127532060 4.836075869865594 19500
1748127532526 4.889541643718254 20000
1748127532996 4.773269689737471 20500
1748127533463 4.674311659584377 21000
1748127533921 4.585748380497784 21500
1748127534390 4.74551812177388 22000
1748127534861 4.73530049902365 22500
1748127535317 4.677804295942721 23000
1748127535779 4.648749610874754 23500
1748127536238 4.752957903823694 24000
1748127536694 5.011933174224343 24500
1748127537152 5.119088208075593 25000
1748127537618 5.145584725536993 25500
1748127538081 5.259956011044036 26000
1748127538542 5.250596658711217 26500
1748127539003 5.439726212455532 27000
1748127539459 5.714664545213471 27500
1748127539918 6.1228032111087005 28000
1748127540377 6.328844186839413 28500
1748127540834 6.469036553196834 29000
1748127541373 6.645543576660357 29500
1748127541836 6.844383317826949 30000
1748127542321 6.861575178997613 30500
1748127542829 6.753002856136782 31000
1748127543326 6.771114019555008 31500
1748127543791 6.7772852975716935 32000
1748127544261 6.880220763723151 32500
1748127544728 6.9910042225078035 33000
1748127545192 7.134591740796992 33500
1748127545652 7.1955259502012625 34000
1748127546133 7.226589919977538 34500
1748127546593 7.315554633184602 35000
1748127547055 7.616774633481079 35500
1748127547520 7.9162324784026366 36000
1748127547989 8.157650490586052 36500
1748127548453 8.372838133847715 37000
1748127548908 8.646713539314971 37500
1748127549382 9.046937151949086 38000
1748127549853 9.518276598417284 38500
1748127550312 9.816198121687382 39000
1748127550780 10.311486445137998 39500
1748127551245 10.640161928642641 40000
1748127551727 10.936754176610979 40500
1748127552210 11.302631191254898 41000
1748127552703 11.714884451947144 41500
1748127553168 11.639876930154987 42000
1748127553634 11.583702693487895 42500
1748127554126 11.469886283869156 43000
1748127554608 11.372592551479158 43500
1748127555084 11.244616355306833 44000
1748127555557 11.119548709047514 44500
1748127556056 11.002654796063393 45000
1748127556525 10.904269424555821 45500
1748127556990 10.787064963675943 46000
1748127557467 10.68797343571651 46500
1748127557965 10.860471681166116 47000
1748127558427 11.080079215965064 47500
1748127558912 11.440773772139178 48000
1748127559378 11.831245027844071 48500
1748127559841 12.380975813793272 49000
1748127560300 12.571233744094295 49500
1748127560798 12.559967213905159 50000
1748127561279 12.436754176610975 50500
1748127562224 12.349063068598026 51500
1748127562708 12.24437268940989 52000
1748127563207 12.127812405866946 52500
1748127563694 12.027262713420232 53000
1748127564172 11.914990339811341 53500
1748127564647 11.809339397487278 54000
1748127565114 11.705663239131887 54500
1748127565578 11.621585786263589 55000
1748127566033 11.539051038952508 55500
1748127566517 11.4406595790844 56000
1748127566978 11.339740695349287 56500
1748127567451 11.266195022161607 57000
1748127567919 11.168606247491919 57500
1748127568384 11.072729556588364 58000
1748127568846 11.00342430216872 58500
1748127569305 10.910624639947324 59000
1748127569767 10.81941129673826 59500
1748127570221 10.73783423000687 60000
1748127570686 10.649605904414264 60500
1748127571172 10.562848050914877 61000
1748127571680 10.489358764472671 61500
1748127572163 10.405336672013771 62000
1748127572629 10.334322913634864 62500
1748127573086 10.252906305335282 63000
1748127573544 10.172792362768494 63500
1748127574007 10.109103307193998 64000
1748127574472 10.046417228872642 64500
1748127574934 9.995897971360382 65000
1748127575388 9.931361121903388 65500
1748127575844 9.87883238479897 66000
1748127576315 9.805243309224071 66500
1748127576781 9.732769219642728 67000
1748127577260 9.661384965994941 67500
1748127577722 9.59106614896876 68000
1748127578179 9.52178909219482 68500
1748127579099 9.453530815667555 69500
1748127579561 9.389753148790133 70000
1748127580017 9.323440904845906 70500
1748127580480 9.28212084270531 71000
1748127580935 9.237981588816913 71500
1748127581401 9.18431253067926 72000
1748127581884 9.141483747352853 72500
1748127582342 9.079226262997148 73000
1748127582857 9.01783346592416 73500
1748127583315 8.973747016706444 74000
1748127583774 8.913917677444665 74500
1748127584245 8.854902342798695 75000
1748127584717 8.819260788234537 75500
1748127585200 8.761672886867101 76000
1748127585664 8.704852824184567 76500
1748127586133 8.64878534511372 77000
1748127586609 8.606016832056275 77500
1748127587086 8.563807384528992 78000
1748127587549 8.519046585872363 78500
1748127588009 8.484101932404343 79000
1748127588502 8.431246557738206 79500
1748127588960 8.391225696608547 80000
1748127589417 8.33962720159512 80500
1748127589878 8.288677744254818 81000
1748127590343 8.244331742243435 81500
1748127590874 8.19460709467973 82000
1748127591350 8.151389257196735 82500
1748127591840 8.111630086240977 83000
1748127592296 8.078176843820943 83500
1748127592757 8.04802198596948 84000
1748127593211 8.006728584984327 84500
1748127593663 7.977362697040286 85000
1748127594122 7.951187634958517 85500
1748127594591 7.911200237251275 86000
1748127595043 7.866067668117366 86500
1748127595505 7.821462965289117 87000
1748127595959 7.791252705777876 87500
1748127596417 7.753114351538897 88000
1748127596877 7.729130661399609 88500
1748127597342 7.705421070576202 89000
1748127597810 7.662996311564329 89500
1748127598292 7.634534741043376 90000
1748127598779 7.592984902523397 90500
1748127599253 7.551899308009226 91000
1748127599716 7.5112702201007675 91500
1748127600190 7.4710900723901945 92000
1748127600656 7.452332869993967 92500
1748127601116 7.412913911603218 93000
1748127601576 7.376517588461139 93500
1748127602042 7.355995613752176 94000
1748127602537 7.31773038725075 94500
1748127603027 7.284979515781144 95000
1748127603504 7.250038084598588 95500
1748127603962 7.228094101602454 96000
1748127604440 7.193819871875392 96500
1748127604928 7.157405440527808 97000
1748127605392 7.121370326173428 97500
1748127605853 7.090655026154054 98000
1748127606319 7.055335482124843 98500
1748127606780 7.020378189829263 99000
1748127607240 6.985777604597923 99500
1748127607691 6.958797232957367 100000
1748127608158 6.924857163520647 100500
1748127608623 6.908048596202971 101000
1748127609091 6.881861575178997 101500
1748127609556 6.848810838409384 102000
1748127610024 6.830265365438692 102500
1748127610486 6.797794420212327 103000
1748127610949 6.765641817586222 103500
1748127611439 6.747773444321554 104000
1748127611914 6.716175823157308 104500
1748127612401 6.687189420405151 105000
1748127612887 6.656186891867083 105500
1748127613358 6.625481038243254 106000
1748127613821 6.599613592453688 106500
1748127614320 6.576253548846837 107000
1748127614817 6.553113883009861 107500
1748127615339 6.5391553777718014 108000
1748127615815 6.516405326433653 108500
1748127616280 6.493866903480046 109000
1748127616748 6.478166710863609 109500
1748127617206 6.449413239774314 110000
1748127617664 6.427492281754286 110500
1748127618123 6.414489815934874 111000
1748127618582 6.386417878064656 111500
1748127619041 6.360759835419389 112000
1748127619499 6.341783310757058 112500
1748127619968 6.314415060415039 113000
1748127620438 6.295814865325604 113500
1748127620905 6.268894192521876 114000
1748127621370 6.242211755760659 114500
1748127621830 6.215764406548 115000
1748127622287 6.1895490516266785 115500
1748127622804 6.163562651770174 116000
1748127623264 6.141952889903496 116500
1748127623727 6.128795627602309 117000
1748127624199 6.103407126985433 117500
1748127624658 6.078236553412477 118000
1748127625124 6.053281112946983 118500
1748127625580 6.028538059208855 119000
1748127626038 6.004004692366812 119500
1748127626497 5.987734509531433 120000
1748127626955 5.963578748922002 120500
1748127627415 5.947613864451123 121000
1748127627874 5.923826571201273 121500
1748127628338 5.900236682874657 122000
1748127628795 5.888676305252568 122500
1748127629257 5.865425223685632 123000
1748127629747 5.842364724754489 123500
1748127630229 5.829233841507963 124000
1748127630695 5.810388652812542 124500
1748127631162 5.787831061037944 125000
1748127631631 5.775078912926322 125500
1748127632093 5.762429191707163 126000
1748127632559 5.744152744630072 126500
1748127633032 5.722218524470138 127000
1748127633529 5.702352540061371 127500
1748127634016 5.680756931146056 128000
1748127634485 5.699735027155018 128500
1748127634955 5.678319060321026 129000
1748127635414 5.667325477326969 129500
1748127635877 5.655488795817353 130000
1748127636352 5.634493348874211 130500
1748127636824 5.63393260290635 131000
1748127637344 5.613181567835506 131500
1748127637821 5.615450031547472 132000
1748127638286 5.598571662810399 132500
1748127638750 5.636269589916241 133000
1748127639248 5.627576480798438 133500
1748127639706 5.60724096005764 134000
1748127640160 5.639097744360902 134500
1748127640620 5.631385589016117 135000
1748127641084 5.616606703950414 135500
1748127641547 5.60814827301683 136000
1748127642020 5.644833377530275 136500
1748127642481 5.718236179975165 137000
1748127642939 5.720026674154148 137500
1748127643399 5.701696871147945 138000
1748127643860 5.688727070013763 138500
1748127644330 5.736602299848124 139000
1748127644794 5.778077548338003 139500
1748127645252 5.792543704712096 140000
1748127645718 5.906491990178741 140500
1748127646183 5.946056919957913 141000
1748127646643 6.0117627003068534 141500
1748127647101 5.991217863239878 142000
1748127647565 5.999593764281725 142500
1748127648035 5.97923712018351 143000
1748127648500 5.981713671047767 143500
1748127648973 5.996734078633337 144000
1748127649489 6.0208288131915815 144500
1748127649951 6.000681895669962 145000
1748127650413 5.985647043224609 145500
1748127650878 5.975671189436045 146000
1748127651351 5.994568348284092 146500
1748127651813 6.046961756432022 147000
1748127652275 6.044234478700101 147500
1748127652742 6.092027987977225 148000
1748127653205 6.097283782247983 148500
1748127653676 6.116257432951742 149000
1748127654142 6.186705798877637 149500
1748127654611 6.18516107776251 150000
1748127655091 6.16680815620445 150500
1748127655547 6.168533137506885 151000
1748127656003 6.167859984089102 151500
1748127656459 6.196528675298727 152000
1748127656917 6.196557555833031 152500
1748127657386 6.217853288908844 153000
1748127657856 6.2374387639743745 153500
1748127658360 6.271763371023905 154000
1748127658854 6.27700563121032 154500
1748127659316 6.2861007672992155 155000
1748127659784 6.2990112512785545 155500
1748127660253 6.348139737856354 156000
1748127660716 6.351528216182924 156500
1748127661185 6.4162874398545 157000
1748127661658 6.511229422923933 157500
1748127662126 6.507964345352924 158000
1748127662594 6.545764103187753 158500
1748127663080 6.537106489373793 159000
1748127663564 6.613093260022355 159500
1748127664023 6.6471921278694195 160000
1748127664489 6.6428003182179785 160500
1748127664950 6.672851467518572 161000
1748127665409 6.720614558472553 161500
1748127665868 6.801537557900058 162000
1748127666331 6.821180272461791 162500
1748127666816 6.837745775360766 163000
1748127667322 6.895459500869206 163500
1748127667796 6.956489810905086 164000
1748127668260 6.952721202981096 164500
1748127668743 6.941677067139613 165000
1748127669212 6.961260841725362 165500
1748127669679 6.961864621946885 166000
1748127670140 6.950169957329862 166500
1748127670599 6.9414301062088555 167000
1748127671091 6.921241050119331 167500
1748127671664 6.941308850616727 168000
1748127672139 6.976262272590856 168500
1748127672608 6.969686175328608 169000
1748127673068 6.96599045346062 169500
1748127673535 6.959483863657287 170000
1748127673993 6.9410119896626234 170500
1748127674481 6.954330087791553 171000
1748127675005 6.957040572792362 171500
1748127675479 7.006627985918154 172000
1748127675951 7.032198635012352 172500
1748127676425 7.100760522415579 173000
1748127676902 7.103707609479935 173500
1748127677408 7.155062087094877 174000
1748127677902 7.181287679170057 174500
1748127678371 7.182601638318213 175000
1748127678833 7.257976023921213 175500
1748127679294 7.269320458726261 176000
1748127679759 7.434708489601091 176500
1748127680215 7.489001761078132 177000
1748127680681 7.622993057062269 177500
1748127681143 7.648725212464589 178000
1748127681620 7.636557312945809 178500
1748127682117 7.709166694678811 179000
1748127682607 7.750529618406585 179500
1748127683085 7.797009018404498 180000
1748127683556 7.871228383621552 180500
1748127684020 7.984922318027402 181000
1748127684481 8.13312118801379 181500
1748127684944 8.18067024110962 182000
1748127685412 8.270151241445694 182500
1748127685881 8.39661531785637 183000
1748127686341 8.477143381677989 183500
1748127686806 8.570307647039593 184000
1748127687277 8.645356495428878 184500
1748127687767 8.799984392578672 185000
1748127688248 8.9070768911487 185500
1748127688734 9.033639262406945 186000
1748127689230 9.17435335096433 186500
1748127689721 9.304016108176958 187000
1748127690199 9.463777042112557 187500
1748127690664 9.561255894604157 188000
1748127691126 9.73096116294207 188500
1748127691592 9.915035799522673 189000
1748127692521 10.006093535774133 190000
1748127692987 10.154276634401727 190500
1748127693457 10.273263375888675 191000
1748127693945 10.322982852752817 191500
1748127694415 10.44843612611481 192000
1748127694879 10.599540212604689 192500
1748127695338 10.624273700783466 193000
1748127695797 10.698106270680535 193500
1748127696259 10.701322593476531 194000
1748127696722 10.674146855531104 194500
1748127697183 10.689156268935411 195000
1748127697649 10.693604188636659 195500
1748127698109 10.759540388258742 196000
1748127698565 10.788325735776821 196500
1748127699023 10.805948228382595 197000
1748127699485 10.791740168102105 197500
1748127699940 10.798305002191809 198000
1748127700398 10.801192710136213 198500
1748127700855 10.802248525011205 199000
1748127701317 10.863115917948097 199500
1748127701769 10.843518719413707 200000
1748127702223 10.846263443607485 200500
1748127702683 10.862786486129933 201000
1748127703143 10.92827534229368 201500
1748127703602 10.915871121718379 202000
1748127704066 10.91007564620668 202500
1748127704524 10.963678029898242 203000
1748127704983 10.983850240144028 203500
1748127705441 11.04409366951015 204000
1748127705900 11.045110345030793 204500
1748127706359 11.06552076842588 205000
1748127706822 11.099318020559073 205500
1748127707281 11.123005288034069 206000
1748127707739 11.11915084815984 206500
1748127708203 11.129285755864718 207000
1748127708666 11.146339622203252 207500
1748127709123 11.135505248279536 208000
1748127709584 11.154772980750895 208500
1748127710043 11.155500213298284 209000
1748127710507 11.202806452540472 209500
1748127710973 11.234395079860473 210000
1748127711495 11.226341122805811 210500
1748127712018 11.281702846832856 211000
1748127712539 11.315155416066208 211500
1748127713003 11.302420729628366 212000
1748127713460 11.29088033378874 212500
1748127713921 11.298623443314593 213000
1748127714381 11.309715240045813 213500
1748127714836 11.320191831404514 214000
1748127715296 11.327249754317002 214500
1748127715760 11.349961343238428 215000
1748127716220 11.3518861122445 215500
1748127716677 11.375549260589297 216000
1748127717134 11.376849085679636 216500
1748127717601 11.383693178664595 217000
1748127718071 11.403795358521284 217500
1748127718527 11.40723061964112 218000
1748127718991 11.421122545155903 218500
1748127719446 11.404705080122742 219000
1748127719906 11.45310399692755 219500
1748127720369 11.461868581813404 220000
1748127720830 11.496261666930636 220500
1748127721295 11.490175564782426 221000
1748127721758 11.465633001886475 221500
1748127722226 11.466695595573876 222000
1748127722690 11.473706427678469 222500
1748127723147 11.474205984945842 223000
1748127723604 11.535042587694015 223500
1748127724066 11.586467135393148 224000
1748127724556 11.700410286664344 224500
1748127725017 11.753373931097958 225000
1748127725477 11.821050439685411 225500
1748127725937 11.984316399590861 226000
1748127726407 12.126124881066916 226500
1748127726874 12.12993900822063 227000
1748127727335 12.24486555995957 227500
1748127727797 12.361395653367689 228000
1748127728255 12.37625588097383 228500
1748127728711 12.375279930188302 229000
1748127729171 12.402108631225577 229500
1748127729634 12.415735041661431 230000
1748127730091 12.429301817915949 230500
1748127730548 12.463132223739198 231000
1748127731003 12.525413241403696 231500
1748127731463 12.607657984850057 232000
1748127731930 12.641399054664808 232500
1748127732394 12.632633873683993 233000
1748127732853 12.685247710016133 233500
1748127733313 12.752036869393464 234000
1748127733782 12.880642595016294 234500
1748127734252 12.89909553709527 235000
1748127734714 12.923091075416638 235500
1748127735178 12.934744915651835 236000
1748127735634 12.994692409076336 236500
1748127736101 13.057939369319048 237000
1748127736564 13.059098348610835 237500
1748127737056 13.068342704583147 238000
1748127738037 13.057365013850553 239000
1748127738518 13.068588058769624 239500
1748127738990 13.055646275593519 240000
1748127739470 13.035237961533062 240500
1748127739934 13.013414188719274 241000
1748127740401 12.988685952806543 241500
1748127740878 12.978012067702702 242000
1748127741348 12.955449482895784 242500
1748127741815 12.961759262475253 243000
1748127742275 12.93635310312045 243500
1748127742748 12.957500111178643 244000
1748127743210 12.991380500601588 244500
1748127743687 13.003469232094087 245000
1748127744150 13.02434760403469 245500
1748127744622 13.022107001612326 246000
1748127745097 12.997867678704175 246500
1748127745575 13.007403936727336 247000
1748127746054 12.98329355608592 247500
1748127746518 12.96316999547949 248000
1748127746994 12.94361332634806 248500
1748127747457 12.935270396529939 249000
1748127747913 12.934691235156002 249500
1748127748389 12.910971288059594 250000
1748127748857 12.906112864731696 250500
1748127749331 12.889268786946019 251000
1748127749793 12.887348918346417 251500
1748127750272 12.87395793974584 252000
1748127750744 12.859665871121717 252500
1748127751202 12.83637974647364 253000
1748127751658 12.817940647909554 253500
1748127752123 12.799100385752311 254000
1748127752581 12.786490889116187 254500
1748127753048 12.770623124364942 255000
1748127753506 12.77509975756318 255500
1748127753962 12.755080425357642 256000
1748127754421 12.7506436397121 256500
1748127754903 12.756070914470323 257000
1748127755371 12.765220646731247 257500
1748127755882 12.771532256934552 258000
1748127756346 12.770360978520285 258500
1748127756809 12.74872410408147 259000
1748127757269 12.736457936721672 259500
1748127757730 12.721458859512941 260000
1748127758190 12.718081071580542 260500
1748127758649 12.697635985098534 261000
1748127759114 12.678191317809455 261500
1748127759578 12.684573325791751 262000
1748127760035 12.664310629704424 262500
1748127760497 12.686269749288819 263000
1748127760956 12.662423760275788 263500
1748127761419 12.657378717423345 264000
1748127761883 12.659184900435424 264500
1748127762351 12.66416638254347 265000
1748127762815 12.65052587638502 265500
1748127763332 12.633314161756779 266000
1748127763794 12.613907572141462 266500
1748127764283 12.611718422204277 267000
1748127764865 12.591074886297115 267500
1748127765396 12.572306945511913 268000
1748127765884 12.549123405171642 268500
1748127766396 12.557818803816824 269000
1748127766956 12.572738730524792 269500
1748127767448 12.553253184038542 270000
1748127767958 12.5396288248495 270500
1748127768463 12.534499540006133 271000
1748127768971 12.51608095039526 271500
1748127769478 12.514556701396115 272000
1748127769972 12.491823565809245 272500
1748127770460 12.472703691122689 273000
1748127770946 12.451012338285674 273500
1748127771416 12.434235683487387 274000
1748127771893 12.420591745051244 274500
1748127772363 12.406997876113946 275000
1748127772913 12.389956900696758 275500
1748127773380 12.378213994319198 276000
1748127773843 12.376095326028256 276500
1748127774303 12.360507931539663 277000
1748127774765 12.348448687350835 277500
1748127775260 12.359389957075225 278000
1748127775729 12.395368544844523 278500
1748127776192 12.381153784736759 279000
1748127776655 12.374744750695744 279500
1748127777115 12.39631039153712 280000
1748127777582 12.379595130578116 280500
1748127778058 12.363368368732942 281000
1748127778518 12.344205780959959 281500
1748127778977 12.341335747008168 282000
1748127779434 12.367882713944766 282500
1748127779892 12.352217953790325 283000
1748127780358 12.355719005597125 283500
1748127780853 12.335044532147505 284000
1748127781322 12.321213967738114 284500
1748127781832 12.304897881597567 285000
1748127782313 12.285266114001873 285500
1748127782780 12.268229133782038 286000
1748127783236 12.267219066187097 286500
1748127783691 12.255307011840896 287000
1748127784146 12.23757484403132 287500
1748127784612 12.232026048175749 288000
1748127785080 12.21189311881436 288500
1748127785539 12.213072761124092 289000
1748127786004 12.195121951219512 289500
1748127786468 12.175158244266887 290000
1748127786928 12.154435163086715 290500
1748127787392 12.158187977482081 291000
1748127787848 12.147062952655443 291500
1748127788311 12.128144566592884 292000
1748127788772 12.119167146736894 292500
1748127789239 12.100772678165784 293000
1748127789705 12.08531194383617 293500
1748127790163 12.069085505389374 294000
1748127790622 12.049645274136074 294500
1748127791121 12.045774432409278 295000
1748127791598 12.027254881197717 295500
1748127792075 12.013677409911649 296000
1748127792535 12.014758170571332 296500
1748127792992 12.00286882422779 297000
1748127793458 11.991424295133692 297500
1748127793919 11.980018495410475 298000
1748127794394 11.960991421015288 298500
1748127794855 11.95410255687878 299000
1748127795317 11.936790337744991 299500
1748127795775 11.917129620344559 300000
1748127796237 11.897534878505871 300500
1748127796701 11.882003494001433 301000
1748127797160 11.862533025758097 301500
1748127797647 11.843127567425425 302000
1748127798104 11.824582338902148 302500
1748127798570 11.809275709934518 303000
1748127799029 11.797191541322086 303500
1748127799492 11.778023169751878 304000
1748127799970 11.760498822488106 304500
1748127800449 11.74618828773743 305000
1748127801044 11.727198972880581 305500
1748127801586 11.709058596407074 306000
1748127802076 11.690192814972994 306500
1748127802565 11.67609171888655 307000
1748127803038 11.659689346218553 307500
1748127803503 11.644903108875079 308000
1748127804421 11.63367494969348 309000
1748127804879 11.623651434511595 309500
1748127805351 11.60510910886009 310000
1748127805816 11.586627083454605 310500
1748127806309 11.56897994606825 311000
1748127806815 11.551390011720427 311500
1748127807327 11.536946497671291 312000
1748127807810 11.52023627299401 312500
1748127808276 11.506659481099392 313000
1748127808783 11.488514560009838 313500
1748127809284 11.470427982718 314000
1748127809811 11.45661343028 314500
1748127810289 11.441695734655163 315000
1748127810779 11.427589498806682 315500
1748127811258 11.409715815077739 316000
1748127811717 11.394944292821444 316500
1748127812181 11.38250003800374 317000
1748127812645 11.36478328672629 317500
1748127813103 11.352047581164527 318000
1748127813569 11.337461089530956 318500
1748127814054 11.32518655025528 319000
1748127814573 11.307672295806988 319500
1748127815043 11.29021329137273 320000
1748127815522 11.27431266795708 320500
1748127815985 11.256961018297535 321000
1748127816451 11.244159863321133 321500
1748127816965 11.228406191783693 322000
1748127817451 11.21681027560217 322500
1748127817937 11.204877684964199 323000
1748127818419 11.187769706492317 323500
1748127818894 11.171458523855195 324000
1748127819397 11.157796278631267 324500
1748127819895 11.14084110348508 325000
1748127820362 11.123938502525391 325500
