1748127514166 -0.14 500
1748127514630 -0.05500000000000001 1000
1748127515100 -0.11666666666666665 1500
1748127515567 -0.1575 2000
1748127516039 -0.122 2500
1748127516501 -0.06833333333333333 3000
1748127516967 -0.11857142857142856 3500
1748127517481 -0.135 4000
1748127517960 -0.11888888888888889 4500
1748127518434 -0.11000000000000001 5000
1748127518922 -0.0881818181818182 5500
1748127519383 -0.07500000000000001 6000
1748127519841 -0.06384615384615386 6500
1748127520336 -0.04142857142857143 7000
1748127520807 -0.050666666666666665 7500
1748127521279 -0.034375 8000
1748127522211 -0.020000000000000004 9000
1748127522679 -0.010000000000000004 9500
1748127523144 0.0036842105263157855 10000
1748127523605 -0.006000000000000004 10500
1748127524078 -0.00904761904761905 11000
1748127524554 0.0009090909090909049 11500
1748127525020 0.009565217391304344 12000
1748127525478 -0.0016666666666666635 12500
1748127525953 -0.018399999999999996 13000
1748127526418 -0.02692307692307692 13500
1748127526889 -0.029259259259259256 14000
1748127527355 -0.023928571428571428 14500
1748127527818 -0.025862068965517238 15000
1748127528321 0.006000000000000005 15500
1748127528787 -0.019354838709677417 16000
1748127529243 -0.010937499999999996 16500
1748127529719 0.007272727272727276 17000
1748127530182 0.013823529411764708 17500
1748127530651 0.018000000000000002 18000
1748127531126 0.008611111111111115 18500
1748127531596 0.001351351351351354 19000
1748127532059 -0.003947368421052629 19500
1748127532525 0.002051282051282054 20000
1748127532995 -0.0065000000000000014 20500
1748127533462 -0.006341463414634148 21000
1748127533921 -0.015238095238095242 21500
1748127534389 0.002325581395348834 22000
1748127534860 0.01545454545454545 22500
1748127535316 0.014888888888888886 23000
1748127535778 0.028478260869565213 23500
1748127536237 0.036170212765957444 24000
1748127536693 0.09020833333333333 24500
1748127537151 0.12081632653061225 25000
1748127537617 0.128 25500
1748127538080 0.13764705882352943 26000
1748127538541 0.1380769230769231 26500
1748127539002 0.1439622641509434 27000
1748127539458 0.18111111111111114 27500
1748127539917 0.2029090909090909 28000
1748127540376 0.2292857142857143 28500
1748127540833 0.2336842105263158 29000
1748127541372 0.26224137931034486 29500
1748127541835 0.2823728813559322 30000
1748127542320 0.2936666666666667 30500
1748127542828 0.29098360655737704 31000
1748127543325 0.2988709677419355 31500
1748127543790 0.30603174603174604 32000
1748127544260 0.31296874999999996 32500
1748127544727 0.3266153846153846 33000
1748127545192 0.33818181818181814 33500
1748127545651 0.346865671641791 34000
1748127546132 0.3602941176470588 34500
1748127546592 0.377536231884058 35000
1748127547054 0.39585714285714285 35500
1748127547519 0.40126760563380287 36000
1748127547988 0.40499999999999997 36500
1748127548452 0.4228767123287671 37000
1748127548907 0.43310810810810807 37500
1748127549381 0.4376 38000
1748127549852 0.4561842105263158 38500
1748127550311 0.46402597402597406 39000
1748127550779 0.47756410256410264 39500
1748127551244 0.4717721518987343 40000
1748127551726 0.47225 40500
1748127552209 0.46814814814814815 41000
1748127552702 0.4729268292682927 41500
1748127553167 0.4702409638554217 42000
1748127553633 0.47000000000000003 42500
1748127554125 0.4663529411764706 43000
1748127554607 0.4583720930232558 43500
1748127555083 0.4542528735632184 44000
1748127555556 0.4481818181818182 44500
1748127556055 0.44528089887640443 45000
1748127556524 0.438111111111111 45500
1748127556989 0.43483516483516477 46000
1748127557467 0.4290217391304347 46500
1748127557965 0.426021505376344 47000
1748127558427 0.4257446808510637 47500
1748127558911 0.4384210526315789 48000
1748127559377 0.456875 48500
1748127559840 0.46917525773195873 49000
1748127560299 0.4724489795918367 49500
1748127560797 0.4663636363636363 50000
1748127561278 0.46279999999999993 50500
1748127562223 0.4559405940594059 51500
1748127562707 0.45147058823529407 52000
1748127563206 0.4502912621359223 52500
1748127563691 0.4438461538461539 53000
1748127564171 0.44133333333333336 53500
1748127564646 0.4358490566037736 54000
1748127565113 0.43149532710280375 54500
1748127565577 0.42444444444444446 55000
1748127566032 0.4175229357798166 55500
1748127566516 0.4116363636363637 56000
1748127566978 0.4060360360360361 56500
1748127567450 0.3998214285714286 57000
1748127567918 0.3975221238938053 57500
1748127568383 0.3955263157894737 58000
1748127568845 0.38921739130434785 58500
1748127569304 0.38663793103448285 59000
1748127569766 0.383931623931624 59500
1748127570220 0.37855932203389836 60000
1748127570685 0.3744537815126051 60500
1748127571171 0.37324999999999997 61000
1748127571679 0.37107438016528926 61500
1748127572162 0.36983606557377047 62000
1748127572628 0.3660975609756097 62500
1748127573085 0.364758064516129 63000
1748127573543 0.36152 63500
1748127574006 0.3574603174603175 64000
1748127574471 0.3537795275590551 64500
1748127574933 0.348125 65000
1748127575387 0.3449612403100775 65500
1748127575843 0.3399230769230769 66000
1748127576314 0.33916030534351144 66500
1748127576780 0.3377272727272727 67000
1748127577259 0.3357894736842105 67500
1748127577721 0.335 68000
1748127578178 0.3343703703703704 68500
1748127579098 0.3315441176470588 69500
1748127579560 0.32832116788321164 70000
1748127580016 0.32630434782608697 70500
1748127580479 0.32151079136690647 71000
1748127580934 0.3201428571428571 71500
1748127581400 0.31730496453900703 72000
1748127581883 0.3127464788732394 72500
1748127582341 0.31307692307692303 73000
1748127582856 0.3128472222222222 73500
1748127583314 0.3097931034482758 74000
1748127583773 0.3080821917808219 74500
1748127584244 0.30768707482993196 75000
1748127584716 0.3033783783783784 75500
1748127585199 0.3018791946308725 76000
1748127585663 0.3004666666666666 76500
1748127586132 0.299933774834437 77000
1748127586608 0.29914473684210524 77500
1748127587085 0.2961437908496732 78000
1748127587548 0.29311688311688305 78500
1748127588008 0.2923870967741935 79000
1748127588501 0.29141025641025636 79500
1748127588959 0.2910191082802548 80000
1748127589416 0.2915822784810126 80500
1748127589877 0.29050314465408805 81000
1748127590342 0.28781249999999997 81500
1748127590873 0.28658385093167704 82000
1748127591349 0.28413580246913583 82500
1748127591839 0.2820858895705522 83000
1748127592295 0.2782926829268293 83500
1748127592756 0.27539393939393936 84000
1748127593210 0.27319277108433737 84500
1748127593662 0.26976047904191613 85000
1748127594121 0.2663690476190476 85500
1748127594590 0.2642011834319527 86000
1748127595042 0.26341176470588235 86500
1748127595504 0.2606432748538012 87000
1748127595958 0.25866279069767445 87500
1748127596416 0.2579190751445087 88000
1748127596877 0.2545977011494253 88500
1748127597341 0.25234285714285715 89000
1748127597809 0.25073863636363636 89500
1748127598291 0.2484745762711864 90000
1748127598778 0.24859550561797752 90500
1748127599252 0.24648044692737428 91000
1748127599715 0.24522222222222223 91500
1748127600189 0.24469613259668507 92000
1748127600655 0.2442307692307692 92500
1748127601115 0.243879781420765 93000
1748127601575 0.24304347826086956 93500
1748127602041 0.2408108108108108 94000
1748127602536 0.24048387096774193 94500
1748127603026 0.23983957219251337 95000
1748127603503 0.23829787234042552 95500
1748127603961 0.23772486772486773 96000
1748127604439 0.2356315789473684 96500
1748127604927 0.23497382198952876 97000
1748127605391 0.2333333333333333 97500
1748127605852 0.23181347150259068 98000
1748127606318 0.231340206185567 98500
1748127606779 0.23153846153846153 99000
1748127607239 0.2310204081632653 99500
1748127607690 0.22817258883248728 100000
1748127608157 0.22742424242424242 100500
1748127608622 0.22603015075376884 101000
1748127609090 0.22325 101500
1748127609555 0.22248756218905472 102000
1748127610023 0.22054455445544552 102500
1748127610485 0.2204926108374384 103000
1748127610948 0.21838235294117644 103500
1748127611438 0.216 104000
1748127611913 0.21587378640776697 104500
1748127612400 0.21584541062801932 105000
1748127612886 0.21423076923076925 105500
1748127613357 0.2136842105263158 106000
1748127613820 0.2122857142857143 106500
1748127614319 0.21075829383886258 107000
1748127614816 0.20943396226415098 107500
1748127615338 0.2072300469483568 108000
1748127615814 0.20644859813084115 108500
1748127616279 0.20432558139534887 109000
1748127616747 0.20342592592592595 109500
1748127617205 0.20368663594470046 110000
1748127617663 0.20201834862385323 110500
1748127618123 0.19963470319634705 111000
1748127618581 0.19945454545454547 111500
1748127619040 0.19809954751131223 112000
1748127619498 0.1975675675675676 112500
1748127619967 0.19704035874439463 113000
1748127620437 0.195 113500
1748127620904 0.19546666666666668 114000
1748127621369 0.1941150442477876 114500
1748127621830 0.19449339207048458 115000
1748127622286 0.19394736842105262 115500
1748127622803 0.1937991266375546 116000
1748127623263 0.19182608695652173 116500
1748127623726 0.18987012987012986 117000
1748127624198 0.18896551724137933 117500
1748127624657 0.1886266094420601 118000
1748127625123 0.18769230769230769 118500
1748127625579 0.18782978723404256 119000
1748127626037 0.18779661016949153 119500
1748127626495 0.1859915611814346 120000
1748127626954 0.18525210084033614 120500
1748127627414 0.18443514644351464 121000
1748127627873 0.18329166666666669 121500
1748127628337 0.18182572614107884 122000
1748127628794 0.18000000000000002 122500
1748127629256 0.18000000000000002 123000
1748127629746 0.18 123500
1748127630229 0.17844897959183673 124000
1748127630694 0.17784552845528456 124500
1748127631161 0.1765587044534413 125000
1748127631630 0.175 125500
1748127632092 0.17325301204819277 126000
1748127632558 0.17135999999999998 126500
1748127633031 0.17063745019920318 127000
1748127633528 0.1690079365079365 127500
1748127634015 0.16861660079051383 128000
1748127634484 0.16775590551181102 128500
1748127634954 0.16737254901960785 129000
1748127635413 0.16566406250000001 129500
1748127635876 0.1638910505836576 130000
1748127636351 0.16391472868217055 130500
1748127636823 0.1620849420849421 131000
1748127637343 0.16153846153846155 131500
1748127637820 0.16045977011494253 132000
1748127638285 0.16099236641221373 132500
1748127638749 0.1617110266159696 133000
1748127639247 0.16125 133500
1748127639705 0.16211320754716982 134000
1748127640159 0.16285714285714287 134500
1748127640619 0.16352059925093634 135000
1748127641083 0.16451492537313434 135500
1748127641546 0.163271375464684 136000
1748127642019 0.16422222222222224 136500
1748127642480 0.16645756457564576 137000
1748127642938 0.16503676470588233 137500
1748127643398 0.16399267399267398 138000
1748127643859 0.1636131386861314 138500
1748127644329 0.16530909090909088 139000
1748127644793 0.1651086956521739 139500
1748127645251 0.16418772563176895 140000
1748127645717 0.1649640287769784 140500
1748127646182 0.16591397849462367 141000
1748127646642 0.16532142857142856 141500
1748127647100 0.16587188612099643 142000
1748127647564 0.16680851063829788 142500
1748127648034 0.16674911660777383 143000
1748127648499 0.1670070422535211 143500
1748127648972 0.16694736842105262 144000
1748127649488 0.1659090909090909 144500
1748127649950 0.1654703832752613 145000
1748127650412 0.1648611111111111 145500
1748127650877 0.16515570934256055 146000
1748127651351 0.16541379310344828 146500
1748127651812 0.1658762886597938 147000
1748127652274 0.16575342465753423 147500
1748127652741 0.16525597269624573 148000
1748127653204 0.16404761904761903 148500
1748127653674 0.1650508474576271 149000
1748127654141 0.16388513513513514 149500
1748127654610 0.16208754208754209 150000
1748127655090 0.16241610738255033 150500
1748127655546 0.16073578595317725 151000
1748127656002 0.16026666666666667 151500
1748127656458 0.16116279069767442 152000
1748127656916 0.15993377483443708 152500
1748127657385 0.1606270627062706 153000
1748127657855 0.15986842105263158 153500
1748127658359 0.15829508196721312 154000
1748127658853 0.15866013071895424 154500
1748127659315 0.15684039087947882 155000
1748127659783 0.15623376623376622 155500
1748127660252 0.15563106796116505 156000
1748127660715 0.1556774193548387 156500
1748127661184 0.15839228295819935 157000
1748127661657 0.16076923076923075 157500
1748127662124 0.16111821086261982 158000
1748127662593 0.16238853503184714 158500
1748127663079 0.16263492063492063 159000
1748127663563 0.16468354430379747 159500
1748127664022 0.164006309148265 160000
1748127664488 0.16314465408805032 160500
1748127664949 0.16394984326018808 161000
1748127665408 0.16424999999999998 161500
1748127665867 0.16641744548286602 162000
1748127666331 0.16618012422360248 162500
1748127666815 0.16625386996904024 163000
1748127667321 0.166358024691358 163500
1748127667795 0.16707692307692307 164000
1748127668259 0.16690184049079754 164500
1748127668742 0.16666666666666666 165000
1748127669211 0.1659451219512195 165500
1748127669678 0.16595744680851063 166000
1748127670139 0.16569696969696968 166500
1748127670598 0.16643504531722053 167000
1748127671090 0.16683734939759037 167500
1748127671663 0.16666666666666666 168000
1748127672139 0.16532934131736526 168500
1748127672607 0.1645373134328358 169000
1748127673067 0.16267857142857142 169500
1748127673534 0.16136498516320474 170000
1748127673992 0.16118343195266274 170500
1748127674480 0.1611504424778761 171000
1748127675004 0.1613529411764706 171500
1748127675478 0.16055718475073313 172000
1748127675950 0.16078947368421054 172500
1748127676424 0.16134110787172012 173000
1748127676901 0.1600872093023256 173500
1748127677406 0.16020289855072462 174000
1748127677902 0.15959537572254334 174500
1748127678369 0.15988472622478386 175000
1748127678832 0.15879310344827585 175500
1748127679293 0.1593409742120344 176000
1748127679758 0.16177142857142857 176500
1748127680214 0.16250712250712251 177000
1748127680680 0.16386363636363635 177500
1748127681142 0.16405099150141642 178000
1748127681619 0.16327683615819208 178500
1748127682116 0.16346478873239434 179000
1748127682606 0.16311797752808987 179500
1748127683083 0.16156862745098038 180000
1748127683555 0.1610335195530726 180500
1748127684019 0.1586350974930362 181000
1748127684480 0.16049999999999998 181500
1748127684943 0.1622714681440443 182000
1748127685411 0.16187845303867401 182500
1748127685880 0.1625068870523416 183000
1748127686340 0.16467032967032966 183500
1748127686805 0.16473972602739725 184000
1748127687276 0.16530054644808742 184500
1748127687766 0.16506811989100817 185000
1748127688246 0.16402173913043477 185500
1748127688733 0.16306233062330625 186000
1748127689229 0.16248648648648648 186500
1748127689720 0.1615633423180593 187000
1748127690198 0.16231182795698923 187500
1748127690663 0.16353887399463807 188000
1748127691125 0.16406417112299465 188500
1748127691591 0.16077333333333332 189000
1748127692520 0.16106382978723405 190000
1748127692986 0.16188328912466843 190500
1748127693456 0.16126984126984129 191000
1748127693944 0.16155672823218997 191500
1748127694414 0.1632894736842105 192000
1748127694878 0.16272965879265092 192500
1748127695337 0.16230366492146597 193000
1748127695796 0.16302872062663185 193500
1748127696258 0.1616145833333333 194000
1748127696721 0.1618181818181818 194500
1748127697182 0.16147668393782383 195000
1748127697648 0.16062015503875968 195500
1748127698108 0.16170103092783503 196000
1748127698564 0.16125964010282776 196500
1748127699022 0.1596410256410256 197000
1748127699484 0.15941176470588234 197500
1748127699939 0.1578061224489796 198000
1748127700397 0.1568447837150127 198500
1748127700854 0.15697969543147205 199000
1748127701316 0.15643037974683544 199500
1748127701768 0.157020202020202 200000
1748127702222 0.1562468513853904 200500
1748127702682 0.1579396984924623 201000
1748127703142 0.1576190476190476 201500
1748127703601 0.15802499999999997 202000
1748127704065 0.15698254364089775 202500
1748127704523 0.15601990049751244 203000
1748127704982 0.15553349875930522 203500
1748127705440 0.1572029702970297 204000
1748127705899 0.1562962962962963 204500
1748127706358 0.15598522167487686 205000
1748127706821 0.1552088452088452 205500
1748127707280 0.1553921568627451 206000
1748127707738 0.15591687041564792 206500
1748127708201 0.15529268292682927 207000
1748127708665 0.15418491484184915 207500
1748127709122 0.15349514563106795 208000
1748127709583 0.15234866828087165 208500
1748127710042 0.1506280193236715 209000
1748127710506 0.14980722891566264 209500
1748127710972 0.14915865384615384 210000
1748127711494 0.14918465227817745 210500
1748127712017 0.14997607655502393 211000
1748127712537 0.15085918854415276 211500
1748127713002 0.15154761904761907 212000
1748127713459 0.15147268408551068 212500
1748127713920 0.1503080568720379 213000
1748127714380 0.15078014184397162 213500
1748127714835 0.1511320754716981 214000
1748127715295 0.15075294117647062 214500
1748127715759 0.14901408450704226 215000
1748127716219 0.14852459016393443 215500
1748127716676 0.1482943925233645 216000
1748127717133 0.14934731934731937 216500
1748127717600 0.14965116279069765 217000
1748127718070 0.1497215777262181 217500
1748127718526 0.14930555555555555 218000
1748127718990 0.1504618937644342 218500
1748127719445 0.14972350230414747 219000
1748127719905 0.14972413793103448 219500
1748127720368 0.15034403669724775 220000
1748127720829 0.15096109839816935 220500
1748127721294 0.14988584474885847 221000
1748127721757 0.14979498861047838 221500
1748127722225 0.14970454545454545 222000
1748127722689 0.1497278911564626 222500
1748127723146 0.1498642533936652 223000
1748127723603 0.1492325056433409 223500
1748127724065 0.1488063063063063 224000
1748127724555 0.1495056179775281 224500
1748127725016 0.14919282511210763 225000
1748127725476 0.1478970917225951 225500
1748127725936 0.14948660714285714 226000
1748127726406 0.15356347438752785 226500
1748127726873 0.15426666666666666 227000
1748127727334 0.15430155210643015 227500
1748127727796 0.1538716814159292 228000
1748127728254 0.15322295805739514 228500
1748127728710 0.15270925110132158 229000
1748127729170 0.1518901098901099 229500
1748127729633 0.15203947368421053 230000
1748127730090 0.1524945295404814 230500
1748127730547 0.15200873362445416 231000
1748127731002 0.1514161220043573 231500
1748127731462 0.15247826086956523 232000
1748127731929 0.15301518438177872 232500
1748127732393 0.15361471861471862 233000
1748127732852 0.153585313174946 233500
1748127733312 0.15385775862068965 234000
1748127733781 0.15427956989247313 234500
1748127734251 0.15454935622317598 235000
1748127734713 0.15408993576017133 235500
1748127735177 0.1538034188034188 236000
1748127735633 0.15413646055437102 236500
1748127736100 0.15474468085106383 237000
1748127736563 0.15388535031847134 237500
1748127737055 0.1542372881355932 238000
1748127738036 0.15346723044397464 239000
1748127738517 0.1532278481012658 239500
1748127738989 0.15336842105263157 240000
1748127739469 0.1530672268907563 240500
1748127739933 0.15234800838574425 241000
1748127740400 0.15215481171548118 241500
1748127740877 0.1510855949895616 242000
1748127741347 0.15083333333333335 242500
1748127741814 0.15085239085239086 243000
1748127742274 0.1504149377593361 243500
1748127742747 0.14855072463768115 244000
1748127743209 0.14754132231404957 244500
1748127743686 0.14767010309278353 245000
1748127744149 0.14631687242798352 245500
1748127744621 0.14616016427104725 246000
1748127745096 0.14600409836065573 246500
1748127745574 0.14539877300613496 247000
1748127746053 0.145734693877551 247500
1748127746517 0.14507128309572304 248000
1748127746993 0.14483739837398374 248500
1748127747457 0.1439553752535497 249000
1748127747912 0.14352226720647773 249500
1748127748388 0.14359595959595958 250000
1748127748856 0.14348790322580646 250500
1748127749330 0.14321931589537223 251000
1748127749792 0.14303212851405622 251500
1748127750271 0.14246492985971945 252000
1748127750743 0.14164 252500
1748127751201 0.14199600798403195 253000
1748127751657 0.14171314741035856 253500
1748127752122 0.1411530815109344 254000
1748127752580 0.14021825396825396 254500
1748127753047 0.1397029702970297 255000
1748127753505 0.1399604743083004 255500
1748127753961 0.13996055226824458 256000
1748127754420 0.139251968503937 256500
1748127754903 0.1385265225933202 257000
1748127755370 0.13854901960784313 257500
1748127755881 0.13794520547945205 258000
1748127756345 0.1375 258500
1748127756808 0.13727095516569202 259000
1748127757268 0.1371011673151751 259500
1748127757729 0.13623300970873786 260000
1748127758189 0.1356201550387597 260500
1748127758648 0.1353384912959381 261000
1748127759113 0.13503861003861004 261500
1748127759578 0.13327552986512525 262000
1748127760034 0.1325 262500
1748127760496 0.13203454894433783 263000
1748127760955 0.13222222222222224 263500
1748127761418 0.1313001912045889 264000
1748127761882 0.13154580152671758 264500
1748127762350 0.13112380952380953 265000
1748127762814 0.13022813688212928 265500
1748127763331 0.1298671726755218 266000
1748127763793 0.12922348484848484 266500
1748127764282 0.12886578449905484 267000
1748127764864 0.12820754716981134 267500
1748127765395 0.12828625235404897 268000
1748127765883 0.12836466165413532 268500
1748127766395 0.1279549718574109 269000
1748127766955 0.12687265917602997 269500
1748127767447 0.1271588785046729 270000
1748127767957 0.12675373134328358 270500
1748127768462 0.12681564245810054 271000
1748127768970 0.12657992565055762 271500
1748127769477 0.125974025974026 272000
1748127769971 0.1260185185185185 272500
1748127770459 0.1256561922365989 273000
1748127770945 0.12488929889298893 273500
1748127771415 0.12478821362799261 274000
1748127771892 0.12408088235294115 274500
1748127772362 0.12460550458715595 275000
1748127772912 0.12434065934065931 275500
1748127773379 0.12394881170018278 276000
1748127773842 0.12343065693430655 276500
1748127774302 0.12287795992714025 277000
1748127774764 0.1225272727272727 277500
1748127775259 0.12181488203266785 278000
1748127775728 0.12106884057971011 278500
1748127776191 0.12104882459312839 279000
1748127776654 0.12097472924187724 279500
1748127777114 0.121027027027027 280000
1748127777581 0.12091726618705034 280500
1748127778057 0.12095152603231596 281000
1748127778517 0.12100358422939067 281500
1748127778976 0.12125223613595704 282000
1748127779433 0.12103571428571429 282500
1748127779891 0.12042780748663102 283000
1748127780357 0.12007117437722419 283500
1748127780852 0.1202486678507993 284000
1748127781321 0.12014184397163119 284500
1748127781831 0.1204424778761062 285000
1748127782312 0.12031802120141341 285500
1748127782779 0.12012345679012346 286000
1748127783235 0.11982394366197184 286500
1748127783691 0.12 287000
1748127784145 0.11949122807017544 287500
1748127784611 0.11938704028021016 288000
1748127785079 0.11956293706293707 288500
1748127785538 0.11895287958115183 289000
1748127786003 0.11893728222996515 289500
1748127786467 0.11907826086956522 290000
1748127786927 0.11868055555555555 290500
1748127787391 0.11786828422876948 291000
1748127787847 0.11719723183391002 291500
1748127788310 0.11697754749568219 292000
1748127788771 0.11672413793103446 292500
1748127789238 0.11709122203098107 293000
1748127789704 0.11689003436426117 293500
1748127790162 0.11716981132075473 294000
1748127790621 0.1173458904109589 294500
1748127791120 0.11729914529914531 295000
1748127791597 0.11733788395904435 295500
1748127792074 0.11691652470187393 296000
1748127792533 0.11627551020408164 296500
1748127792991 0.11611205432937181 297000
1748127793457 0.11538983050847457 297500
1748127793918 0.11441624365482234 298000
1748127794393 0.11429054054054054 298500
1748127794854 0.11344013490725126 299000
1748127795317 0.11329966329966329 299500
1748127795774 0.11366386554621848 300000
1748127796236 0.11370805369127517 300500
1748127796700 0.11304857621440535 301000
1748127797159 0.11347826086956522 301500
1748127797646 0.11373956594323872 302000
1748127798103 0.11375 302500
1748127798569 0.1134442595673877 303000
1748127799028 0.11270764119601329 303500
1748127799491 0.11257048092868988 304000
1748127799969 0.11215231788079469 304500
1748127800448 0.11193388429752066 305000
1748127801043 0.11161716171617161 305500
1748127801585 0.1115650741350906 306000
1748127802075 0.11172697368421054 306500
1748127802563 0.11159277504105092 307000
1748127803037 0.11168852459016393 307500
1748127803502 0.11198036006546645 308000
1748127804420 0.1111111111111111 309000
1748127804878 0.11061990212071779 309500
1748127805350 0.11073289902280131 310000
1748127805815 0.11105691056910569 310500
1748127806308 0.11084415584415584 311000
1748127806814 0.11077795786061588 311500
1748127807326 0.11077669902912622 312000
1748127807809 0.11021001615508885 312500
1748127808275 0.10996774193548388 313000
1748127808782 0.11022544283413849 313500
1748127809282 0.11022508038585209 314000
1748127809810 0.10969502407704655 314500
1748127810288 0.10897435897435898 315000
1748127810778 0.108352 315500
1748127811257 0.10869009584664535 316000
1748127811716 0.10899521531100478 316500
1748127812180 0.10834394904458597 317000
1748127812644 0.10845786963434022 317500
1748127813102 0.10817460317460316 318000
1748127813568 0.10841521394611726 318500
1748127814053 0.1081012658227848 319000
1748127814572 0.10756714060031596 319500
1748127815042 0.1076340694006309 320000
1748127815521 0.10749606299212597 320500
1748127815984 0.10779874213836478 321000
1748127816450 0.10720565149136577 321500
1748127816964 0.10738244514106582 322000
1748127817450 0.10708920187793426 322500
1748127817936 0.106453125 323000
1748127818418 0.10678627145085802 323500
1748127818892 0.1068380062305296 324000
1748127819396 0.10636080870917573 324500
1748127819894 0.10661490683229813 325000
1748127820361 0.10671317829457364 325500
