1748127514167 10.0 500
1748127514631 5.5 1000
1748127515101 4.0 1500
1748127515568 4.25 2000
1748127516040 4.0 2500
1748127516501 3.6666666666666665 3000
1748127516968 3.4285714285714284 3500
1748127517482 3.25 4000
1748127517961 3.111111111111111 4500
1748127518434 3.2 5000
1748127518923 3.090909090909091 5500
1748127519384 2.9166666666666665 6000
1748127519842 3.230769230769231 6500
1748127520336 3.0714285714285716 7000
1748127520808 3.0 7500
1748127521279 2.875 8000
1748127522212 2.823529411764706 9000
1748127522680 2.7777777777777777 9500
1748127523145 2.8421052631578947 10000
1748127523606 3.3 10500
1748127524079 3.1904761904761907 11000
1748127524554 3.4545454545454546 11500
1748127525020 3.4347826086956523 12000
1748127525479 3.3333333333333335 12500
1748127525953 3.96 13000
1748127526419 3.923076923076923 13500
1748127526889 4.62962962962963 14000
1748127527356 4.571428571428571 14500
1748127527819 5.689655172413793 15000
1748127528322 13.066666666666666 15500
1748127528788 19.419354838709676 16000
1748127529244 19.09375 16500
1748127529720 22.696969696969695 17000
1748127530182 22.058823529411764 17500
1748127530652 21.457142857142856 18000
1748127531127 20.88888888888889 18500
1748127531596 20.72972972972973 19000
1748127532059 20.263157894736842 19500
1748127532526 20.487179487179485 20000
1748127532996 20.0 20500
1748127533462 19.585365853658537 21000
1748127533921 19.214285714285715 21500
1748127534389 19.88372093023256 22000
1748127534860 19.84090909090909 22500
1748127535316 19.6 23000
1748127535779 19.47826086956522 23500
1748127536238 19.914893617021278 24000
1748127536694 21.0 24500
1748127537152 21.448979591836736 25000
1748127537618 21.56 25500
1748127538081 22.03921568627451 26000
1748127538542 22.0 26500
1748127539003 22.79245283018868 27000
1748127539459 23.944444444444443 27500
1748127539918 25.654545454545456 28000
1748127540377 26.517857142857142 28500
1748127540834 27.105263157894736 29000
1748127541372 27.844827586206897 29500
1748127541835 28.677966101694917 30000
1748127542321 28.75 30500
1748127542829 28.295081967213115 31000
1748127543325 28.370967741935484 31500
1748127543791 28.396825396825395 32000
1748127544261 28.828125 32500
1748127544728 29.29230769230769 33000
1748127545192 29.893939393939394 33500
1748127545651 30.149253731343283 34000
1748127546133 30.279411764705884 34500
1748127546593 30.652173913043477 35000
1748127547055 31.914285714285715 35500
1748127547519 33.16901408450704 36000
1748127547989 34.18055555555556 36500
1748127548452 35.082191780821915 37000
1748127548908 36.229729729729726 37500
1748127549382 37.906666666666666 38000
1748127549853 39.88157894736842 38500
1748127550312 41.12987012987013 39000
1748127550780 43.205128205128204 39500
1748127551244 44.58227848101266 40000
1748127551727 45.825 40500
1748127552210 47.358024691358025 41000
1748127552703 49.08536585365854 41500
1748127553167 48.7710843373494 42000
1748127553633 48.535714285714285 42500
1748127554126 48.05882352941177 43000
1748127554608 47.651162790697676 43500
1748127555084 47.11494252873563 44000
1748127555557 46.59090909090909 44500
1748127556056 46.10112359550562 45000
1748127556525 45.68888888888889 45500
1748127556990 45.1978021978022 46000
1748127557467 44.78260869565217 46500
1748127557965 45.505376344086024 47000
1748127558427 46.42553191489362 47500
1748127558912 47.93684210526316 48000
1748127559378 49.572916666666664 48500
1748127559840 51.876288659793815 49000
1748127560299 52.673469387755105 49500
1748127560798 52.62626262626262 50000
1748127561278 52.11 50500
1748127562224 51.742574257425744 51500
1748127562708 51.30392156862745 52000
1748127563207 50.81553398058252 52500
1748127563692 50.39423076923077 53000
1748127564172 49.923809523809524 53500
1748127564647 49.4811320754717 54000
1748127565114 49.046728971962615 54500
1748127565578 48.69444444444444 55000
1748127566033 48.34862385321101 55500
1748127566517 47.93636363636364 56000
1748127566978 47.513513513513516 56500
1748127567450 47.205357142857146 57000
1748127567918 46.796460176991154 57500
1748127568384 46.39473684210526 58000
1748127568846 46.10434782608696 58500
1748127569305 45.71551724137931 59000
1748127569767 45.333333333333336 59500
1748127570220 44.99152542372882 60000
1748127570685 44.621848739495796 60500
1748127571171 44.25833333333333 61000
1748127571680 43.950413223140494 61500
1748127572162 43.59836065573771 62000
1748127572628 43.300813008130085 62500
1748127573085 42.95967741935484 63000
1748127573544 42.624 63500
1748127574006 42.357142857142854 64000
1748127574471 42.09448818897638 64500
1748127574934 41.8828125 65000
1748127575387 41.6124031007752 65500
1748127575843 41.39230769230769 66000
1748127576314 41.083969465648856 66500
1748127576781 40.78030303030303 67000
1748127577260 40.4812030075188 67500
1748127577722 40.1865671641791 68000
1748127578179 39.8962962962963 68500
1748127579099 39.61029411764706 69500
1748127579561 39.34306569343066 70000
1748127580017 39.06521739130435 70500
1748127580479 38.89208633093525 71000
1748127580935 38.707142857142856 71500
1748127581401 38.4822695035461 72000
1748127581883 38.30281690140845 72500
1748127582342 38.04195804195804 73000
1748127582857 37.78472222222222 73500
1748127583315 37.6 74000
1748127583773 37.34931506849315 74500
1748127584245 37.10204081632653 75000
1748127584716 36.9527027027027 75500
1748127585200 36.711409395973156 76000
1748127585664 36.473333333333336 76500
1748127586133 36.23841059602649 77000
1748127586609 36.05921052631579 77500
1748127587086 35.88235294117647 78000
1748127587549 35.6948051948052 78500
1748127588009 35.54838709677419 79000
1748127588501 35.32692307692308 79500
1748127588960 35.15923566878981 80000
1748127589417 34.94303797468354 80500
1748127589878 34.729559748427675 81000
1748127590343 34.54375 81500
1748127590874 34.33540372670807 82000
1748127591350 34.15432098765432 82500
1748127591840 33.987730061349694 83000
1748127592296 33.84756097560975 83500
1748127592757 33.72121212121212 84000
1748127593211 33.54819277108434 84500
1748127593663 33.4251497005988 85000
1748127594122 33.31547619047619 85500
1748127594591 33.14792899408284 86000
1748127595042 32.95882352941177 86500
1748127595504 32.771929824561404 87000
1748127595959 32.645348837209305 87500
1748127596417 32.48554913294798 88000
1748127596877 32.38505747126437 88500
1748127597341 32.285714285714285 89000
1748127597809 32.10795454545455 89500
1748127598292 31.98870056497175 90000
1748127598779 31.814606741573034 90500
1748127599253 31.64245810055866 91000
1748127599716 31.47222222222222 91500
1748127600189 31.303867403314918 92000
1748127600656 31.225274725274726 92500
1748127601115 31.060109289617486 93000
1748127601576 30.907608695652176 93500
1748127602042 30.82162162162162 94000
1748127602537 30.661290322580644 94500
1748127603027 30.524064171122994 95000
1748127603503 30.377659574468087 95500
1748127603962 30.285714285714285 96000
1748127604440 30.142105263157895 96500
1748127604928 29.98952879581152 97000
1748127605391 29.838541666666668 97500
1748127605853 29.70984455958549 98000
1748127606318 29.561855670103093 98500
1748127606780 29.415384615384614 99000
1748127607240 29.270408163265305 99500
1748127607690 29.15736040609137 100000
1748127608157 29.015151515151516 100500
1748127608622 28.944723618090453 101000
1748127609091 28.835 101500
1748127609556 28.696517412935325 102000
1748127610024 28.61881188118812 102500
1748127610486 28.482758620689655 103000
1748127610948 28.348039215686274 103500
1748127611439 28.273170731707317 104000
1748127611914 28.140776699029125 104500
1748127612400 28.019323671497585 105000
1748127612887 27.889423076923077 105500
1748127613358 27.760765550239235 106000
1748127613821 27.652380952380952 106500
1748127614320 27.554502369668246 107000
1748127614817 27.45754716981132 107500
1748127615338 27.399061032863848 108000
1748127615814 27.30373831775701 108500
1748127616280 27.209302325581394 109000
1748127616748 27.14351851851852 109500
1748127617206 27.023041474654377 110000
1748127617664 26.931192660550458 110500
1748127618123 26.876712328767123 111000
1748127618581 26.759090909090908 111500
1748127619040 26.65158371040724 112000
1748127619499 26.57207207207207 112500
1748127619968 26.457399103139014 113000
1748127620438 26.379464285714285 113500
1748127620905 26.266666666666666 114000
1748127621370 26.154867256637168 114500
1748127621830 26.044052863436125 115000
1748127622287 25.93421052631579 115500
1748127622804 25.82532751091703 116000
1748127623264 25.734782608695653 116500
1748127623727 25.67965367965368 117000
1748127624199 25.573275862068964 117500
1748127624657 25.467811158798284 118000
1748127625124 25.363247863247864 118500
1748127625580 25.259574468085106 119000
1748127626038 25.156779661016948 119500
1748127626496 25.088607594936708 120000
1748127626955 24.98739495798319 120500
1748127627415 24.92050209205021 121000
1748127627873 24.820833333333333 121500
1748127628338 24.721991701244814 122000
1748127628795 24.673553719008265 122500
1748127629257 24.5761316872428 123000
1748127629746 24.479508196721312 123500
1748127630229 24.42448979591837 124000
1748127630694 24.34552845528455 124500
1748127631162 24.251012145748987 125000
1748127631631 24.197580645161292 125500
1748127632093 24.14457831325301 126000
1748127632559 24.068 126500
1748127633032 23.97609561752988 127000
1748127633529 23.892857142857142 127500
1748127634015 23.802371541501977 128000
1748127634485 23.881889763779526 128500
1748127634954 23.7921568627451 129000
1748127635414 23.74609375 129500
1748127635877 23.69649805447471 130000
1748127636351 23.608527131782946 130500
1748127636823 23.606177606177607 131000
1748127637343 23.51923076923077 131500
1748127637821 23.528735632183906 132000
1748127638286 23.458015267175572 132500
1748127638749 23.61596958174905 133000
1748127639247 23.579545454545453 133500
1748127639706 23.494339622641508 134000
1748127640160 23.627819548872182 134500
1748127640619 23.59550561797753 135000
1748127641084 23.53358208955224 135500
1748127641547 23.49814126394052 136000
1748127642020 23.651851851851852 136500
1748127642480 23.95940959409594 137000
1748127642939 23.966911764705884 137500
1748127643399 23.89010989010989 138000
1748127643860 23.835766423357665 138500
1748127644329 24.036363636363635 139000
1748127644794 24.21014492753623 139500
1748127645252 24.270758122743683 140000
1748127645717 24.74820143884892 140500
1748127646183 24.913978494623656 141000
1748127646643 25.189285714285713 141500
1748127647100 25.10320284697509 142000
1748127647565 25.138297872340427 142500
1748127648035 25.053003533568905 143000
1748127648500 25.06338028169014 143500
1748127648972 25.126315789473683 144000
1748127649488 25.227272727272727 144500
1748127649950 25.142857142857142 145000
1748127650413 25.07986111111111 145500
1748127650878 25.038062283737023 146000
1748127651351 25.117241379310343 146500
1748127651813 25.33676975945017 147000
1748127652274 25.325342465753426 147500
1748127652742 25.525597269624573 148000
1748127653205 25.547619047619047 148500
1748127653675 25.627118644067796 149000
1748127654142 25.9222972972973 149500
1748127654610 25.915824915824917 150000
1748127655091 25.838926174496645 150500
1748127655547 25.846153846153847 151000
1748127656002 25.843333333333334 151500
1748127656458 25.963455149501662 152000
1748127656917 25.9635761589404 152500
1748127657386 26.05280528052805 153000
1748127657856 26.13486842105263 153500
1748127658360 26.278688524590162 154000
1748127658853 26.30065359477124 154500
1748127659316 26.338762214983714 155000
1748127659784 26.392857142857142 155500
1748127660253 26.598705501618124 156000
1748127660716 26.612903225806452 156500
1748127661184 26.884244372990352 157000
1748127661658 27.28205128205128 157500
1748127662125 27.268370607028753 158000
1748127662594 27.426751592356688 158500
1748127663080 27.39047619047619 159000
1748127663564 27.70886075949367 159500
1748127664023 27.85173501577287 160000
1748127664488 27.833333333333332 160500
1748127664950 27.95924764890282 161000
1748127665409 28.159375 161500
1748127665867 28.498442367601246 162000
1748127666331 28.580745341614907 162500
1748127666815 28.65015479876161 163000
1748127667321 28.891975308641975 163500
1748127667795 29.147692307692306 164000
1748127668259 29.131901840490798 164500
1748127668743 29.085626911314986 165000
1748127669211 29.16768292682927 165500
1748127669679 29.170212765957448 166000
1748127670140 29.12121212121212 166500
1748127670599 29.084592145015105 167000
1748127671091 29.0 167500
1748127671664 29.084084084084083 168000
1748127672139 29.230538922155688 168500
1748127672608 29.202985074626866 169000
1748127673068 29.1875 169500
1748127673535 29.160237388724035 170000
1748127673993 29.08284023668639 170500
1748127674481 29.13864306784661 171000
1748127675004 29.15 171500
1748127675479 29.35777126099707 172000
1748127675951 29.464912280701753 172500
1748127676424 29.752186588921283 173000
1748127676902 29.76453488372093 173500
1748127677407 29.979710144927537 174000
1748127677902 30.089595375722542 174500
1748127678370 30.095100864553313 175000
1748127678832 30.410919540229884 175500
1748127679294 30.458452722063036 176000
1748127679758 31.15142857142857 176500
1748127680214 31.37891737891738 177000
1748127680681 31.94034090909091 177500
1748127681143 32.04815864022663 178000
1748127681619 31.997175141242938 178500
1748127682117 32.30140845070422 179000
1748127682606 32.4747191011236 179500
1748127683084 32.66946778711485 180000
1748127683556 32.9804469273743 180500
1748127684020 33.456824512534816 181000
1748127684481 34.077777777777776 181500
1748127684943 34.27700831024931 182000
1748127685412 34.651933701657455 182500
1748127685880 35.18181818181818 183000
1748127686340 35.51923076923077 183500
1748127686805 35.90958904109589 184000
1748127687276 36.224043715846996 184500
1748127687767 36.87193460490463 185000
1748127688247 37.32065217391305 185500
1748127688734 37.85094850948509 186000
1748127689230 38.44054054054054 186500
1748127689720 38.98382749326146 187000
1748127690198 39.653225806451616 187500
1748127690664 40.061662198391424 188000
1748127691126 40.77272727272727 188500
1748127691592 41.544 189000
1748127692520 41.92553191489362 190000
1748127692987 42.54641909814324 190500
1748127693457 43.044973544973544 191000
1748127693944 43.2532981530343 191500
1748127694415 43.77894736842105 192000
1748127694879 44.41207349081365 192500
1748127695338 44.51570680628272 193000
1748127695797 44.825065274151434 193500
1748127696259 44.838541666666664 194000
1748127696722 44.724675324675324 194500
1748127697182 44.78756476683938 195000
1748127697649 44.8062015503876 195500
1748127698108 45.08247422680412 196000
1748127698564 45.203084832904885 196500
1748127699023 45.276923076923076 197000
1748127699485 45.21739130434783 197500
1748127699939 45.244897959183675 198000
1748127700397 45.25699745547074 198500
1748127700855 45.26142131979695 199000
1748127701316 45.516455696202534 199500
1748127701768 45.43434343434343 200000
1748127702222 45.44584382871537 200500
1748127702683 45.515075376884425 201000
1748127703142 45.78947368421053 201500
1748127703601 45.7375 202000
1748127704066 45.71321695760599 202500
1748127704523 45.93781094527363 203000
1748127704983 46.022332506203476 203500
1748127705441 46.274752475247524 204000
1748127705900 46.279012345679014 204500
1748127706358 46.364532019704434 205000
1748127706821 46.5061425061425 205500
1748127707280 46.60539215686274 206000
1748127707738 46.58924205378973 206500
1748127708202 46.63170731707317 207000
1748127708665 46.70316301703163 207500
1748127709122 46.657766990291265 208000
1748127709583 46.738498789346245 208500
1748127710043 46.74154589371981 209000
1748127710507 46.93975903614458 209500
1748127710973 47.07211538461539 210000
1748127711495 47.038369304556355 210500
1748127712018 47.270334928229666 211000
1748127712538 47.41050119331742 211500
1748127713003 47.357142857142854 212000
1748127713460 47.30878859857482 212500
1748127713921 47.34123222748815 213000
1748127714381 47.38770685579196 213500
1748127714836 47.431603773584904 214000
1748127715296 47.461176470588235 214500
1748127715760 47.556338028169016 215000
1748127716220 47.56440281030445 215500
1748127716676 47.66355140186916 216000
1748127717134 47.66899766899767 216500
1748127717601 47.69767441860465 217000
1748127718071 47.78190255220418 217500
1748127718526 47.7962962962963 218000
1748127718991 47.85450346420323 218500
1748127719445 47.785714285714285 219000
1748127719906 47.98850574712644 219500
1748127720368 48.02522935779817 220000
1748127720829 48.16933638443936 220500
1748127721295 48.14383561643836 221000
1748127721758 48.041002277904326 221500
1748127722225 48.04545454545455 222000
1748127722690 48.074829931972786 222500
1748127723146 48.07692307692308 223000
1748127723604 48.331828442437924 223500
1748127724065 48.5472972972973 224000
1748127724556 49.024719101123594 224500
1748127725017 49.24663677130045 225000
1748127725477 49.53020134228188 225500
1748127725937 50.214285714285715 226000
1748127726407 50.80846325167038 226500
1748127726873 50.824444444444445 227000
1748127727335 51.3059866962306 227500
1748127727796 51.79424778761062 228000
1748127728254 51.856512141280355 228500
1748127728711 51.852422907488986 229000
1748127729170 51.964835164835165 229500
1748127729633 52.021929824561404 230000
1748127730091 52.078774617067836 230500
1748127730548 52.22052401746725 231000
1748127731003 52.48148148148148 231500
1748127731463 52.82608695652174 232000
1748127731930 52.96746203904555 232500
1748127732394 52.93073593073593 233000
1748127732853 53.1511879049676 233500
1748127733313 53.43103448275862 234000
1748127733782 53.96989247311828 234500
1748127734251 54.047210300429185 235000
1748127734714 54.147751605995715 235500
1748127735178 54.1965811965812 236000
1748127735634 54.44776119402985 236500
1748127736101 54.712765957446805 237000
1748127736564 54.717622080679405 237500
1748127737056 54.75635593220339 238000
1748127738036 54.710359408033824 239000
1748127738518 54.757383966244724 239500
1748127738990 54.70315789473684 240000
1748127739469 54.61764705882353 240500
1748127739934 54.526205450733755 241000
1748127740401 54.42259414225941 241500
1748127740878 54.37787056367432 242000
1748127741348 54.28333333333333 242500
1748127741815 54.30977130977131 243000
1748127742275 54.20331950207469 243500
1748127742747 54.29192546583851 244000
1748127743210 54.43388429752066 244500
1748127743686 54.48453608247423 245000
1748127744150 54.57201646090535 245500
1748127744622 54.562628336755644 246000
1748127745097 54.46106557377049 246500
1748127745575 54.50102249488753 247000
1748127746054 54.4 247500
1748127746517 54.31568228105906 248000
1748127746993 54.233739837398375 248500
1748127747457 54.198782961460445 249000
1748127747913 54.19635627530364 249500
1748127748389 54.096969696969694 250000
1748127748857 54.07661290322581 250500
1748127749331 54.00603621730382 251000
1748127749793 53.997991967871485 251500
1748127750271 53.94188376753507 252000
1748127750743 53.882 252500
1748127751202 53.78443113772455 253000
1748127751657 53.70717131474104 253500
1748127752123 53.62823061630219 254000
1748127752580 53.57539682539682 254500
1748127753048 53.50891089108911 255000
1748127753505 53.527667984189726 255500
1748127753962 53.44378698224852 256000
1748127754421 53.425196850393704 256500
1748127754903 53.447937131630646 257000
1748127755371 53.48627450980392 257500
1748127755881 53.51272015655577 258000
1748127756345 53.5078125 258500
1748127756808 53.41715399610136 259000
1748127757269 53.36575875486381 259500
1748127757729 53.302912621359226 260000
1748127758189 53.28875968992248 260500
1748127758649 53.20309477756286 261000
1748127759113 53.12162162162162 261500
1748127759578 53.14836223506744 262000
1748127760035 53.06346153846154 262500
1748127760497 53.15547024952016 263000
1748127760956 53.05555555555556 263500
1748127761418 53.03441682600383 264000
1748127761883 53.041984732824424 264500
1748127762350 53.06285714285714 265000
1748127762815 53.00570342205323 265500
1748127763332 52.93358633776091 266000
1748127763794 52.85227272727273 266500
1748127764282 52.843100189035916 267000
1748127764864 52.75660377358491 267500
1748127765396 52.67796610169491 268000
1748127765884 52.580827067669176 268500
1748127766396 52.61726078799249 269000
1748127766955 52.67977528089887 269500
1748127767447 52.598130841121495 270000
1748127767958 52.541044776119406 270500
1748127768463 52.5195530726257 271000
1748127768970 52.44237918215613 271500
1748127769478 52.43599257884972 272000
1748127769972 52.34074074074074 272500
1748127770460 52.26062846580407 273000
1748127770946 52.169741697416974 273500
1748127771416 52.09944751381215 274000
1748127771893 52.0422794117647 274500
1748127772363 51.98532110091743 275000
1748127772912 51.913919413919416 275500
1748127773380 51.86471663619744 276000
1748127773842 51.855839416058394 276500
1748127774303 51.790528233151186 277000
1748127774765 51.74 277500
1748127775259 51.78584392014519 278000
1748127775728 51.93659420289855 278500
1748127776192 51.87703435804702 279000
1748127776654 51.85018050541516 279500
1748127777115 51.94054054054054 280000
1748127777582 51.8705035971223 280500
1748127778057 51.80251346499102 281000
1748127778517 51.72222222222222 281500
1748127778976 51.71019677996422 282000
1748127779434 51.82142857142857 282500
1748127779892 51.75579322638146 283000
1748127780358 51.770462633451956 283500
1748127780853 51.683836589698046 284000
1748127781321 51.6258865248227 284500
1748127781832 51.557522123893804 285000
1748127782312 51.475265017667844 285500
1748127782780 51.403880070546734 286000
1748127783236 51.399647887323944 286500
1748127783691 51.349736379613354 287000
1748127784146 51.27543859649123 287500
1748127784612 51.25218914185639 288000
1748127785080 51.16783216783217 288500
1748127785539 51.17277486910995 289000
1748127786004 51.09756097560975 289500
1748127786468 51.01391304347826 290000
1748127786928 50.927083333333336 290500
1748127787391 50.94280762564991 291000
1748127787848 50.8961937716263 291500
1748127788311 50.81692573402418 292000
1748127788772 50.779310344827586 292500
1748127789239 50.70223752151463 293000
1748127789704 50.63745704467354 293500
1748127790162 50.56946826758148 294000
1748127790622 50.488013698630134 294500
1748127791120 50.47179487179487 295000
1748127791598 50.39419795221843 295500
1748127792074 50.33730834752981 296000
1748127792534 50.34183673469388 296500
1748127792991 50.29202037351443 297000
1748127793458 50.24406779661017 297500
1748127793919 50.196277495769884 298000
1748127794394 50.116554054054056 298500
1748127794855 50.08768971332209 299000
1748127795317 50.015151515151516 299500
1748127795775 49.9327731092437 300000
1748127796236 49.850671140939596 300500
1748127796701 49.785594639866 301000
1748127797159 49.70401337792642 301500
1748127797647 49.62270450751252 302000
1748127798103 49.545 302500
1748127798570 49.480865224625624 303000
1748127799029 49.43023255813954 303500
1748127799491 49.349917081260365 304000
1748127799970 49.276490066225165 304500
1748127800449 49.21652892561983 305000
1748127801043 49.136963696369634 305500
1748127801585 49.06095551894563 306000
1748127802075 48.98190789473684 306500
1748127802564 48.92282430213465 307000
1748127803038 48.85409836065574 307500
1748127803503 48.79214402618658 308000
1748127804421 48.745098039215684 309000
1748127804879 48.703099510603586 309500
1748127805351 48.62540716612378 310000
1748127805815 48.547967479674796 310500
1748127806309 48.47402597402598 311000
1748127806815 48.40032414910859 311500
1748127807327 48.33980582524272 312000
1748127807810 48.26978998384491 312500
1748127808276 48.21290322580645 313000
1748127808782 48.13687600644123 313500
1748127809284 48.061093247588424 314000
1748127809811 48.0032102728732 314500
1748127810289 47.94070512820513 315000
1748127810779 47.8816 315500
1748127811258 47.80670926517572 316000
1748127811716 47.74481658692185 316500
1748127812181 47.69267515923567 317000
1748127812645 47.61844197138315 317500
1748127813103 47.56507936507936 318000
1748127813569 47.50396196513471 318500
1748127814054 47.45253164556962 319000
1748127814573 47.37914691943128 319500
1748127815043 47.305993690851736 320000
1748127815521 47.23937007874016 320500
1748127815984 47.166666666666664 321000
1748127816451 47.11302982731554 321500
1748127816964 47.04702194357367 322000
1748127817451 46.99843505477308 322500
1748127817937 46.9484375 323000
1748127818418 46.876755070202805 323500
1748127818893 46.808411214953274 324000
1748127819397 46.75116640746501 324500
1748127819895 46.68012422360248 325000
1748127820362 46.609302325581396 325500
