1748127514166 9985.75 500
1748127514630 9994.425 1000
1748127515100 9988.3 1500
1748127515567 9984.11 2000
1748127516039 9987.682 2500
1748127516501 9993.091666666667 3000
1748127516968 9988.070000000002 3500
1748127517482 9986.44125 4000
1748127517961 9988.045555555556 4500
1748127518434 9988.936 5000
1748127518923 9991.111818181818 5500
1748127519383 9992.4 6000
1748127519841 9993.48923076923 6500
1748127520336 9995.765714285712 7000
1748127520807 9994.828666666665 7500
1748127521279 9996.471875 8000
1748127522211 9997.915294117647 9000
1748127522680 9998.905 9500
1748127523144 10000.276315789473 10000
1748127523606 9999.2975 10500
1748127524078 9998.974761904761 11000
1748127524554 9999.998181818182 11500
1748127525020 10000.874347826086 12000
1748127525478 9999.76625 12500
1748127525953 9998.0916 13000
1748127526418 9997.239615384617 13500
1748127526889 9997.01740740741 14000
1748127527356 9997.566785714287 14500
1748127527819 9997.382413793104 15000
1748127528322 10000.561 15500
1748127528787 9998.014516129033 16000
1748127529244 9998.8478125 16500
1748127529719 10000.67787878788 17000
1748127530182 10001.320294117648 17500
1748127530651 10001.740571428572 18000
1748127531126 10000.792222222222 18500
1748127531596 10000.057567567568 19000
1748127532059 9999.540789473684 19500
1748127532526 10000.138461538461 20000
1748127532995 9999.29125 20500
1748127533462 9999.303658536586 21000
1748127533921 9998.423809523809 21500
1748127534389 10000.18488372093 22000
1748127534860 10001.49840909091 22500
1748127535316 10001.452444444443 23000
1748127535778 10002.804130434783 23500
1748127536237 10003.58319148936 24000
1748127536693 10008.985 24500
1748127537152 10012.044285714286 25000
1748127537617 10012.772400000002 25500
1748127538081 10013.732156862745 26000
1748127538542 10013.783461538462 26500
1748127539003 10014.38169811321 27000
1748127539458 10018.093518518519 27500
1748127539918 10020.26981818182 28000
1748127540377 10022.908928571429 28500
1748127540834 10023.343508771932 29000
1748127541372 10026.206379310346 29500
1748127541835 10028.218474576273 30000
1748127542320 10029.342833333336 30500
1748127542828 10029.069180327871 31000
1748127543325 10029.854354838713 31500
1748127543791 10030.569523809527 32000
1748127544260 10031.26046875 32500
1748127544727 10032.628307692308 33000
1748127545192 10033.788030303032 33500
1748127545651 10034.651641791046 34000
1748127546133 10035.998970588238 34500
1748127546592 10037.723913043481 35000
1748127547054 10039.55942857143 35500
1748127547519 10040.096901408453 36000
1748127547988 10040.466111111113 36500
1748127548452 10042.248767123288 37000
1748127548907 10043.267567567567 37500
1748127549381 10043.7168 38000
1748127549853 10045.574473684212 38500
1748127550312 10046.357402597403 39000
1748127550780 10047.706923076923 39500
1748127551244 10047.131139240506 40000
1748127551727 10047.184125 40500
1748127552210 10046.773827160492 41000
1748127552703 10047.256219512194 41500
1748127553167 10046.985301204819 42000
1748127553633 10046.96 42500
1748127554125 10046.593176470587 43000
1748127554608 10045.793488372092 43500
1748127555084 10045.385977011492 44000
1748127555556 10044.784204545454 44500
1748127556055 10044.493595505619 45000
1748127556525 10043.780666666667 45500
1748127556989 10043.448021978022 46000
1748127557467 10042.86804347826 46500
1748127557965 10042.57064516129 47000
1748127558427 10042.540212765956 47500
1748127558912 10043.80694736842 48000
1748127559377 10045.650520833333 48500
1748127559840 10046.879484536083 49000
1748127560299 10047.212346938775 49500
1748127560797 10046.606868686868 50000
1748127561278 10046.2525 50500
1748127562223 10045.564158415842 51500
1748127562707 10045.117941176472 52000
1748127563207 10045.003009708738 52500
1748127563692 10044.358076923078 53000
1748127564171 10044.104285714286 53500
1748127564646 10043.557830188678 54000
1748127565113 10043.121308411215 54500
1748127565578 10042.417500000001 55000
1748127566032 10041.726697247708 55500
1748127566517 10041.140363636365 56000
1748127566978 10040.582702702704 56500
1748127567450 10039.958928571428 57000
1748127567918 10039.726902654866 57500
1748127568383 10039.527017543858 58000
1748127568846 10038.899999999998 58500
1748127569305 10038.646034482756 59000
1748127569767 10038.37564102564 59500
1748127570220 10037.83915254237 60000
1748127570685 10037.427226890755 60500
1748127571171 10037.309583333332 61000
1748127571679 10037.091983471073 61500
1748127572162 10036.96893442623 62000
1748127572628 10036.592357723575 62500
1748127573085 10036.454919354837 63000
1748127573543 10036.128879999998 63500
1748127574006 10035.726984126983 64000
1748127574471 10035.358503937006 64500
1748127574934 10034.793828124999 65000
1748127575387 10034.475581395349 65500
1748127575843 10033.971076923077 66000
1748127576314 10033.89748091603 66500
1748127576781 10033.7575 67000
1748127577259 10033.564210526316 67500
1748127577721 10033.488432835822 68000
1748127578178 10033.42651851852 68500
1748127579099 10033.142647058823 69500
1748127579560 10032.81708029197 70000
1748127580016 10032.618623188406 70500
1748127580479 10032.142805755397 71000
1748127580935 10032.006285714286 71500
1748127581400 10031.72035460993 72000
1748127581883 10031.26281690141 72500
1748127582341 10031.295244755247 73000
1748127582856 10031.270347222224 73500
1748127583315 10030.966620689656 74000
1748127583773 10030.792876712329 74500
1748127584244 10030.753537414967 75000
1748127584716 10030.323986486488 75500
1748127585199 10030.176845637585 76000
1748127585664 10030.035133333333 76500
1748127586132 10029.98344370861 77000
1748127586609 10029.90677631579 77500
1748127587086 10029.605098039216 78000
1748127587548 10029.30564935065 78500
1748127588008 10029.23464516129 79000
1748127588501 10029.13512820513 79500
1748127588959 10029.09286624204 80000
1748127589417 10029.147215189874 80500
1748127589878 10029.04176100629 81000
1748127590342 10028.775437499999 81500
1748127590873 10028.65198757764 82000
1748127591350 10028.405679012345 82500
1748127591840 10028.197852760737 83000
1748127592296 10027.820365853659 83500
1748127592757 10027.532545454545 84000
1748127593211 10027.313795180722 84500
1748127593663 10026.968263473054 85000
1748127594121 10026.630535714285 85500
1748127594590 10026.415147928994 86000
1748127595042 10026.337823529411 86500
1748127595504 10026.058947368421 87000
1748127595959 10025.863430232559 87500
1748127596417 10025.787861271676 88000
1748127596877 10025.453908045976 88500
1748127597341 10025.225942857143 89000
1748127597809 10025.067670454546 89500
1748127598292 10024.842768361581 90000
1748127598779 10024.857415730336 90500
1748127599253 10024.644245810056 91000
1748127599715 10024.5205 91500
1748127600189 10024.467955801103 92000
1748127600655 10024.420549450548 92500
1748127601115 10024.383661202186 93000
1748127601576 10024.300760869564 93500
1748127602041 10024.077999999998 94000
1748127602537 10024.046129032256 94500
1748127603026 10023.981925133688 95000
1748127603503 10023.825531914892 95500
1748127603961 10023.766137566137 96000
1748127604439 10023.556684210525 96500
1748127604927 10023.491832460733 97000
1748127605391 10023.325989583333 97500
1748127605852 10023.17658031088 98000
1748127606318 10023.12912371134 98500
1748127606779 10023.14923076923 99000
1748127607239 10023.096275510203 99500
1748127607690 10022.81350253807 100000
1748127608157 10022.740303030303 100500
1748127608622 10022.603165829145 101000
1748127609091 10022.3275 101500
1748127609555 10022.25328358209 102000
1748127610023 10022.057326732673 102500
1748127610486 10022.054187192118 103000
1748127610948 10021.845294117646 103500
1748127611439 10021.609414634146 104000
1748127611914 10021.595194174755 104500
1748127612400 10021.590531400963 105000
1748127612886 10021.430192307693 105500
1748127613357 10021.377224880383 106000
1748127613820 10021.239000000001 106500
1748127614319 10021.086492890996 107000
1748127614816 10020.956179245282 107500
1748127615338 10020.736948356809 108000
1748127615814 10020.660140186917 108500
1748127616279 10020.447627906979 109000
1748127616748 10020.355925925925 109500
1748127617205 10020.38267281106 110000
1748127617664 10020.2173853211 110500
1748127618123 10019.9798173516 111000
1748127618581 10019.961409090907 111500
1748127619040 10019.826968325791 112000
1748127619499 10019.77391891892 112500
1748127619968 10019.719686098655 113000
1748127620437 10019.513839285713 113500
1748127620904 10019.561955555555 114000
1748127621370 10019.427168141594 114500
1748127621830 10019.464669603523 115000
1748127622287 10019.41153508772 115500
1748127622803 10019.395807860263 116000
1748127623264 10019.196608695653 116500
1748127623726 10018.999047619049 117000
1748127624198 10018.910560344828 117500
1748127624657 10018.876566523606 118000
1748127625123 10018.782692307692 118500
1748127625580 10018.796127659574 119000
1748127626037 10018.794025423727 119500
1748127626496 10018.613080168776 120000
1748127626954 10018.539537815126 120500
1748127627414 10018.458326359832 121000
1748127627873 10018.345291666667 121500
1748127628338 10018.198174273857 122000
1748127628795 10018.01541322314 122500
1748127629256 10018.014650205761 123000
1748127629746 10018.01286885246 123500
1748127630229 10017.859632653062 124000
1748127630694 10017.799390243905 124500
1748127631161 10017.671700404859 125000
1748127631630 10017.51504032258 125500
1748127632093 10017.338995983937 126000
1748127632558 10017.150720000001 126500
1748127633031 10017.07796812749 127000
1748127633528 10016.913452380952 127500
1748127634015 10016.872687747036 128000
1748127634484 10016.787716535433 128500
1748127634954 10016.74749019608 129000
1748127635413 10016.57484375 129500
1748127635876 10016.3993385214 130000
1748127636351 10016.401937984496 130500
1748127636823 10016.217567567566 131000
1748127637343 10016.162807692308 131500
1748127637821 10016.053831417625 132000
1748127638286 10016.108091603053 132500
1748127638749 10016.181026615968 133000
1748127639247 10016.136704545454 133500
1748127639706 10016.222 134000
1748127640160 10016.297406015037 134500
1748127640619 10016.36254681648 135000
1748127641083 10016.461828358208 135500
1748127641546 10016.336394052043 136000
1748127642019 10016.430888888888 136500
1748127642480 10016.654612546125 137000
1748127642939 10016.511544117646 137500
1748127643399 10016.405347985348 138000
1748127643860 10016.36784671533 138500
1748127644329 10016.538654545455 139000
1748127644794 10016.519456521739 139500
1748127645251 10016.425559566787 140000
1748127645717 10016.504208633094 140500
1748127646183 10016.60046594982 141000
1748127646643 10016.541964285714 141500
1748127647100 10016.5971886121 142000
1748127647564 10016.689397163122 142500
1748127648034 10016.683816254417 143000
1748127648500 10016.709154929576 143500
1748127648972 10016.703298245613 144000
1748127649488 10016.60048951049 144500
1748127649950 10016.554912891985 145000
1748127650413 10016.49545138889 145500
1748127650878 10016.52643598616 146000
1748127651351 10016.550482758621 146500
1748127651812 10016.597663230243 147000
1748127652274 10016.58537671233 147500
1748127652742 10016.536791808874 148000
1748127653204 10016.415408163266 148500
1748127653675 10016.516610169492 149000
1748127654141 10016.39918918919 149500
1748127654610 10016.220774410775 150000
1748127655090 10016.252718120808 150500
1748127655547 10016.084113712375 151000
1748127656002 10016.038366666668 151500
1748127656458 10016.12830564784 152000
1748127656917 10016.003973509934 152500
1748127657385 10016.074257425742 153000
1748127657855 10015.997532894737 153500
1748127658359 10015.838786885246 154000
1748127658853 10015.875718954247 154500
1748127659315 10015.692736156352 155000
1748127659783 10015.633051948053 155500
1748127660253 10015.574336569578 156000
1748127660715 10015.578161290323 156500
1748127661184 10015.84922829582 157000
1748127661657 10016.08560897436 157500
1748127662125 10016.120766773161 158000
1748127662594 10016.247324840764 158500
1748127663079 10016.273523809525 159000
1748127663564 10016.47816455696 159500
1748127664023 10016.411640378548 160000
1748127664488 10016.326635220126 160500
1748127664949 10016.407398119121 161000
1748127665409 10016.4385 161500
1748127665867 10016.655420560746 162000
1748127666331 10016.630559006211 162500
1748127666815 10016.638049535602 163000
1748127667321 10016.648148148148 163500
1748127667795 10016.719476923077 164000
1748127668259 10016.702852760736 164500
1748127668743 10016.679633027523 165000
1748127669211 10016.606676829268 165500
1748127669678 10016.606382978724 166000
1748127670140 10016.579303030303 166500
1748127670598 10016.651903323262 167000
1748127671091 10016.69096385542 167500
1748127671664 10016.672522522524 168000
1748127672139 10016.539311377244 168500
1748127672608 10016.460059701492 169000
1748127673067 10016.272886904762 169500
1748127673534 10016.14118694362 170000
1748127673992 10016.12349112426 170500
1748127674480 10016.119999999999 171000
1748127675004 10016.139352941176 171500
1748127675478 10016.060527859236 172000
1748127675951 10016.084005847952 172500
1748127676424 10016.139562682216 173000
1748127676901 10016.014273255814 173500
1748127677407 10016.024985507247 174000
1748127677902 10015.964595375723 174500
1748127678370 10015.993573487032 175000
1748127678832 10015.883908045977 175500
1748127679294 10015.93893982808 176000
1748127679758 10016.1808 176500
1748127680214 10016.253361823361 177000
1748127680680 10016.387926136364 177500
1748127681143 10016.40793201133 178000
1748127681619 10016.329180790959 178500
1748127682116 10016.346591549296 179000
1748127682606 10016.312584269663 179500
1748127683084 10016.157983193276 180000
1748127683556 10016.103798882681 180500
1748127684020 10015.863064066853 181000
1748127684481 10016.0495 181500
1748127684943 10016.225346260388 182000
1748127685412 10016.185082872928 182500
1748127685880 10016.247961432506 183000
1748127686340 10016.463241758242 183500
1748127686805 10016.470356164382 184000
1748127687276 10016.52669398907 184500
1748127687766 10016.503297002724 185000
1748127688247 10016.399673913043 185500
1748127688733 10016.302655826557 186000
1748127689230 10016.245648648648 186500
1748127689720 10016.154393530996 187000
1748127690198 10016.228440860214 187500
1748127690663 10016.352305630026 188000
1748127691126 10016.40486631016 188500
1748127691591 10016.076533333333 189000
1748127692520 10016.10670212766 190000
1748127692986 10016.189973474802 190500
1748127693456 10016.128253968254 191000
1748127693944 10016.157203166227 191500
1748127694415 10016.330342105262 192000
1748127694878 10016.27346456693 192500
1748127695337 10016.229633507854 193000
1748127695796 10016.303289817231 193500
1748127696258 10016.162760416666 194000
1748127696722 10016.182415584415 194500
1748127697182 10016.147538860103 195000
1748127697649 10016.062325581395 195500
1748127698108 10016.170850515464 196000
1748127698564 10016.127686375321 196500
1748127699022 10015.965666666667 197000
1748127699484 10015.943196930946 197500
1748127699939 10015.782040816326 198000
1748127700397 10015.686819338422 198500
1748127700854 10015.699441624365 199000
1748127701316 10015.644101265823 199500
1748127701768 10015.703712121212 200000
1748127702222 10015.627078085643 200500
1748127702683 10015.797286432162 201000
1748127703142 10015.766215538846 201500
1748127703601 10015.807375 202000
1748127704065 10015.703940149626 202500
1748127704523 10015.608532338309 203000
1748127704982 10015.55965260546 203500
1748127705441 10015.725594059406 204000
1748127705899 10015.635802469136 204500
1748127706358 10015.604384236454 205000
1748127706821 10015.5271990172 205500
1748127707280 10015.54580882353 206000
1748127707738 10015.597041564792 206500
1748127708202 10015.53575609756 207000
1748127708665 10015.42596107056 207500
1748127709122 10015.357427184466 208000
1748127709583 10015.243656174334 208500
1748127710042 10015.071956521739 209000
1748127710506 10014.989108433734 209500
1748127710972 10014.92375 210000
1748127711494 10014.925539568345 210500
1748127712018 10015.003564593302 211000
1748127712538 10015.093054892603 211500
1748127713002 10015.162785714287 212000
1748127713460 10015.154251781472 212500
1748127713920 10015.037417061612 213000
1748127714381 10015.084775413712 213500
1748127714835 10015.120306603772 214000
1748127715295 10015.082470588237 214500
1748127715760 10014.907676056338 215000
1748127716220 10014.858032786888 215500
1748127716676 10014.834135514018 216000
1748127717133 10014.939650349652 216500
1748127717601 10014.969790697674 217000
1748127718071 10014.977888631092 217500
1748127718526 10014.93523148148 218000
1748127718991 10015.049884526557 218500
1748127719445 10014.975483870969 219000
1748127719906 10014.974735632184 219500
1748127720368 10015.037706422017 220000
1748127720829 10015.099656750574 220500
1748127721295 10014.991666666665 221000
1748127721757 10014.981435079726 221500
1748127722225 10014.973318181817 222000
1748127722689 10014.97498866213 222500
1748127723146 10014.988755656108 223000
1748127723604 10014.92632054176 223500
1748127724065 10014.882612612613 224000
1748127724556 10014.953280898877 224500
1748127725017 10014.922847533631 225000
1748127725476 10014.793154362416 225500
1748127725937 10014.953214285715 226000
1748127726407 10015.360022271716 226500
1748127726873 10015.431155555554 227000
1748127727335 10015.433991130822 227500
1748127727796 10015.390663716815 228000
1748127728254 10015.326490066225 228500
1748127728710 10015.27447136564 229000
1748127729170 10015.192703296703 229500
1748127729633 10015.207916666666 230000
1748127730090 10015.253304157548 230500
1748127730547 10015.20425764192 231000
1748127731002 10015.145076252724 231500
1748127731463 10015.251478260869 232000
1748127731929 10015.305986984815 232500
1748127732394 10015.36515151515 233000
1748127732853 10015.361555075593 233500
1748127733312 10015.387801724137 234000
1748127733781 10015.429096774194 234500
1748127734251 10015.456459227467 235000
1748127734713 10015.410728051393 235500
1748127735177 10015.382884615383 236000
1748127735633 10015.415522388059 236500
1748127736101 10015.475914893615 237000
1748127736564 10015.390403397027 237500
1748127737055 10015.425190677965 238000
1748127738036 10015.347737843553 239000
1748127738518 10015.324282700421 239500
1748127738989 10015.339010526317 240000
1748127739469 10015.30911764706 240500
1748127739933 10015.237777777778 241000
1748127740401 10015.218535564853 241500
1748127740878 10015.111148225471 242000
1748127741348 10015.085020833334 242500
1748127741814 10015.087089397091 243000
1748127742275 10015.04387966805 243500
1748127742747 10014.858364389234 244000
1748127743209 10014.758326446281 244500
1748127743686 10014.772164948454 245000
1748127744149 10014.635925925926 245500
1748127744622 10014.62108829569 246000
1748127745096 10014.605430327869 246500
1748127745575 10014.544233128836 247000
1748127746053 10014.577163265307 247500
1748127746517 10014.509918533606 248000
1748127746993 10014.48644308943 248500
1748127747457 10014.397849898582 249000
1748127747913 10014.354089068825 249500
1748127748388 10014.361272727272 250000
1748127748856 10014.351169354839 250500
1748127749331 10014.324567404428 251000
1748127749792 10014.305783132531 251500
1748127750271 10014.24883767535 252000
1748127750743 10014.16544 252500
1748127751202 10014.200459081836 253000
1748127751657 10014.171792828685 253500
1748127752123 10014.115089463221 254000
1748127752580 10014.020634920636 254500
1748127753048 10013.969306930692 255000
1748127753505 10013.995494071147 255500
1748127753962 10013.994714003946 256000
1748127754420 10013.923248031495 256500
1748127754903 10013.851257367387 257000
1748127755371 10013.85254901961 257500
1748127755881 10013.792681017614 258000
1748127756345 10013.7490234375 258500
1748127756808 10013.726003898637 259000
1748127757269 10013.709649805447 259500
1748127757729 10013.622330097087 260000
1748127758189 10013.561705426357 260500
1748127758649 10013.533152804643 261000
1748127759113 10013.5027992278 261500
1748127759578 10013.326917148363 262000
1748127760035 10013.249096153846 262500
1748127760496 10013.202610364684 263000
1748127760956 10013.221839080461 263500
1748127761418 10013.129196940727 264000
1748127761883 10013.153015267177 264500
1748127762350 10013.111523809524 265000
1748127762814 10013.021939163498 265500
1748127763331 10012.985749525616 266000
1748127763793 10012.921098484849 266500
1748127764282 10012.884555765595 267000
1748127764864 10012.818943396227 267500
1748127765396 10012.827269303201 268000
1748127765883 10012.835037593986 268500
1748127766395 10012.793696060038 269000
1748127766955 10012.684850187266 269500
1748127767447 10012.712710280373 270000
1748127767957 10012.67285447761 270500
1748127768462 10012.679013035382 271000
1748127768970 10012.654962825278 271500
1748127769478 10012.59391465677 272000
1748127769971 10012.5975 272500
1748127770460 10012.56146025878 273000
1748127770945 10012.484852398522 273500
1748127771415 10012.475598526704 274000
1748127771892 10012.405533088235 274500
1748127772362 10012.457211009174 275000
1748127772912 10012.431208791208 275500
1748127773379 10012.392120658134 276000
1748127773842 10012.341186131387 276500
1748127774303 10012.286666666667 277000
1748127774765 10012.252163636364 277500
1748127775259 10012.180471869327 278000
1748127775728 10012.105742753623 278500
1748127776192 10012.103309222422 279000
1748127776654 10012.095216606498 279500
1748127777115 10012.099981981983 280000
1748127777582 10012.088669064748 280500
1748127778057 10012.091885098742 281000
1748127778517 10012.097437275987 281500
1748127778976 10012.12273703041 282000
1748127779434 10012.1005 282500
1748127779892 10012.039340463458 283000
1748127780358 10012.00350533808 283500
1748127780852 10012.021207815276 284000
1748127781321 10012.010053191489 284500
1748127781831 10012.039398230088 285000
1748127782312 10012.027137809187 285500
1748127782779 10012.007266313933 286000
1748127783235 10011.977376760564 286500
1748127783691 10011.994780316345 287000
1748127784146 10011.943701754386 287500
1748127784611 10011.932837127846 288000
1748127785079 10011.950244755244 288500
1748127785539 10011.889842931936 289000
1748127786004 10011.888414634146 289500
1748127786468 10011.903304347825 290000
1748127786927 10011.864236111112 290500
1748127787391 10011.782894280763 291000
1748127787848 10011.715640138409 291500
1748127788311 10011.69324697755 292000
1748127788772 10011.668396551724 292500
1748127789238 10011.705421686747 293000
1748127789704 10011.685051546394 293500
1748127790162 10011.713533447684 294000
1748127790621 10011.730650684933 294500
1748127791120 10011.726752136752 295000
1748127791598 10011.73109215017 295500
1748127792074 10011.688245315161 296000
1748127792534 10011.623452380953 296500
1748127792991 10011.60726655348 297000
1748127793458 10011.534830508475 297500
1748127793918 10011.438104906938 298000
1748127794393 10011.42589527027 298500
1748127794855 10011.341231028668 299000
1748127795317 10011.327340067339 299500
1748127795775 10011.364151260505 300000
1748127796236 10011.369127516778 300500
1748127796701 10011.30376884422 301000
1748127797159 10011.346220735786 301500
1748127797646 10011.37185308848 302000
1748127798103 10011.373450000001 302500
1748127798569 10011.342429284525 303000
1748127799029 10011.268936877077 303500
1748127799491 10011.254859038143 304000
1748127799970 10011.212483443709 304500
1748127800448 10011.191024793388 305000
1748127801043 10011.16 305500
1748127801585 10011.155008237232 306000
1748127802075 10011.17072368421 306500
1748127802563 10011.15722495895 307000
1748127803038 10011.166081967214 307500
1748127803502 10011.194975450082 308000
1748127804421 10011.107598039214 309000
1748127804879 10011.058075040783 309500
1748127805350 10011.06996742671 310000
1748127805815 10011.103170731707 310500
1748127806309 10011.08262987013 311000
1748127806814 10011.075688816856 311500
1748127807326 10011.076148867314 312000
1748127807809 10011.019079159936 312500
1748127808276 10010.995048387096 313000
1748127808782 10011.020724637681 313500
1748127809283 10011.020096463022 314000
1748127809811 10010.967881219904 314500
1748127810288 10010.896298076923 315000
1748127810779 10010.833423999999 315500
1748127811257 10010.867571884983 316000
1748127811716 10010.897448165868 316500
1748127812180 10010.831958598726 317000
1748127812644 10010.843004769475 317500
1748127813102 10010.814603174602 318000
1748127813568 10010.83944532488 318500
1748127814054 10010.808844936708 319000
1748127814573 10010.754802527646 319500
1748127815042 10010.761482649841 320000
1748127815521 10010.747464566928 320500
1748127815984 10010.777452830189 321000
1748127816451 10010.71747252747 321500
1748127816964 10010.735047021944 322000
1748127817450 10010.705618153364 322500
1748127817937 10010.64140625 323000
1748127818418 10010.67407176287 323500
1748127818892 10010.679563862926 324000
1748127819397 10010.631726283047 324500
1748127819895 10010.657204968944 325000
1748127820362 10010.666480620155 325500
