1748127514164 500.0 500
1748127514628 1000.0 1000
1748127515098 1500.0 1500
1748127515565 2000.0 2000
1748127516037 2500.0 2500
1748127516499 3000.0 3000
1748127516966 3500.0 3500
1748127517479 4000.0 4000
1748127517959 4500.0 4500
1748127518432 5000.0 5000
1748127518920 5500.0 5500
1748127519381 6000.0 6000
1748127519839 6500.0 6500
1748127520334 7000.0 7000
1748127520805 7500.0 7500
1748127521277 8000.0 8000
1748127521740 8500.0 8500
1748127522209 9000.0 9000
1748127522678 9500.0 9500
1748127523142 10000.0 10000
1748127523604 10500.0 10500
1748127524076 11000.0 11000
1748127524552 11500.0 11500
1748127525018 12000.0 12000
1748127525476 12500.0 12500
1748127525951 13000.0 13000
1748127526416 13500.0 13500
1748127526887 14000.0 14000
1748127527354 14500.0 14500
1748127527817 15000.0 15000
1748127528320 15500.0 15500
1748127528785 16000.0 16000
1748127529241 16500.0 16500
1748127529717 17000.0 17000
1748127530180 17500.0 17500
1748127530649 18000.0 18000
1748127531124 18500.0 18500
1748127531594 19000.0 19000
1748127532057 19500.0 19500
1748127532524 20000.0 20000
1748127532993 20500.0 20500
1748127533460 21000.0 21000
1748127533919 21500.0 21500
1748127534387 22000.0 22000
1748127534858 22500.0 22500
1748127535314 23000.0 23000
1748127535777 23500.0 23500
1748127536235 24000.0 24000
1748127536691 24500.0 24500
1748127537150 25000.0 25000
1748127537615 25500.0 25500
1748127538079 26000.0 26000
1748127538540 26500.0 26500
1748127539001 27000.0 27000
1748127539457 27500.0 27500
1748127539916 28000.0 28000
1748127540375 28500.0 28500
1748127540832 29000.0 29000
1748127541370 29500.0 29500
1748127541833 30000.0 30000
1748127542318 30500.0 30500
1748127542826 31000.0 31000
1748127543323 31500.0 31500
1748127543789 32000.0 32000
1748127544258 32500.0 32500
1748127544725 33000.0 33000
1748127545190 33500.0 33500
1748127545649 34000.0 34000
1748127546131 34500.0 34500
1748127546590 35000.0 35000
1748127547052 35500.0 35500
1748127547517 36000.0 36000
1748127547986 36500.0 36500
1748127548450 37000.0 37000
1748127548905 37500.0 37500
1748127549379 38000.0 38000
1748127549851 38500.0 38500
1748127550310 39000.0 39000
1748127550778 39500.0 39500
1748127551242 40000.0 40000
1748127551725 40500.0 40500
1748127552208 41000.0 41000
1748127552701 41500.0 41500
1748127553165 42000.0 42000
1748127553631 42500.0 42500
1748127554123 43000.0 43000
1748127554605 43500.0 43500
1748127555082 44000.0 44000
1748127555554 44500.0 44500
1748127556053 45000.0 45000
1748127556523 45500.0 45500
1748127556987 46000.0 46000
1748127557465 46500.0 46500
1748127557963 47000.0 47000
1748127558425 47500.0 47500
1748127558909 48000.0 48000
1748127559375 48500.0 48500
1748127559838 49000.0 49000
1748127560297 49500.0 49500
1748127560795 50000.0 50000
1748127561276 50500.0 50500
1748127561749 51000.0 51000
1748127562221 51500.0 51500
1748127562705 52000.0 52000
1748127563205 52500.0 52500
1748127563688 53000.0 53000
1748127564169 53500.0 53500
1748127564644 54000.0 54000
1748127565111 54500.0 54500
1748127565576 55000.0 55000
1748127566030 55500.0 55500
1748127566515 56000.0 56000
1748127566976 56500.0 56500
1748127567448 57000.0 57000
1748127567916 57500.0 57500
1748127568381 58000.0 58000
1748127568844 58500.0 58500
1748127569303 59000.0 59000
1748127569765 59500.0 59500
1748127570218 60000.0 60000
1748127570683 60500.0 60500
1748127571169 61000.0 61000
1748127571677 61500.0 61500
1748127572160 62000.0 62000
1748127572626 62500.0 62500
1748127573083 63000.0 63000
1748127573541 63500.0 63500
1748127574004 64000.0 64000
1748127574469 64500.0 64500
1748127574932 65000.0 65000
1748127575385 65500.0 65500
1748127575841 66000.0 66000
1748127576312 66500.0 66500
1748127576779 67000.0 67000
1748127577257 67500.0 67500
1748127577719 68000.0 68000
1748127578176 68500.0 68500
1748127578633 69000.0 69000
1748127579097 69500.0 69500
1748127579558 70000.0 70000
1748127580014 70500.0 70500
1748127580477 71000.0 71000
1748127580933 71500.0 71500
1748127581399 72000.0 72000
1748127581881 72500.0 72500
1748127582339 73000.0 73000
1748127582854 73500.0 73500
1748127583313 74000.0 74000
1748127583771 74500.0 74500
1748127584242 75000.0 75000
1748127584714 75500.0 75500
1748127585197 76000.0 76000
1748127585662 76500.0 76500
1748127586130 77000.0 77000
1748127586607 77500.0 77500
1748127587083 78000.0 78000
1748127587546 78500.0 78500
1748127588006 79000.0 79000
1748127588499 79500.0 79500
1748127588957 80000.0 80000
1748127589415 80500.0 80500
1748127589876 81000.0 81000
1748127590340 81500.0 81500
1748127590871 82000.0 82000
1748127591348 82500.0 82500
1748127591837 83000.0 83000
1748127592294 83500.0 83500
1748127592755 84000.0 84000
1748127593209 84500.0 84500
1748127593661 85000.0 85000
1748127594119 85500.0 85500
1748127594588 86000.0 86000
1748127595040 86500.0 86500
1748127595502 87000.0 87000
1748127595956 87500.0 87500
1748127596415 88000.0 88000
1748127596875 88500.0 88500
1748127597339 89000.0 89000
1748127597807 89500.0 89500
1748127598289 90000.0 90000
1748127598776 90500.0 90500
1748127599251 91000.0 91000
1748127599713 91500.0 91500
1748127600187 92000.0 92000
1748127600653 92500.0 92500
1748127601113 93000.0 93000
1748127601574 93500.0 93500
1748127602039 94000.0 94000
1748127602535 94500.0 94500
1748127603024 95000.0 95000
1748127603501 95500.0 95500
1748127603959 96000.0 96000
1748127604437 96500.0 96500
1748127604925 97000.0 97000
1748127605389 97500.0 97500
1748127605850 98000.0 98000
1748127606316 98500.0 98500
1748127606777 99000.0 99000
1748127607237 99500.0 99500
1748127607688 100000.0 100000
1748127608154 100500.0 100500
1748127608620 101000.0 101000
1748127609089 101500.0 101500
1748127609553 102000.0 102000
1748127610021 102500.0 102500
1748127610483 103000.0 103000
1748127610946 103500.0 103500
1748127611437 104000.0 104000
1748127611911 104500.0 104500
1748127612398 105000.0 105000
1748127612884 105500.0 105500
1748127613355 106000.0 106000
1748127613818 106500.0 106500
1748127614317 107000.0 107000
1748127614814 107500.0 107500
1748127615336 108000.0 108000
1748127615812 108500.0 108500
1748127616277 109000.0 109000
1748127616745 109500.0 109500
1748127617203 110000.0 110000
1748127617661 110500.0 110500
1748127618121 111000.0 111000
1748127618579 111500.0 111500
1748127619038 112000.0 112000
1748127619497 112500.0 112500
1748127619966 113000.0 113000
1748127620435 113500.0 113500
1748127620902 114000.0 114000
1748127621368 114500.0 114500
1748127621828 115000.0 115000
1748127622284 115500.0 115500
1748127622801 116000.0 116000
1748127623262 116500.0 116500
1748127623724 117000.0 117000
1748127624196 117500.0 117500
1748127624655 118000.0 118000
1748127625121 118500.0 118500
1748127625578 119000.0 119000
1748127626035 119500.0 119500
1748127626494 120000.0 120000
1748127626952 120500.0 120500
1748127627412 121000.0 121000
1748127627871 121500.0 121500
1748127628336 122000.0 122000
1748127628793 122500.0 122500
1748127629254 123000.0 123000
1748127629744 123500.0 123500
1748127630227 124000.0 124000
1748127630692 124500.0 124500
1748127631159 125000.0 125000
1748127631628 125500.0 125500
1748127632091 126000.0 126000
1748127632556 126500.0 126500
1748127633029 127000.0 127000
1748127633526 127500.0 127500
1748127634013 128000.0 128000
1748127634482 128500.0 128500
1748127634952 129000.0 129000
1748127635411 129500.0 129500
1748127635874 130000.0 130000
1748127636349 130500.0 130500
1748127636821 131000.0 131000
1748127637341 131500.0 131500
1748127637818 132000.0 132000
1748127638284 132500.0 132500
1748127638747 133000.0 133000
1748127639245 133500.0 133500
1748127639704 134000.0 134000
1748127640158 134500.0 134500
1748127640617 135000.0 135000
1748127641081 135500.0 135500
1748127641544 136000.0 136000
1748127642017 136500.0 136500
1748127642478 137000.0 137000
1748127642937 137500.0 137500
1748127643397 138000.0 138000
1748127643858 138500.0 138500
1748127644327 139000.0 139000
1748127644792 139500.0 139500
1748127645249 140000.0 140000
1748127645715 140500.0 140500
1748127646181 141000.0 141000
1748127646640 141500.0 141500
1748127647098 142000.0 142000
1748127647562 142500.0 142500
1748127648032 143000.0 143000
1748127648498 143500.0 143500
1748127648970 144000.0 144000
1748127649486 144500.0 144500
1748127649948 145000.0 145000
1748127650411 145500.0 145500
1748127650876 146000.0 146000
1748127651349 146500.0 146500
1748127651810 147000.0 147000
1748127652272 147500.0 147500
1748127652740 148000.0 148000
1748127653202 148500.0 148500
1748127653673 149000.0 149000
1748127654139 149500.0 149500
1748127654608 150000.0 150000
1748127655088 150500.0 150500
1748127655545 151000.0 151000
1748127656000 151500.0 151500
1748127656456 152000.0 152000
1748127656915 152500.0 152500
1748127657383 153000.0 153000
1748127657853 153500.0 153500
1748127658357 154000.0 154000
1748127658851 154500.0 154500
1748127659313 155000.0 155000
1748127659781 155500.0 155500
1748127660251 156000.0 156000
1748127660713 156500.0 156500
1748127661182 157000.0 157000
1748127661655 157500.0 157500
1748127662123 158000.0 158000
1748127662591 158500.0 158500
1748127663077 159000.0 159000
1748127663562 159500.0 159500
1748127664021 160000.0 160000
1748127664486 160500.0 160500
1748127664947 161000.0 161000
1748127665407 161500.0 161500
1748127665865 162000.0 162000
1748127666329 162500.0 162500
1748127666812 163000.0 163000
1748127667319 163500.0 163500
1748127667793 164000.0 164000
1748127668257 164500.0 164500
1748127668740 165000.0 165000
1748127669209 165500.0 165500
1748127669676 166000.0 166000
1748127670138 166500.0 166500
1748127670596 167000.0 167000
1748127671089 167500.0 167500
1748127671662 168000.0 168000
1748127672137 168500.0 168500
1748127672606 169000.0 169000
1748127673065 169500.0 169500
1748127673532 170000.0 170000
1748127673990 170500.0 170500
1748127674478 171000.0 171000
1748127675002 171500.0 171500
1748127675476 172000.0 172000
1748127675949 172500.0 172500
1748127676422 173000.0 173000
1748127676899 173500.0 173500
1748127677404 174000.0 174000
1748127677900 174500.0 174500
1748127678368 175000.0 175000
1748127678830 175500.0 175500
1748127679292 176000.0 176000
1748127679756 176500.0 176500
1748127680212 177000.0 177000
1748127680678 177500.0 177500
1748127681141 178000.0 178000
1748127681617 178500.0 178500
1748127682114 179000.0 179000
1748127682604 179500.0 179500
1748127683082 180000.0 180000
1748127683554 180500.0 180500
1748127684018 181000.0 181000
1748127684479 181500.0 181500
1748127684941 182000.0 182000
1748127685410 182500.0 182500
1748127685878 183000.0 183000
1748127686338 183500.0 183500
1748127686803 184000.0 184000
1748127687274 184500.0 184500
1748127687764 185000.0 185000
1748127688245 185500.0 185500
1748127688731 186000.0 186000
1748127689227 186500.0 186500
1748127689717 187000.0 187000
1748127690196 187500.0 187500
1748127690661 188000.0 188000
1748127691124 188500.0 188500
1748127691589 189000.0 189000
1748127692052 189500.0 189500
1748127692518 190000.0 190000
1748127692984 190500.0 190500
1748127693454 191000.0 191000
1748127693942 191500.0 191500
1748127694413 192000.0 192000
1748127694876 192500.0 192500
1748127695335 193000.0 193000
1748127695794 193500.0 193500
1748127696256 194000.0 194000
1748127696719 194500.0 194500
1748127697180 195000.0 195000
1748127697647 195500.0 195500
1748127698106 196000.0 196000
1748127698562 196500.0 196500
1748127699020 197000.0 197000
1748127699482 197500.0 197500
1748127699937 198000.0 198000
1748127700395 198500.0 198500
1748127700852 199000.0 199000
1748127701314 199500.0 199500
1748127701766 200000.0 200000
1748127702220 200500.0 200500
1748127702680 201000.0 201000
1748127703140 201500.0 201500
1748127703599 202000.0 202000
1748127704063 202500.0 202500
1748127704521 203000.0 203000
1748127704980 203500.0 203500
1748127705438 204000.0 204000
1748127705897 204500.0 204500
1748127706356 205000.0 205000
1748127706819 205500.0 205500
1748127707278 206000.0 206000
1748127707736 206500.0 206500
1748127708199 207000.0 207000
1748127708663 207500.0 207500
1748127709120 208000.0 208000
1748127709581 208500.0 208500
1748127710040 209000.0 209000
1748127710504 209500.0 209500
1748127710970 210000.0 210000
1748127711492 210500.0 210500
1748127712016 211000.0 211000
1748127712535 211500.0 211500
1748127713000 212000.0 212000
1748127713458 212500.0 212500
1748127713918 213000.0 213000
1748127714378 213500.0 213500
1748127714833 214000.0 214000
1748127715293 214500.0 214500
1748127715758 215000.0 215000
1748127716217 215500.0 215500
1748127716674 216000.0 216000
1748127717131 216500.0 216500
1748127717599 217000.0 217000
1748127718069 217500.0 217500
1748127718524 218000.0 218000
1748127718989 218500.0 218500
1748127719443 219000.0 219000
1748127719904 219500.0 219500
1748127720366 220000.0 220000
1748127720827 220500.0 220500
1748127721293 221000.0 221000
1748127721755 221500.0 221500
1748127722223 222000.0 222000
1748127722687 222500.0 222500
1748127723144 223000.0 223000
1748127723601 223500.0 223500
1748127724063 224000.0 224000
1748127724554 224500.0 224500
1748127725015 225000.0 225000
1748127725474 225500.0 225500
1748127725935 226000.0 226000
1748127726405 226500.0 226500
1748127726871 227000.0 227000
1748127727333 227500.0 227500
1748127727794 228000.0 228000
1748127728252 228500.0 228500
1748127728708 229000.0 229000
1748127729168 229500.0 229500
1748127729631 230000.0 230000
1748127730088 230500.0 230500
1748127730545 231000.0 231000
1748127731000 231500.0 231500
1748127731461 232000.0 232000
1748127731927 232500.0 232500
1748127732391 233000.0 233000
1748127732851 233500.0 233500
1748127733310 234000.0 234000
1748127733779 234500.0 234500
1748127734249 235000.0 235000
1748127734711 235500.0 235500
1748127735175 236000.0 236000
1748127735631 236500.0 236500
1748127736099 237000.0 237000
1748127736562 237500.0 237500
1748127737053 238000.0 238000
1748127737567 238500.0 238500
1748127738034 239000.0 239000
1748127738516 239500.0 239500
1748127738987 240000.0 240000
1748127739467 240500.0 240500
1748127739931 241000.0 241000
1748127740398 241500.0 241500
1748127740876 242000.0 242000
1748127741345 242500.0 242500
1748127741812 243000.0 243000
1748127742272 243500.0 243500
1748127742745 244000.0 244000
1748127743207 244500.0 244500
1748127743684 245000.0 245000
1748127744147 245500.0 245500
1748127744620 246000.0 246000
1748127745094 246500.0 246500
1748127745572 247000.0 247000
1748127746051 247500.0 247500
1748127746515 248000.0 248000
1748127746991 248500.0 248500
1748127747455 249000.0 249000
1748127747911 249500.0 249500
1748127748386 250000.0 250000
1748127748854 250500.0 250500
1748127749328 251000.0 251000
1748127749790 251500.0 251500
1748127750269 252000.0 252000
1748127750741 252500.0 252500
1748127751200 253000.0 253000
1748127751655 253500.0 253500
1748127752120 254000.0 254000
1748127752578 254500.0 254500
1748127753046 255000.0 255000
1748127753503 255500.0 255500
1748127753959 256000.0 256000
1748127754418 256500.0 256500
1748127754901 257000.0 257000
1748127755369 257500.0 257500
1748127755879 258000.0 258000
1748127756343 258500.0 258500
1748127756806 259000.0 259000
1748127757267 259500.0 259500
1748127757727 260000.0 260000
1748127758187 260500.0 260500
1748127758647 261000.0 261000
1748127759111 261500.0 261500
1748127759576 262000.0 262000
1748127760033 262500.0 262500
1748127760494 263000.0 263000
1748127760954 263500.0 263500
1748127761416 264000.0 264000
1748127761881 264500.0 264500
1748127762348 265000.0 265000
1748127762811 265500.0 265500
1748127763329 266000.0 266000
1748127763791 266500.0 266500
1748127764280 267000.0 267000
1748127764862 267500.0 267500
1748127765393 268000.0 268000
1748127765881 268500.0 268500
1748127766393 269000.0 269000
1748127766953 269500.0 269500
1748127767445 270000.0 270000
1748127767955 270500.0 270500
1748127768460 271000.0 271000
1748127768968 271500.0 271500
1748127769475 272000.0 272000
1748127769969 272500.0 272500
1748127770458 273000.0 273000
1748127770943 273500.0 273500
1748127771413 274000.0 274000
1748127771890 274500.0 274500
1748127772360 275000.0 275000
1748127772910 275500.0 275500
1748127773377 276000.0 276000
1748127773840 276500.0 276500
1748127774301 277000.0 277000
1748127774763 277500.0 277500
1748127775257 278000.0 278000
1748127775726 278500.0 278500
1748127776190 279000.0 279000
1748127776652 279500.0 279500
1748127777113 280000.0 280000
1748127777579 280500.0 280500
1748127778055 281000.0 281000
1748127778515 281500.0 281500
1748127778974 282000.0 282000
1748127779431 282500.0 282500
1748127779890 283000.0 283000
1748127780356 283500.0 283500
1748127780850 284000.0 284000
1748127781319 284500.0 284500
1748127781829 285000.0 285000
1748127782310 285500.0 285500
1748127782777 286000.0 286000
1748127783233 286500.0 286500
1748127783689 287000.0 287000
1748127784143 287500.0 287500
1748127784609 288000.0 288000
1748127785077 288500.0 288500
1748127785537 289000.0 289000
1748127786002 289500.0 289500
1748127786465 290000.0 290000
1748127786925 290500.0 290500
1748127787389 291000.0 291000
1748127787845 291500.0 291500
1748127788309 292000.0 292000
1748127788770 292500.0 292500
1748127789236 293000.0 293000
1748127789702 293500.0 293500
1748127790160 294000.0 294000
1748127790619 294500.0 294500
1748127791118 295000.0 295000
1748127791595 295500.0 295500
1748127792072 296000.0 296000
1748127792532 296500.0 296500
1748127792989 297000.0 297000
1748127793455 297500.0 297500
1748127793916 298000.0 298000
1748127794391 298500.0 298500
1748127794853 299000.0 299000
1748127795315 299500.0 299500
1748127795773 300000.0 300000
1748127796234 300500.0 300500
1748127796699 301000.0 301000
1748127797157 301500.0 301500
1748127797644 302000.0 302000
1748127798101 302500.0 302500
1748127798567 303000.0 303000
1748127799027 303500.0 303500
1748127799489 304000.0 304000
1748127799967 304500.0 304500
1748127800445 305000.0 305000
1748127801041 305500.0 305500
1748127801583 306000.0 306000
1748127802073 306500.0 306500
1748127802561 307000.0 307000
1748127803036 307500.0 307500
1748127803500 308000.0 308000
1748127803960 308500.0 308500
1748127804418 309000.0 309000
1748127804877 309500.0 309500
1748127805348 310000.0 310000
1748127805812 310500.0 310500
1748127806307 311000.0 311000
1748127806812 311500.0 311500
1748127807324 312000.0 312000
1748127807807 312500.0 312500
1748127808274 313000.0 313000
1748127808780 313500.0 313500
1748127809281 314000.0 314000
1748127809808 314500.0 314500
1748127810286 315000.0 315000
1748127810776 315500.0 315500
1748127811255 316000.0 316000
1748127811714 316500.0 316500
1748127812178 317000.0 317000
1748127812642 317500.0 317500
1748127813100 318000.0 318000
1748127813566 318500.0 318500
1748127814051 319000.0 319000
1748127814571 319500.0 319500
1748127815040 320000.0 320000
1748127815518 320500.0 320500
1748127815982 321000.0 321000
1748127816449 321500.0 321500
1748127816962 322000.0 322000
1748127817448 322500.0 322500
1748127817935 323000.0 323000
1748127818416 323500.0 323500
1748127818889 324000.0 324000
1748127819395 324500.0 324500
1748127819892 325000.0 325000
1748127820360 325500.0 325500
