1748127514163 500.0 500
1748127514628 500.0 1000
1748127515098 500.0 1500
1748127515565 500.0 2000
1748127516037 500.0 2500
1748127516499 500.0 3000
1748127516965 500.0 3500
1748127517479 500.0 4000
1748127517958 500.0 4500
1748127518432 500.0 5000
1748127518920 500.0 5500
1748127519381 500.0 6000
1748127519839 500.0 6500
1748127520334 500.0 7000
1748127520805 500.0 7500
1748127521277 500.0 8000
1748127522209 500.0 9000
1748127522677 500.0 9500
1748127523142 500.0 10000
1748127523603 500.0 10500
1748127524076 500.0 11000
1748127524552 500.0 11500
1748127525018 500.0 12000
1748127525476 500.0 12500
1748127525950 500.0 13000
1748127526416 500.0 13500
1748127526887 500.0 14000
1748127527353 500.0 14500
1748127527816 500.0 15000
1748127528319 500.0 15500
1748127528785 500.0 16000
1748127529241 500.0 16500
1748127529717 500.0 17000
1748127530180 500.0 17500
1748127530649 500.0 18000
1748127531124 500.0 18500
1748127531593 500.0 19000
1748127532057 500.0 19500
1748127532523 500.0 20000
1748127532993 500.0 20500
1748127533460 500.0 21000
1748127533918 500.0 21500
1748127534387 500.0 22000
1748127534858 500.0 22500
1748127535314 500.0 23000
1748127535776 500.0 23500
1748127536235 500.0 24000
1748127536691 500.0 24500
1748127537149 500.0 25000
1748127537615 500.0 25500
1748127538078 500.0 26000
1748127538539 500.0 26500
1748127539000 500.0 27000
1748127539456 500.0 27500
1748127539915 500.0 28000
1748127540374 500.0 28500
1748127540831 500.0 29000
1748127541370 500.0 29500
1748127541832 500.0 30000
1748127542318 500.0 30500
1748127542826 500.0 31000
1748127543323 500.0 31500
1748127543788 500.0 32000
1748127544258 500.0 32500
1748127544725 500.0 33000
1748127545190 500.0 33500
1748127545649 500.0 34000
1748127546130 500.0 34500
1748127546590 500.0 35000
1748127547052 500.0 35500
1748127547516 500.0 36000
1748127547986 500.0 36500
1748127548450 500.0 37000
1748127548905 500.0 37500
1748127549379 500.0 38000
1748127549850 500.0 38500
1748127550309 500.0 39000
1748127550777 500.0 39500
1748127551242 500.0 40000
1748127551724 500.0 40500
1748127552207 500.0 41000
1748127552700 500.0 41500
1748127553165 500.0 42000
1748127553631 500.0 42500
1748127554123 500.0 43000
1748127554605 500.0 43500
1748127555081 500.0 44000
1748127555554 500.0 44500
1748127556053 500.0 45000
1748127556522 500.0 45500
1748127556987 500.0 46000
1748127557464 500.0 46500
1748127557962 500.0 47000
1748127558425 500.0 47500
1748127558909 500.0 48000
1748127559375 500.0 48500
1748127559838 500.0 49000
1748127560297 500.0 49500
1748127560795 500.0 50000
1748127561275 500.0 50500
1748127562221 500.0 51500
1748127562705 500.0 52000
1748127563204 500.0 52500
1748127563687 500.0 53000
1748127564169 500.0 53500
1748127564644 500.0 54000
1748127565111 500.0 54500
1748127565575 500.0 55000
1748127566030 500.0 55500
1748127566514 500.0 56000
1748127566975 500.0 56500
1748127567448 500.0 57000
1748127567916 500.0 57500
1748127568381 500.0 58000
1748127568843 500.0 58500
1748127569302 500.0 59000
1748127569764 500.0 59500
1748127570218 500.0 60000
1748127570683 500.0 60500
1748127571169 500.0 61000
1748127571677 500.0 61500
1748127572160 500.0 62000
1748127572626 500.0 62500
1748127573082 500.0 63000
1748127573541 500.0 63500
1748127574004 500.0 64000
1748127574469 500.0 64500
1748127574931 500.0 65000
1748127575384 500.0 65500
1748127575841 500.0 66000
1748127576312 500.0 66500
1748127576778 500.0 67000
1748127577257 500.0 67500
1748127577719 500.0 68000
1748127578176 500.0 68500
1748127579096 500.0 69500
1748127579558 500.0 70000
1748127580014 500.0 70500
1748127580477 500.0 71000
1748127580932 500.0 71500
1748127581398 500.0 72000
1748127581881 500.0 72500
1748127582339 500.0 73000
1748127582854 500.0 73500
1748127583312 500.0 74000
1748127583771 500.0 74500
1748127584242 500.0 75000
1748127584714 500.0 75500
1748127585197 500.0 76000
1748127585661 500.0 76500
1748127586130 500.0 77000
1748127586606 500.0 77500
1748127587083 500.0 78000
1748127587546 500.0 78500
1748127588006 500.0 79000
1748127588499 500.0 79500
1748127588957 500.0 80000
1748127589414 500.0 80500
1748127589875 500.0 81000
1748127590340 500.0 81500
1748127590871 500.0 82000
1748127591347 500.0 82500
1748127591837 500.0 83000
1748127592293 500.0 83500
1748127592754 500.0 84000
1748127593208 500.0 84500
1748127593660 500.0 85000
1748127594119 500.0 85500
1748127594588 500.0 86000
1748127595040 500.0 86500
1748127595502 500.0 87000
1748127595956 500.0 87500
1748127596414 500.0 88000
1748127596874 500.0 88500
1748127597339 500.0 89000
1748127597807 500.0 89500
1748127598289 500.0 90000
1748127598776 500.0 90500
1748127599250 500.0 91000
1748127599713 500.0 91500
1748127600187 500.0 92000
1748127600653 500.0 92500
1748127601113 500.0 93000
1748127601573 500.0 93500
1748127602039 500.0 94000
1748127602534 500.0 94500
1748127603024 500.0 95000
1748127603501 500.0 95500
1748127603959 500.0 96000
1748127604437 500.0 96500
1748127604925 500.0 97000
1748127605389 500.0 97500
1748127605850 500.0 98000
1748127606316 500.0 98500
1748127606777 500.0 99000
1748127607237 500.0 99500
1748127607688 500.0 100000
1748127608154 500.0 100500
1748127608619 500.0 101000
1748127609088 500.0 101500
1748127609553 500.0 102000
1748127610021 500.0 102500
1748127610483 500.0 103000
1748127610945 500.0 103500
1748127611436 500.0 104000
1748127611911 500.0 104500
1748127612398 500.0 105000
1748127612883 500.0 105500
1748127613355 500.0 106000
1748127613818 500.0 106500
1748127614317 500.0 107000
1748127614814 500.0 107500
1748127615336 500.0 108000
1748127615812 500.0 108500
1748127616277 500.0 109000
1748127616745 500.0 109500
1748127617203 500.0 110000
1748127617661 500.0 110500
1748127618120 500.0 111000
1748127618579 500.0 111500
1748127619038 500.0 112000
1748127619496 500.0 112500
1748127619965 500.0 113000
1748127620435 500.0 113500
1748127620902 500.0 114000
1748127621367 500.0 114500
1748127621827 500.0 115000
1748127622284 500.0 115500
1748127622801 500.0 116000
1748127623261 500.0 116500
1748127623724 500.0 117000
1748127624196 500.0 117500
1748127624655 500.0 118000
1748127625121 500.0 118500
1748127625577 500.0 119000
1748127626035 500.0 119500
1748127626493 500.0 120000
1748127626952 500.0 120500
1748127627412 500.0 121000
1748127627871 500.0 121500
1748127628335 500.0 122000
1748127628792 500.0 122500
1748127629254 500.0 123000
1748127629743 500.0 123500
1748127630226 500.0 124000
1748127630692 500.0 124500
1748127631159 500.0 125000
1748127631628 500.0 125500
1748127632090 500.0 126000
1748127632556 500.0 126500
1748127633029 500.0 127000
1748127633526 500.0 127500
1748127634013 500.0 128000
1748127634482 500.0 128500
1748127634952 500.0 129000
1748127635411 500.0 129500
1748127635874 500.0 130000
1748127636349 500.0 130500
1748127636821 500.0 131000
1748127637341 500.0 131500
1748127637818 500.0 132000
1748127638283 500.0 132500
1748127638747 500.0 133000
1748127639244 500.0 133500
1748127639703 500.0 134000
1748127640157 500.0 134500
1748127640616 500.0 135000
1748127641081 500.0 135500
1748127641544 500.0 136000
1748127642017 500.0 136500
1748127642478 500.0 137000
1748127642936 500.0 137500
1748127643396 500.0 138000
1748127643857 500.0 138500
1748127644326 500.0 139000
1748127644791 500.0 139500
1748127645249 500.0 140000
1748127645715 500.0 140500
1748127646180 500.0 141000
1748127646640 500.0 141500
1748127647098 500.0 142000
1748127647562 500.0 142500
1748127648032 500.0 143000
1748127648497 500.0 143500
1748127648969 500.0 144000
1748127649486 500.0 144500
1748127649948 500.0 145000
1748127650410 500.0 145500
1748127650875 500.0 146000
1748127651348 500.0 146500
1748127651810 500.0 147000
1748127652272 500.0 147500
1748127652739 500.0 148000
1748127653202 500.0 148500
1748127653672 500.0 149000
1748127654139 500.0 149500
1748127654608 500.0 150000
1748127655088 500.0 150500
1748127655544 500.0 151000
1748127655999 500.0 151500
1748127656456 500.0 152000
1748127656914 500.0 152500
1748127657382 500.0 153000
1748127657853 500.0 153500
1748127658357 500.0 154000
1748127658851 500.0 154500
1748127659313 500.0 155000
1748127659781 500.0 155500
1748127660250 500.0 156000
1748127660713 500.0 156500
1748127661182 500.0 157000
1748127661655 500.0 157500
1748127662122 500.0 158000
1748127662591 500.0 158500
1748127663076 500.0 159000
1748127663561 500.0 159500
1748127664020 500.0 160000
1748127664485 500.0 160500
1748127664947 500.0 161000
1748127665406 500.0 161500
1748127665865 500.0 162000
1748127666328 500.0 162500
1748127666812 500.0 163000
1748127667318 500.0 163500
1748127667792 500.0 164000
1748127668257 500.0 164500
1748127668740 500.0 165000
1748127669208 500.0 165500
1748127669676 500.0 166000
1748127670137 500.0 166500
1748127670596 500.0 167000
1748127671088 500.0 167500
1748127671661 500.0 168000
1748127672136 500.0 168500
1748127672605 500.0 169000
1748127673065 500.0 169500
1748127673532 500.0 170000
1748127673990 500.0 170500
1748127674478 500.0 171000
1748127675001 500.0 171500
1748127675476 500.0 172000
1748127675948 500.0 172500
1748127676421 500.0 173000
1748127676899 500.0 173500
1748127677404 500.0 174000
1748127677899 500.0 174500
1748127678367 500.0 175000
1748127678830 500.0 175500
1748127679291 500.0 176000
1748127679756 500.0 176500
1748127680212 500.0 177000
1748127680678 500.0 177500
1748127681140 500.0 178000
1748127681616 500.0 178500
1748127682114 500.0 179000
1748127682603 500.0 179500
1748127683081 500.0 180000
1748127683553 500.0 180500
1748127684017 500.0 181000
1748127684478 500.0 181500
1748127684940 500.0 182000
1748127685409 500.0 182500
1748127685878 500.0 183000
1748127686338 500.0 183500
1748127686803 500.0 184000
1748127687274 500.0 184500
1748127687764 500.0 185000
1748127688244 500.0 185500
1748127688731 500.0 186000
1748127689227 500.0 186500
1748127689717 500.0 187000
1748127690195 500.0 187500
1748127690661 500.0 188000
1748127691123 500.0 188500
1748127691589 500.0 189000
1748127692517 500.0 190000
1748127692984 500.0 190500
1748127693454 500.0 191000
1748127693941 500.0 191500
1748127694412 500.0 192000
1748127694876 500.0 192500
1748127695335 500.0 193000
1748127695794 500.0 193500
1748127696256 500.0 194000
1748127696719 500.0 194500
1748127697180 500.0 195000
1748127697646 500.0 195500
1748127698105 500.0 196000
1748127698561 500.0 196500
1748127699020 500.0 197000
1748127699482 500.0 197500
1748127699937 500.0 198000
1748127700394 500.0 198500
1748127700852 500.0 199000
1748127701314 500.0 199500
1748127701766 500.0 200000
1748127702220 500.0 200500
1748127702680 500.0 201000
1748127703140 500.0 201500
1748127703599 500.0 202000
1748127704063 500.0 202500
1748127704520 500.0 203000
1748127704980 500.0 203500
1748127705438 500.0 204000
1748127705897 500.0 204500
1748127706356 500.0 205000
1748127706819 500.0 205500
1748127707278 500.0 206000
1748127707735 500.0 206500
1748127708199 500.0 207000
1748127708663 500.0 207500
1748127709119 500.0 208000
1748127709580 500.0 208500
1748127710040 500.0 209000
1748127710504 500.0 209500
1748127710970 500.0 210000
1748127711491 500.0 210500
1748127712015 500.0 211000
1748127712535 500.0 211500
1748127713000 500.0 212000
1748127713457 500.0 212500
1748127713918 500.0 213000
1748127714378 500.0 213500
1748127714833 500.0 214000
1748127715293 500.0 214500
1748127715757 500.0 215000
1748127716217 500.0 215500
1748127716673 500.0 216000
1748127717131 500.0 216500
1748127717598 500.0 217000
1748127718068 500.0 217500
1748127718524 500.0 218000
1748127718988 500.0 218500
1748127719443 500.0 219000
1748127719903 500.0 219500
1748127720366 500.0 220000
1748127720827 500.0 220500
1748127721292 500.0 221000
1748127721755 500.0 221500
1748127722223 500.0 222000
1748127722687 500.0 222500
1748127723143 500.0 223000
1748127723601 500.0 223500
1748127724062 500.0 224000
1748127724553 500.0 224500
1748127725014 500.0 225000
1748127725474 500.0 225500
1748127725934 500.0 226000
1748127726404 500.0 226500
1748127726870 500.0 227000
1748127727332 500.0 227500
1748127727794 500.0 228000
1748127728252 500.0 228500
1748127728708 500.0 229000
1748127729168 500.0 229500
1748127729631 500.0 230000
1748127730088 500.0 230500
1748127730545 500.0 231000
1748127731000 500.0 231500
1748127731460 500.0 232000
1748127731927 500.0 232500
1748127732391 500.0 233000
1748127732850 500.0 233500
1748127733310 500.0 234000
1748127733779 500.0 234500
1748127734249 500.0 235000
1748127734711 500.0 235500
1748127735175 500.0 236000
1748127735631 500.0 236500
1748127736098 500.0 237000
1748127736561 500.0 237500
1748127737053 500.0 238000
1748127738034 500.0 239000
1748127738515 500.0 239500
1748127738987 500.0 240000
1748127739466 500.0 240500
1748127739931 500.0 241000
1748127740398 500.0 241500
1748127740875 500.0 242000
1748127741345 500.0 242500
1748127741812 500.0 243000
1748127742272 500.0 243500
1748127742744 500.0 244000
1748127743207 500.0 244500
1748127743683 500.0 245000
1748127744147 500.0 245500
1748127744619 500.0 246000
1748127745094 500.0 246500
1748127745572 500.0 247000
1748127746051 500.0 247500
1748127746515 500.0 248000
1748127746991 500.0 248500
1748127747454 500.0 249000
1748127747910 500.0 249500
1748127748386 500.0 250000
1748127748854 500.0 250500
1748127749328 500.0 251000
1748127749790 500.0 251500
1748127750268 500.0 252000
1748127750740 500.0 252500
1748127751199 500.0 253000
1748127751655 500.0 253500
1748127752120 500.0 254000
1748127752577 500.0 254500
1748127753045 500.0 255000
1748127753503 500.0 255500
1748127753959 500.0 256000
1748127754418 500.0 256500
1748127754900 500.0 257000
1748127755368 500.0 257500
1748127755878 500.0 258000
1748127756342 500.0 258500
1748127756806 500.0 259000
1748127757266 500.0 259500
1748127757727 500.0 260000
1748127758187 500.0 260500
1748127758646 500.0 261000
1748127759111 500.0 261500
1748127759575 500.0 262000
1748127760032 500.0 262500
1748127760494 500.0 263000
1748127760953 500.0 263500
1748127761416 500.0 264000
1748127761880 500.0 264500
1748127762348 500.0 265000
1748127762810 500.0 265500
1748127763329 500.0 266000
1748127763791 500.0 266500
1748127764280 500.0 267000
1748127764861 500.0 267500
1748127765393 500.0 268000
1748127765881 500.0 268500
1748127766392 500.0 269000
1748127766952 500.0 269500
1748127767444 500.0 270000
1748127767954 500.0 270500
1748127768460 500.0 271000
1748127768967 500.0 271500
1748127769475 500.0 272000
1748127769969 500.0 272500
1748127770457 500.0 273000
1748127770943 500.0 273500
1748127771413 500.0 274000
1748127771890 500.0 274500
1748127772360 500.0 275000
1748127772910 500.0 275500
1748127773377 500.0 276000
1748127773840 500.0 276500
1748127774300 500.0 277000
1748127774762 500.0 277500
1748127775257 500.0 278000
1748127775726 500.0 278500
1748127776189 500.0 279000
1748127776651 500.0 279500
1748127777112 500.0 280000
1748127777579 500.0 280500
1748127778054 500.0 281000
1748127778514 500.0 281500
1748127778973 500.0 282000
1748127779431 500.0 282500
1748127779889 500.0 283000
1748127780355 500.0 283500
1748127780850 500.0 284000
1748127781319 500.0 284500
1748127781829 500.0 285000
1748127782310 500.0 285500
1748127782777 500.0 286000
1748127783233 500.0 286500
1748127783688 500.0 287000
1748127784143 500.0 287500
1748127784609 500.0 288000
1748127785077 500.0 288500
1748127785536 500.0 289000
1748127786001 500.0 289500
1748127786465 500.0 290000
1748127786925 500.0 290500
1748127787388 500.0 291000
1748127787845 500.0 291500
1748127788308 500.0 292000
1748127788769 500.0 292500
1748127789236 500.0 293000
1748127789702 500.0 293500
1748127790159 500.0 294000
1748127790619 500.0 294500
1748127791118 500.0 295000
1748127791595 500.0 295500
1748127792071 500.0 296000
1748127792531 500.0 296500
1748127792989 500.0 297000
1748127793455 500.0 297500
1748127793916 500.0 298000
1748127794391 500.0 298500
1748127794852 500.0 299000
1748127795314 500.0 299500
1748127795772 500.0 300000
1748127796233 500.0 300500
1748127796698 500.0 301000
1748127797157 500.0 301500
1748127797644 500.0 302000
1748127798100 500.0 302500
1748127798567 500.0 303000
1748127799026 500.0 303500
1748127799489 500.0 304000
1748127799967 500.0 304500
1748127800445 500.0 305000
1748127801040 500.0 305500
1748127801582 500.0 306000
1748127802072 500.0 306500
1748127802561 500.0 307000
1748127803035 500.0 307500
1748127803500 500.0 308000
1748127804418 500.0 309000
1748127804876 500.0 309500
1748127805347 500.0 310000
1748127805812 500.0 310500
1748127806306 500.0 311000
1748127806812 500.0 311500
1748127807324 500.0 312000
1748127807807 500.0 312500
1748127808273 500.0 313000
1748127808779 500.0 313500
1748127809280 500.0 314000
1748127809807 500.0 314500
1748127810286 500.0 315000
1748127810776 500.0 315500
1748127811255 500.0 316000
1748127811714 500.0 316500
1748127812178 500.0 317000
1748127812642 500.0 317500
1748127813100 500.0 318000
1748127813566 500.0 318500
1748127814051 500.0 319000
1748127814570 500.0 319500
1748127815040 500.0 320000
1748127815518 500.0 320500
1748127815981 500.0 321000
1748127816448 500.0 321500
1748127816962 500.0 322000
1748127817448 500.0 322500
1748127817934 500.0 323000
1748127818415 500.0 323500
1748127818888 500.0 324000
1748127819394 500.0 324500
1748127819892 500.0 325000
1748127820359 500.0 325500
