1748127514165 10.0 500
1748127514629 1.0 1000
1748127515099 1.0 1500
1748127515566 5.0 2000
1748127516038 3.0 2500
1748127516500 2.0 3000
1748127516967 2.0 3500
1748127517480 2.0 4000
1748127517960 2.0 4500
1748127518433 4.0 5000
1748127518921 2.0 5500
1748127519382 1.0 6000
1748127519840 7.0 6500
1748127520335 1.0 7000
1748127520806 2.0 7500
1748127521278 1.0 8000
1748127522210 2.0 9000
1748127522679 2.0 9500
1748127523143 4.0 10000
1748127523605 12.0 10500
1748127524077 1.0 11000
1748127524553 9.0 11500
1748127525019 3.0 12000
1748127525477 1.0 12500
1748127525952 19.0 13000
1748127526417 3.0 13500
1748127526888 23.0 14000
1748127527355 3.0 14500
1748127527818 37.0 15000
1748127528321 227.0 15500
1748127528786 210.0 16000
1748127529242 9.0 16500
1748127529718 138.0 17000
1748127530181 1.0 17500
1748127530650 1.0 18000
1748127531125 1.0 18500
1748127531595 15.0 19000
1748127532058 3.0 19500
1748127532525 29.0 20000
1748127532994 1.0 20500
1748127533461 3.0 21000
1748127533920 4.0 21500
1748127534388 48.0 22000
1748127534859 18.0 22500
1748127535315 9.0 23000
1748127535777 14.0 23500
1748127536236 40.0 24000
1748127536692 72.0 24500
1748127537151 43.0 25000
1748127537616 27.0 25500
1748127538080 46.0 26000
1748127538541 20.0 26500
1748127539002 64.0 27000
1748127539458 85.0 27500
1748127539917 118.0 28000
1748127540376 74.0 28500
1748127540833 60.0 29000
1748127541371 70.0 29500
1748127541834 77.0 30000
1748127542319 33.0 30500
1748127542827 1.0 31000
1748127543324 33.0 31500
1748127543790 30.0 32000
1748127544259 56.0 32500
1748127544726 59.0 33000
1748127545191 69.0 33500
1748127545650 47.0 34000
1748127546132 39.0 34500
1748127546591 56.0 35000
1748127547053 119.0 35500
1748127547518 121.0 36000
1748127547987 106.0 36500
1748127548451 100.0 37000
1748127548906 120.0 37500
1748127549380 162.0 38000
1748127549852 188.0 38500
1748127550311 136.0 39000
1748127550779 203.0 39500
1748127551243 152.0 40000
1748127551726 144.0 40500
1748127552209 170.0 41000
1748127552702 189.0 41500
1748127553166 23.0 42000
1748127553632 29.0 42500
1748127554124 8.0 43000
1748127554606 13.0 43500
1748127555083 1.0 44000
1748127555555 1.0 44500
1748127556054 3.0 45000
1748127556524 9.0 45500
1748127556988 1.0 46000
1748127557466 7.0 46500
1748127557964 112.0 47000
1748127558426 132.0 47500
1748127558910 190.0 48000
1748127559376 205.0 48500
1748127559839 273.0 49000
1748127560298 130.0 49500
1748127560796 48.0 50000
1748127561277 1.0 50500
1748127562222 15.0 51500
1748127562706 7.0 52000
1748127563206 1.0 52500
1748127563691 7.0 53000
1748127564170 1.0 53500
1748127564645 3.0 54000
1748127565112 3.0 54500
1748127565577 11.0 55000
1748127566031 11.0 55500
1748127566516 3.0 56000
1748127566977 1.0 56500
1748127567449 13.0 57000
1748127567917 1.0 57500
1748127568382 1.0 58000
1748127568845 13.0 58500
1748127569304 1.0 59000
1748127569766 1.0 59500
1748127570219 5.0 60000
1748127570684 1.0 60500
1748127571170 1.0 61000
1748127571678 7.0 61500
1748127572161 1.0 62000
1748127572627 7.0 62500
1748127573084 1.0 63000
1748127573542 1.0 63500
1748127574005 9.0 64000
1748127574470 9.0 64500
1748127574933 15.0 65000
1748127575386 7.0 65500
1748127575842 13.0 66000
1748127576313 1.0 66500
1748127576780 1.0 67000
1748127577258 1.0 67500
1748127577720 1.0 68000
1748127578177 1.0 68500
1748127579098 1.0 69500
1748127579559 3.0 70000
1748127580015 1.0 70500
1748127580478 15.0 71000
1748127580934 13.0 71500
1748127581399 7.0 72000
1748127581882 13.0 72500
1748127582340 1.0 73000
1748127582855 1.0 73500
1748127583314 11.0 74000
1748127583772 1.0 74500
1748127584243 1.0 75000
1748127584715 15.0 75500
1748127585198 1.0 76000
1748127585663 1.0 76500
1748127586131 1.0 77000
1748127586608 9.0 77500
1748127587084 9.0 78000
1748127587547 7.0 78500
1748127588007 13.0 79000
1748127588500 1.0 79500
1748127588958 9.0 80000
1748127589416 1.0 80500
1748127589877 1.0 81000
1748127590341 5.0 81500
1748127590872 1.0 82000
1748127591349 5.0 82500
1748127591839 7.0 83000
1748127592295 11.0 83500
1748127592756 13.0 84000
1748127593210 5.0 84500
1748127593662 13.0 85000
1748127594120 15.0 85500
1748127594589 5.0 86000
1748127595041 1.0 86500
1748127595503 1.0 87000
1748127595957 11.0 87500
1748127596416 5.0 88000
1748127596876 15.0 88500
1748127597340 15.0 89000
1748127597808 1.0 89500
1748127598290 11.0 90000
1748127598777 1.0 90500
1748127599252 1.0 91000
1748127599714 1.0 91500
1748127600188 1.0 92000
1748127600654 17.0 92500
1748127601114 1.0 93000
1748127601575 3.0 93500
1748127602040 15.0 94000
1748127602536 1.0 94500
1748127603025 5.0 95000
1748127603502 3.0 95500
1748127603960 13.0 96000
1748127604438 3.0 96500
1748127604926 1.0 97000
1748127605390 1.0 97500
1748127605851 5.0 98000
1748127606317 1.0 98500
1748127606778 1.0 99000
1748127607238 1.0 99500
1748127607689 7.0 100000
1748127608156 1.0 100500
1748127608621 15.0 101000
1748127609090 7.0 101500
1748127609554 1.0 102000
1748127610022 13.0 102500
1748127610485 1.0 103000
1748127610947 1.0 103500
1748127611438 13.0 104000
1748127611912 1.0 104500
1748127612399 3.0 105000
1748127612885 1.0 105500
1748127613356 1.0 106000
1748127613819 5.0 106500
1748127614318 7.0 107000
1748127614815 7.0 107500
1748127615337 15.0 108000
1748127615813 7.0 108500
1748127616278 7.0 109000
1748127616746 13.0 109500
1748127617204 1.0 110000
1748127617662 7.0 110500
1748127618122 15.0 111000
1748127618580 1.0 111500
1748127619039 3.0 112000
1748127619498 9.0 112500
1748127619967 1.0 113000
1748127620436 9.0 113500
1748127620903 1.0 114000
1748127621369 1.0 114500
1748127621829 1.0 115000
1748127622286 1.0 115500
1748127622802 1.0 116000
1748127623263 5.0 116500
1748127623725 13.0 117000
1748127624197 1.0 117500
1748127624656 1.0 118000
1748127625122 1.0 118500
1748127625579 1.0 119000
1748127626036 1.0 119500
1748127626495 9.0 120000
1748127626953 1.0 120500
1748127627413 9.0 121000
1748127627872 1.0 121500
1748127628337 1.0 122000
1748127628794 13.0 122500
1748127629255 1.0 123000
1748127629745 1.0 123500
1748127630228 11.0 124000
1748127630693 5.0 124500
1748127631160 1.0 125000
1748127631629 11.0 125500
1748127632092 11.0 126000
1748127632557 5.0 126500
1748127633030 1.0 127000
1748127633527 3.0 127500
1748127634014 1.0 128000
1748127634483 44.0 128500
1748127634953 1.0 129000
1748127635412 12.0 129500
1748127635875 11.0 130000
1748127636350 1.0 130500
1748127636822 23.0 131000
1748127637342 1.0 131500
1748127637819 26.0 132000
1748127638285 5.0 132500
1748127638748 65.0 133000
1748127639246 14.0 133500
1748127639705 1.0 134000
1748127640159 59.0 134500
1748127640618 15.0 135000
1748127641082 7.0 135500
1748127641545 14.0 136000
1748127642018 65.0 136500
1748127642479 107.0 137000
1748127642938 26.0 137500
1748127643398 3.0 138000
1748127643859 9.0 138500
1748127644328 79.0 139000
1748127644793 72.0 139500
1748127645250 41.0 140000
1748127645716 157.0 140500
1748127646182 71.0 141000
1748127646641 102.0 141500
1748127647099 1.0 142000
1748127647563 35.0 142500
1748127648033 1.0 143000
1748127648499 28.0 143500
1748127648971 43.0 144000
1748127649487 54.0 144500
1748127649949 1.0 145000
1748127650412 7.0 145500
1748127650877 13.0 146000
1748127651350 48.0 146500
1748127651811 89.0 147000
1748127652273 22.0 147500
1748127652741 84.0 148000
1748127653203 32.0 148500
1748127653674 49.0 149000
1748127654140 113.0 149500
1748127654609 24.0 150000
1748127655089 3.0 150500
1748127655546 28.0 151000
1748127656001 25.0 151500
1748127656457 62.0 152000
1748127656916 26.0 152500
1748127657384 53.0 153000
1748127657854 51.0 153500
1748127658358 70.0 154000
1748127658852 33.0 154500
1748127659314 38.0 155000
1748127659782 43.0 155500
1748127660252 90.0 156000
1748127660714 31.0 156500
1748127661183 111.0 157000
1748127661656 151.0 157500
1748127662124 23.0 158000
1748127662592 77.0 158500
1748127663078 16.0 159000
1748127663563 128.0 159500
1748127664022 73.0 160000
1748127664487 22.0 160500
1748127664948 68.0 161000
1748127665408 92.0 161500
1748127665866 137.0 162000
1748127666330 55.0 162500
1748127666814 51.0 163000
1748127667320 107.0 163500
1748127667794 112.0 164000
1748127668258 24.0 164500
1748127668741 14.0 165000
1748127669210 56.0 165500
1748127669677 30.0 166000
1748127670139 13.0 166500
1748127670597 17.0 167000
1748127671090 1.0 167500
1748127671663 57.0 168000
1748127672138 78.0 168500
1748127672607 20.0 169000
1748127673066 24.0 169500
1748127673533 20.0 170000
1748127673991 3.0 170500
1748127674479 48.0 171000
1748127675003 33.0 171500
1748127675477 100.0 172000
1748127675950 66.0 172500
1748127676423 128.0 173000
1748127676900 34.0 173500
1748127677406 104.0 174000
1748127677901 68.0 174500
1748127678369 32.0 175000
1748127678831 140.0 175500
1748127679293 47.0 176000
1748127679757 273.0 176500
1748127680213 111.0 177000
1748127680679 229.0 177500
1748127681142 70.0 178000
1748127681618 14.0 178500
1748127682115 140.0 179000
1748127682605 94.0 179500
1748127683083 102.0 180000
1748127683555 144.0 180500
1748127684019 204.0 181000
1748127684480 257.0 181500
1748127684942 106.0 182000
1748127685411 170.0 182500
1748127685879 227.0 183000
1748127686339 158.0 183500
1748127686804 178.0 184000
1748127687275 151.0 184500
1748127687765 274.0 185000
1748127688246 202.0 185500
1748127688732 233.0 186000
1748127689229 256.0 186500
1748127689719 240.0 187000
1748127690197 288.0 187500
1748127690662 192.0 188000
1748127691125 306.0 188500
1748127691590 330.0 189000
1748127692519 185.0 190000
1748127692985 276.0 190500
1748127693455 231.0 191000
1748127693943 122.0 191500
1748127694414 243.0 192000
1748127694877 285.0 192500
1748127695336 84.0 193000
1748127695795 163.0 193500
1748127696257 50.0 194000
1748127696720 1.0 194500
1748127697181 69.0 195000
1748127697648 52.0 195500
1748127698107 152.0 196000
1748127698563 92.0 196500
1748127699021 74.0 197000
1748127699483 22.0 197500
1748127699938 56.0 198000
1748127700396 50.0 198500
1748127700853 47.0 199000
1748127701315 146.0 199500
1748127701767 13.0 200000
1748127702221 50.0 200500
1748127702681 73.0 201000
1748127703141 155.0 201500
1748127703600 25.0 202000
1748127704064 36.0 202500
1748127704522 136.0 203000
1748127704981 80.0 203500
1748127705439 148.0 204000
1748127705898 48.0 204500
1748127706357 81.0 205000
1748127706820 104.0 205500
1748127707279 87.0 206000
1748127707737 40.0 206500
1748127708200 64.0 207000
1748127708664 76.0 207500
1748127709121 28.0 208000
1748127709582 80.0 208500
1748127710041 48.0 209000
1748127710505 129.0 209500
1748127710971 102.0 210000
1748127711493 33.0 210500
1748127712017 144.0 211000
1748127712536 106.0 211500
1748127713001 25.0 212000
1748127713459 27.0 212500
1748127713919 61.0 213000
1748127714380 67.0 213500
1748127714834 66.0 214000
1748127715294 60.0 214500
1748127715759 88.0 215000
1748127716218 51.0 215500
1748127716675 90.0 216000
1748127717132 50.0 216500
1748127717600 60.0 217000
1748127718070 84.0 217500
1748127718525 54.0 218000
1748127718990 73.0 218500
1748127719444 18.0 219000
1748127719905 136.0 219500
1748127720367 64.0 220000
1748127720828 111.0 220500
1748127721294 37.0 221000
1748127721756 3.0 221500
1748127722224 50.0 222000
1748127722688 61.0 222500
1748127723145 49.0 223000
1748127723603 161.0 223500
1748127724064 144.0 224000
1748127724555 261.0 224500
1748127725016 148.0 225000
1748127725475 176.0 225500
1748127725936 356.0 226000
1748127726406 317.0 226500
1748127726872 58.0 227000
1748127727334 268.0 227500
1748127727795 272.0 228000
1748127728253 80.0 228500
1748127728709 50.0 229000
1748127729169 103.0 229500
1748127729632 78.0 230000
1748127730089 78.0 230500
1748127730546 117.0 231000
1748127731001 172.0 231500
1748127731462 211.0 232000
1748127731928 118.0 232500
1748127732392 36.0 233000
1748127732852 155.0 233500
1748127733311 183.0 234000
1748127733780 304.0 234500
1748127734250 90.0 235000
1748127734712 101.0 235500
1748127735176 77.0 236000
1748127735632 172.0 236500
1748127736100 179.0 237000
1748127736563 57.0 237500
1748127737054 73.0 238000
1748127738035 33.0 239000
1748127738517 77.0 239500
1748127738988 29.0 240000
1748127739468 14.0 240500
1748127739932 11.0 241000
1748127740399 5.0 241500
1748127740877 33.0 242000
1748127741346 9.0 242500
1748127741813 67.0 243000
1748127742273 3.0 243500
1748127742746 97.0 244000
1748127743208 123.0 244500
1748127743685 79.0 245000
1748127744148 97.0 245500
1748127744621 50.0 246000
1748127745095 5.0 246500
1748127745573 74.0 247000
1748127746052 5.0 247500
1748127746516 13.0 248000
1748127746992 14.0 248500
1748127747456 37.0 249000
1748127747912 53.0 249500
1748127748387 5.0 250000
1748127748855 44.0 250500
1748127749329 19.0 251000
1748127749791 50.0 251500
1748127750270 26.0 252000
1748127750742 24.0 252500
1748127751201 5.0 253000
1748127751656 15.0 253500
1748127752122 14.0 254000
1748127752579 27.0 254500
1748127753047 20.0 255000
1748127753504 63.0 255500
1748127753961 11.0 256000
1748127754419 44.0 256500
1748127754902 65.0 257000
1748127755370 73.0 257500
1748127755880 67.0 258000
1748127756344 51.0 258500
1748127756807 7.0 259000
1748127757268 27.0 259500
1748127757728 21.0 260000
1748127758188 46.0 260500
1748127758648 9.0 261000
1748127759112 11.0 261500
1748127759577 67.0 262000
1748127760034 9.0 262500
1748127760495 101.0 263000
1748127760955 1.0 263500
1748127761417 42.0 264000
1748127761882 57.0 264500
1748127762349 64.0 265000
1748127762813 23.0 265500
1748127763330 15.0 266000
1748127763792 10.0 266500
1748127764281 48.0 267000
1748127764863 7.0 267500
1748127765394 11.0 268000
1748127765882 1.0 268500
1748127766394 72.0 269000
1748127766954 86.0 269500
1748127767446 9.0 270000
1748127767956 22.0 270500
1748127768461 41.0 271000
1748127768969 11.0 271500
1748127769476 49.0 272000
1748127769970 1.0 272500
1748127770459 9.0 273000
1748127770944 3.0 273500
1748127771414 14.0 274000
1748127771891 21.0 274500
1748127772361 21.0 275000
1748127772911 13.0 275500
1748127773378 25.0 276000
1748127773841 47.0 276500
1748127774302 16.0 277000
1748127774764 24.0 277500
1748127775258 77.0 278000
1748127775727 135.0 278500
1748127776191 19.0 279000
1748127776653 37.0 279500
1748127777114 102.0 280000
1748127777581 13.0 280500
1748127778056 14.0 281000
1748127778516 7.0 281500
1748127778975 45.0 282000
1748127779433 114.0 282500
1748127779891 15.0 283000
1748127780357 60.0 283500
1748127780851 3.0 284000
1748127781320 19.0 284500
1748127781830 13.0 285000
1748127782311 5.0 285500
1748127782778 11.0 286000
1748127783234 49.0 286500
1748127783690 23.0 287000
1748127784144 9.0 287500
1748127784610 38.0 288000
1748127785078 3.0 288500
1748127785538 54.0 289000
1748127786003 8.0 289500
1748127786466 3.0 290000
1748127786926 1.0 290500
1748127787390 60.0 291000
1748127787847 24.0 291500
1748127788310 5.0 292000
1748127788771 29.0 292500
1748127789237 6.0 293000
1748127789703 13.0 293500
1748127790161 11.0 294000
1748127790620 3.0 294500
1748127791119 41.0 295000
1748127791596 5.0 295500
1748127792073 17.0 296000
1748127792533 53.0 296500
1748127792990 21.0 297000
1748127793456 22.0 297500
1748127793917 22.0 298000
1748127794392 3.0 298500
1748127794854 33.0 299000
1748127795316 7.0 299500
1748127795774 1.0 300000
1748127796235 1.0 300500
1748127796700 11.0 301000
1748127797158 1.0 301500
1748127797645 1.0 302000
1748127798102 3.0 302500
1748127798568 11.0 303000
1748127799028 19.0 303500
1748127799490 1.0 304000
1748127799968 5.0 304500
1748127800447 13.0 305000
1748127801042 1.0 305500
1748127801584 3.0 306000
1748127802074 1.0 306500
1748127802562 13.0 307000
1748127803037 7.0 307500
1748127803501 11.0 308000
1748127804419 20.0 309000
1748127804878 23.0 309500
1748127805349 1.0 310000
1748127805814 1.0 310500
1748127806308 3.0 311000
1748127806813 3.0 311500
1748127807325 11.0 312000
1748127807808 5.0 312500
1748127808275 13.0 313000
1748127808781 1.0 313500
1748127809282 1.0 314000
1748127809809 12.0 314500
1748127810287 9.0 315000
1748127810777 11.0 315500
1748127811256 1.0 316000
1748127811715 9.0 316500
1748127812179 15.0 317000
1748127812643 1.0 317500
1748127813101 14.0 318000
1748127813567 9.0 318500
1748127814052 15.0 319000
1748127814572 1.0 319500
1748127815041 1.0 320000
1748127815519 5.0 320500
1748127815983 1.0 321000
1748127816450 13.0 321500
1748127816963 5.0 322000
1748127817449 16.0 322500
1748127817936 15.0 323000
1748127818417 1.0 323500
1748127818890 3.0 324000
1748127819396 10.0 324500
1748127819893 1.0 325000
1748127820361 1.0 325500
