1748127514165 2.386634844868735 500
1748127514630 0.23866348448687352 1000
1748127515100 0.23866348448687352 1500
1748127515567 1.1933174224343674 2000
1748127516039 0.7159904534606205 2500
1748127516500 0.47732696897374705 3000
1748127516967 0.47732696897374705 3500
1748127517481 0.47732696897374705 4000
1748127517960 0.47732696897374705 4500
1748127518433 0.9546539379474941 5000
1748127518922 0.47732696897374705 5500
1748127519383 0.23866348448687352 6000
1748127519841 1.6706443914081146 6500
1748127520335 0.23866348448687352 7000
1748127520807 0.47732696897374705 7500
1748127521278 0.23866348448687352 8000
1748127522211 0.47732696897374705 9000
1748127522679 0.47732696897374705 9500
1748127523144 0.9546539379474941 10000
1748127523605 2.863961813842482 10500
1748127524078 0.23866348448687352 11000
1748127524553 2.1479713603818613 11500
1748127525019 0.7159904534606205 12000
1748127525478 0.23866348448687352 12500
1748127525952 4.534606205250596 13000
1748127526418 0.7159904534606205 13500
1748127526888 5.4892601431980905 14000
1748127527355 0.7159904534606205 14500
1748127527818 8.83054892601432 15000
1748127528321 54.17661097852029 15500
1748127528787 50.11933174224343 16000
1748127529243 2.1479713603818613 16500
1748127529719 32.93556085918855 17000
1748127530181 0.23866348448687352 17500
1748127530650 0.23866348448687352 18000
1748127531125 0.23866348448687352 18500
1748127531595 3.579952267303103 19000
1748127532058 0.7159904534606205 19500
1748127532525 6.921241050119331 20000
1748127532995 0.23866348448687352 20500
1748127533461 0.7159904534606205 21000
1748127533920 0.9546539379474941 21500
1748127534388 11.455847255369928 22000
1748127534859 4.295942720763723 22500
1748127535315 2.1479713603818613 23000
1748127535778 3.341288782816229 23500
1748127536237 9.54653937947494 24000
1748127536693 17.18377088305489 24500
1748127537151 10.26252983293556 25000
1748127537617 6.443914081145586 25500
1748127538080 10.978520286396181 26000
1748127538541 4.77326968973747 26500
1748127539002 15.274463007159905 27000
1748127539458 20.286396181384248 27500
1748127539917 28.162291169451077 28000
1748127540376 17.66109785202864 28500
1748127540833 14.319809069212411 29000
1748127541371 16.706443914081145 29500
1748127541834 18.377088305489263 30000
1748127542320 7.875894988066825 30500
1748127542827 0.23866348448687352 31000
1748127543324 7.875894988066825 31500
1748127543790 7.159904534606206 32000
1748127544260 13.365155131264917 32500
1748127544727 14.081145584725538 33000
1748127545191 16.467780429594274 33500
1748127545650 11.217183770883054 34000
1748127546132 9.307875894988067 34500
1748127546592 13.365155131264917 35000
1748127547054 28.400954653937948 35500
1748127547518 28.878281622911693 36000
1748127547988 25.29832935560859 36500
1748127548452 23.86634844868735 37000
1748127548907 28.639618138424822 37500
1748127549381 38.66348448687351 38000
1748127549852 44.868735083532215 38500
1748127550311 32.4582338902148 39000
1748127550779 48.44868735083532 39500
1748127551243 36.27684964200477 40000
1748127551726 34.36754176610978 40500
1748127552209 40.572792362768496 41000
1748127552702 45.10739856801909 41500
1748127553166 5.4892601431980905 42000
1748127553632 6.921241050119331 42500
1748127554125 1.9093078758949882 43000
1748127554607 3.1026252983293556 43500
1748127555083 0.23866348448687352 44000
1748127555556 0.23866348448687352 44500
1748127556055 0.7159904534606205 45000
1748127556524 2.1479713603818613 45500
1748127556989 0.23866348448687352 46000
1748127557466 1.6706443914081146 46500
1748127557964 26.730310262529834 47000
1748127558426 31.5035799522673 47500
1748127558911 45.346062052505964 48000
1748127559377 48.92601431980907 48500
1748127559839 65.15513126491646 49000
1748127560298 31.026252983293556 49500
1748127560797 11.455847255369928 50000
1748127561277 0.23866348448687352 50500
1748127562223 3.579952267303103 51500
1748127562706 1.6706443914081146 52000
1748127563206 0.23866348448687352 52500
1748127563691 1.6706443914081146 53000
1748127564171 0.23866348448687352 53500
1748127564645 0.7159904534606205 54000
1748127565113 0.7159904534606205 54500
1748127565577 2.6252983293556085 55000
1748127566032 2.6252983293556085 55500
1748127566516 0.7159904534606205 56000
1748127566977 0.23866348448687352 56500
1748127567449 3.1026252983293556 57000
1748127567917 0.23866348448687352 57500
1748127568383 0.23866348448687352 58000
1748127568845 3.1026252983293556 58500
1748127569304 0.23866348448687352 59000
1748127569766 0.23866348448687352 59500
1748127570219 1.1933174224343674 60000
1748127570684 0.23866348448687352 60500
1748127571170 0.23866348448687352 61000
1748127571679 1.6706443914081146 61500
1748127572161 0.23866348448687352 62000
1748127572627 1.6706443914081146 62500
1748127573084 0.23866348448687352 63000
1748127573543 0.23866348448687352 63500
1748127574005 2.1479713603818613 64000
1748127574470 2.1479713603818613 64500
1748127574933 3.579952267303103 65000
1748127575386 1.6706443914081146 65500
1748127575842 3.1026252983293556 66000
1748127576313 0.23866348448687352 66500
1748127576780 0.23866348448687352 67000
1748127577259 0.23866348448687352 67500
1748127577721 0.23866348448687352 68000
1748127578178 0.23866348448687352 68500
1748127579098 0.23866348448687352 69500
1748127579560 0.7159904534606205 70000
1748127580016 0.23866348448687352 70500
1748127580478 3.579952267303103 71000
1748127580934 3.1026252983293556 71500
1748127581400 1.6706443914081146 72000
1748127581882 3.1026252983293556 72500
1748127582341 0.23866348448687352 73000
1748127582856 0.23866348448687352 73500
1748127583314 2.6252983293556085 74000
1748127583772 0.23866348448687352 74500
1748127584244 0.23866348448687352 75000
1748127584715 3.579952267303103 75500
1748127585199 0.23866348448687352 76000
1748127585663 0.23866348448687352 76500
1748127586132 0.23866348448687352 77000
1748127586608 2.1479713603818613 77500
1748127587085 2.1479713603818613 78000
1748127587548 1.6706443914081146 78500
1748127588008 3.1026252983293556 79000
1748127588500 0.23866348448687352 79500
1748127588959 2.1479713603818613 80000
1748127589416 0.23866348448687352 80500
1748127589877 0.23866348448687352 81000
1748127590342 1.1933174224343674 81500
1748127590872 0.23866348448687352 82000
1748127591349 1.1933174224343674 82500
1748127591839 1.6706443914081146 83000
1748127592295 2.6252983293556085 83500
1748127592756 3.1026252983293556 84000
1748127593210 1.1933174224343674 84500
1748127593662 3.1026252983293556 85000
1748127594121 3.579952267303103 85500
1748127594590 1.1933174224343674 86000
1748127595041 0.23866348448687352 86500
1748127595503 0.23866348448687352 87000
1748127595958 2.6252983293556085 87500
1748127596416 1.1933174224343674 88000
1748127596876 3.579952267303103 88500
1748127597340 3.579952267303103 89000
1748127597808 0.23866348448687352 89500
1748127598291 2.6252983293556085 90000
1748127598778 0.23866348448687352 90500
1748127599252 0.23866348448687352 91000
1748127599715 0.23866348448687352 91500
1748127600188 0.23866348448687352 92000
1748127600655 4.05727923627685 92500
1748127601114 0.23866348448687352 93000
1748127601575 0.7159904534606205 93500
1748127602041 3.579952267303103 94000
1748127602536 0.23866348448687352 94500
1748127603025 1.1933174224343674 95000
1748127603502 0.7159904534606205 95500
1748127603960 3.1026252983293556 96000
1748127604439 0.7159904534606205 96500
1748127604927 0.23866348448687352 97000
1748127605390 0.23866348448687352 97500
1748127605852 1.1933174224343674 98000
1748127606317 0.23866348448687352 98500
1748127606779 0.23866348448687352 99000
1748127607239 0.23866348448687352 99500
1748127607689 1.6706443914081146 100000
1748127608156 0.23866348448687352 100500
1748127608621 3.579952267303103 101000
1748127609090 1.6706443914081146 101500
1748127609555 0.23866348448687352 102000
1748127610023 3.1026252983293556 102500
1748127610485 0.23866348448687352 103000
1748127610947 0.23866348448687352 103500
1748127611438 3.1026252983293556 104000
1748127611913 0.23866348448687352 104500
1748127612399 0.7159904534606205 105000
1748127612885 0.23866348448687352 105500
1748127613357 0.23866348448687352 106000
1748127613820 1.1933174224343674 106500
1748127614319 1.6706443914081146 107000
1748127614816 1.6706443914081146 107500
1748127615337 3.579952267303103 108000
1748127615813 1.6706443914081146 108500
1748127616279 1.6706443914081146 109000
1748127616747 3.1026252983293556 109500
1748127617205 0.23866348448687352 110000
1748127617663 1.6706443914081146 110500
1748127618122 3.579952267303103 111000
1748127618580 0.23866348448687352 111500
1748127619039 0.7159904534606205 112000
1748127619498 2.1479713603818613 112500
1748127619967 0.23866348448687352 113000
1748127620437 2.1479713603818613 113500
1748127620904 0.23866348448687352 114000
1748127621369 0.23866348448687352 114500
1748127621829 0.23866348448687352 115000
1748127622286 0.23866348448687352 115500
1748127622803 0.23866348448687352 116000
1748127623263 1.1933174224343674 116500
1748127623726 3.1026252983293556 117000
1748127624198 0.23866348448687352 117500
1748127624656 0.23866348448687352 118000
1748127625123 0.23866348448687352 118500
1748127625579 0.23866348448687352 119000
1748127626037 0.23866348448687352 119500
1748127626495 2.1479713603818613 120000
1748127626953 0.23866348448687352 120500
1748127627414 2.1479713603818613 121000
1748127627872 0.23866348448687352 121500
1748127628337 0.23866348448687352 122000
1748127628794 3.1026252983293556 122500
1748127629256 0.23866348448687352 123000
1748127629745 0.23866348448687352 123500
1748127630228 2.6252983293556085 124000
1748127630693 1.1933174224343674 124500
1748127631161 0.23866348448687352 125000
1748127631630 2.6252983293556085 125500
1748127632092 2.6252983293556085 126000
1748127632557 1.1933174224343674 126500
1748127633031 0.23866348448687352 127000
1748127633528 0.7159904534606205 127500
1748127634014 0.23866348448687352 128000
1748127634483 10.501193317422434 128500
1748127634953 0.23866348448687352 129000
1748127635413 2.863961813842482 129500
1748127635876 2.6252983293556085 130000
1748127636350 0.23866348448687352 130500
1748127636822 5.4892601431980905 131000
1748127637342 0.23866348448687352 131500
1748127637820 6.205250596658711 132000
1748127638285 1.1933174224343674 132500
1748127638748 15.513126491646778 133000
1748127639246 3.341288782816229 133500
1748127639705 0.23866348448687352 134000
1748127640159 14.081145584725538 134500
1748127640618 3.579952267303103 135000
1748127641083 1.6706443914081146 135500
1748127641546 3.341288782816229 136000
1748127642019 15.513126491646778 136500
1748127642479 25.53699284009546 137000
1748127642938 6.205250596658711 137500
1748127643398 0.7159904534606205 138000
1748127643859 2.1479713603818613 138500
1748127644328 18.85441527446301 139000
1748127644793 17.18377088305489 139500
1748127645251 9.785202863961814 140000
1748127645716 37.47016706443914 140500
1748127646182 16.94510739856802 141000
1748127646642 24.3436754176611 141500
1748127647099 0.23866348448687352 142000
1748127647563 8.353221957040573 142500
1748127648034 0.23866348448687352 143000
1748127648499 6.682577565632458 143500
1748127648971 10.26252983293556 144000
1748127649487 12.887828162291171 144500
1748127649949 0.23866348448687352 145000
1748127650412 1.6706443914081146 145500
1748127650877 3.1026252983293556 146000
1748127651350 11.455847255369928 146500
1748127651812 21.241050119331742 147000
1748127652273 5.250596658711217 147500
1748127652741 20.047732696897373 148000
1748127653203 7.637231503579953 148500
1748127653674 11.694510739856803 149000
1748127654141 26.968973747016705 149500
1748127654609 5.727923627684964 150000
1748127655090 0.7159904534606205 150500
1748127655546 6.682577565632458 151000
1748127656001 5.966587112171838 151500
1748127656457 14.797136038186157 152000
1748127656916 6.205250596658711 152500
1748127657384 12.649164677804295 153000
1748127657855 12.17183770883055 153500
1748127658359 16.706443914081145 154000
1748127658852 7.875894988066825 154500
1748127659315 9.069212410501192 155000
1748127659783 10.26252983293556 155500
1748127660252 21.479713603818613 156000
1748127660715 7.398568019093078 156500
1748127661183 26.49164677804296 157000
1748127661656 36.0381861575179 157500
1748127662124 5.4892601431980905 158000
1748127662593 18.377088305489263 158500
1748127663078 3.8186157517899764 159000
1748127663563 30.54892601431981 159500
1748127664022 17.42243436754177 160000
1748127664487 5.250596658711217 160500
1748127664949 16.2291169451074 161000
1748127665408 21.957040572792362 161500
1748127665866 32.69689737470167 162000
1748127666330 13.126491646778044 162500
1748127666814 12.17183770883055 163000
1748127667320 25.53699284009546 163500
1748127667794 26.730310262529834 164000
1748127668258 5.727923627684964 164500
1748127668742 3.341288782816229 165000
1748127669210 13.365155131264917 165500
1748127669677 7.159904534606206 166000
1748127670139 3.1026252983293556 166500
1748127670598 4.05727923627685 167000
1748127671090 0.23866348448687352 167500
1748127671663 13.60381861575179 168000
1748127672138 18.615751789976134 168500
1748127672607 4.77326968973747 169000
1748127673067 5.727923627684964 169500
1748127673534 4.77326968973747 170000
1748127673992 0.7159904534606205 170500
1748127674479 11.455847255369928 171000
1748127675003 7.875894988066825 171500
1748127675477 23.86634844868735 172000
1748127675950 15.75178997613365 172500
1748127676423 30.54892601431981 173000
1748127676901 8.1145584725537 173500
1748127677406 24.821002386634845 174000
1748127677901 16.2291169451074 174500
1748127678369 7.637231503579953 175000
1748127678831 33.41288782816229 175500
1748127679293 11.217183770883054 176000
1748127679757 65.15513126491646 176500
1748127680213 26.49164677804296 177000
1748127680680 54.653937947494036 177500
1748127681142 16.706443914081145 178000
1748127681618 3.341288782816229 178500
1748127682116 33.41288782816229 179000
1748127682605 22.434367541766107 179500
1748127683083 24.3436754176611 180000
1748127683555 34.36754176610978 180500
1748127684019 48.6873508353222 181000
1748127684480 61.336515513126486 181500
1748127684942 25.29832935560859 182000
1748127685411 40.572792362768496 182500
1748127685879 54.17661097852029 183000
1748127686339 37.70883054892602 183500
1748127686804 42.482100238663485 184000
1748127687275 36.0381861575179 184500
1748127687765 65.39379474940334 185000
1748127688246 48.21002386634845 185500
1748127688733 55.60859188544153 186000
1748127689229 61.09785202863962 186500
1748127689719 57.279236276849645 187000
1748127690197 68.73508353221956 187500
1748127690663 45.82338902147971 188000
1748127691125 73.0310262529833 188500
1748127691591 78.75894988066825 189000
1748127692519 44.1527446300716 190000
1748127692986 65.8711217183771 190500
1748127693456 55.131264916467785 191000
1748127693943 29.116945107398568 191500
1748127694414 57.995226730310264 192000
1748127694878 68.01909307875896 192500
1748127695337 20.047732696897373 193000
1748127695796 38.902147971360385 193500
1748127696258 11.933174224343675 194000
1748127696721 0.23866348448687352 194500
1748127697181 16.467780429594274 195000
1748127697648 12.410501193317423 195500
1748127698107 36.27684964200477 196000
1748127698563 21.957040572792362 196500
1748127699022 17.66109785202864 197000
1748127699484 5.250596658711217 197500
1748127699938 13.365155131264917 198000
1748127700396 11.933174224343675 198500
1748127700854 11.217183770883054 199000
1748127701315 34.84486873508354 199500
1748127701767 3.1026252983293556 200000
1748127702221 11.933174224343675 200500
1748127702682 17.42243436754177 201000
1748127703141 36.9928400954654 201500
1748127703600 5.966587112171838 202000
1748127704065 8.591885441527445 202500
1748127704522 32.4582338902148 203000
1748127704982 19.09307875894988 203500
1748127705440 35.32219570405728 204000
1748127705898 11.455847255369928 204500
1748127706357 19.331742243436754 205000
1748127706820 24.821002386634845 205500
1748127707279 20.763723150357997 206000
1748127707737 9.54653937947494 206500
1748127708201 15.274463007159905 207000
1748127708664 18.138424821002385 207500
1748127709121 6.682577565632458 208000
1748127709582 19.09307875894988 208500
1748127710041 11.455847255369928 209000
1748127710506 30.787589498806682 209500
1748127710972 24.3436754176611 210000
1748127711493 7.875894988066825 210500
1748127712017 34.36754176610978 211000
1748127712537 25.29832935560859 211500
1748127713002 5.966587112171838 212000
1748127713459 6.443914081145586 212500
1748127713920 14.558472553699284 213000
1748127714380 15.990453460620524 213500
1748127714835 15.75178997613365 214000
1748127715294 14.319809069212411 214500
1748127715759 21.002386634844868 215000
1748127716219 12.17183770883055 215500
1748127716675 21.479713603818613 216000
1748127717132 11.933174224343675 216500
1748127717600 14.319809069212411 217000
1748127718070 20.047732696897373 217500
1748127718525 12.887828162291171 218000
1748127718990 17.42243436754177 218500
1748127719444 4.295942720763723 219000
1748127719905 32.4582338902148 219500
1748127720367 15.274463007159905 220000
1748127720828 26.49164677804296 220500
1748127721294 8.83054892601432 221000
1748127721757 0.7159904534606205 221500
1748127722224 11.933174224343675 222000
1748127722689 14.558472553699284 222500
1748127723145 11.694510739856803 223000
1748127723603 38.424821002386636 223500
1748127724064 34.36754176610978 224000
1748127724555 62.29116945107399 224500
1748127725016 35.32219570405728 225000
1748127725476 42.004773269689736 225500
1748127725936 84.96420047732697 226000
1748127726406 75.65632458233891 226500
1748127726872 13.842482100238662 227000
1748127727334 63.961813842482094 227500
1748127727795 64.9164677804296 228000
1748127728253 19.09307875894988 228500
1748127728709 11.933174224343675 229000
1748127729169 24.58233890214797 229500
1748127729632 18.615751789976134 230000
1748127730090 18.615751789976134 230500
1748127730547 27.923627684964202 231000
1748127731002 41.05011933174224 231500
1748127731462 50.35799522673031 232000
1748127731929 28.162291169451077 232500
1748127732393 8.591885441527445 233000
1748127732852 36.9928400954654 233500
1748127733312 43.67541766109785 234000
1748127733781 72.55369928400954 234500
1748127734250 21.479713603818613 235000
1748127734713 24.105011933174225 235500
1748127735177 18.377088305489263 236000
1748127735632 41.05011933174224 236500
1748127736100 42.720763723150355 237000
1748127736563 13.60381861575179 237500
1748127737055 17.42243436754177 238000
1748127738035 7.875894988066825 239000
1748127738517 18.377088305489263 239500
1748127738989 6.921241050119331 240000
1748127739468 3.341288782816229 240500
1748127739932 2.6252983293556085 241000
1748127740400 1.1933174224343674 241500
1748127740877 7.875894988066825 242000
1748127741347 2.1479713603818613 242500
1748127741814 15.990453460620524 243000
1748127742274 0.7159904534606205 243500
1748127742746 23.15035799522673 244000
1748127743209 29.355608591885442 244500
1748127743685 18.85441527446301 245000
1748127744149 23.15035799522673 245500
1748127744621 11.933174224343675 246000
1748127745096 1.1933174224343674 246500
1748127745574 17.66109785202864 247000
1748127746053 1.1933174224343674 247500
1748127746516 3.1026252983293556 248000
1748127746992 3.341288782816229 248500
1748127747456 8.83054892601432 249000
1748127747912 12.649164677804295 249500
1748127748387 1.1933174224343674 250000
1748127748856 10.501193317422434 250500
1748127749330 4.534606205250596 251000
1748127749792 11.933174224343675 251500
1748127750270 6.205250596658711 252000
1748127750742 5.727923627684964 252500
1748127751201 1.1933174224343674 253000
1748127751656 3.579952267303103 253500
1748127752122 3.341288782816229 254000
1748127752579 6.443914081145586 254500
1748127753047 4.77326968973747 255000
1748127753504 15.035799522673033 255500
1748127753961 2.6252983293556085 256000
1748127754420 10.501193317422434 256500
1748127754902 15.513126491646778 257000
1748127755370 17.42243436754177 257500
1748127755880 15.990453460620524 258000
1748127756344 12.17183770883055 258500
1748127756807 1.6706443914081146 259000
1748127757268 6.443914081145586 259500
1748127757728 5.011933174224343 260000
1748127758188 10.978520286396181 260500
1748127758648 2.1479713603818613 261000
1748127759112 2.6252983293556085 261500
1748127759577 15.990453460620524 262000
1748127760034 2.1479713603818613 262500
1748127760495 24.105011933174225 263000
1748127760955 0.23866348448687352 263500
1748127761417 10.023866348448687 264000
1748127761882 13.60381861575179 264500
1748127762349 15.274463007159905 265000
1748127762813 5.4892601431980905 265500
1748127763330 3.579952267303103 266000
1748127763792 2.386634844868735 266500
1748127764281 11.455847255369928 267000
1748127764863 1.6706443914081146 267500
1748127765395 2.6252983293556085 268000
1748127765883 0.23866348448687352 268500
1748127766394 17.18377088305489 269000
1748127766954 20.52505966587112 269500
1748127767446 2.1479713603818613 270000
1748127767957 5.250596658711217 270500
1748127768461 9.785202863961814 271000
1748127768969 2.6252983293556085 271500
1748127769477 11.694510739856803 272000
1748127769970 0.23866348448687352 272500
1748127770459 2.1479713603818613 273000
1748127770945 0.7159904534606205 273500
1748127771414 3.341288782816229 274000
1748127771891 5.011933174224343 274500
1748127772362 5.011933174224343 275000
1748127772911 3.1026252983293556 275500
1748127773379 5.966587112171838 276000
1748127773841 11.217183770883054 276500
1748127774302 3.8186157517899764 277000
1748127774764 5.727923627684964 277500
1748127775258 18.377088305489263 278000
1748127775727 32.21957040572792 278500
1748127776191 4.534606205250596 279000
1748127776653 8.83054892601432 279500
1748127777114 24.3436754176611 280000
1748127777581 3.1026252983293556 280500
1748127778056 3.341288782816229 281000
1748127778516 1.6706443914081146 281500
1748127778975 10.739856801909307 282000
1748127779433 27.20763723150358 282500
1748127779891 3.579952267303103 283000
1748127780357 14.319809069212411 283500
1748127780852 0.7159904534606205 284000
1748127781320 4.534606205250596 284500
1748127781831 3.1026252983293556 285000
1748127782311 1.1933174224343674 285500
1748127782778 2.6252983293556085 286000
1748127783234 11.694510739856803 286500
1748127783690 5.4892601431980905 287000
1748127784145 2.1479713603818613 287500
1748127784611 9.069212410501192 288000
1748127785079 0.7159904534606205 288500
1748127785538 12.887828162291171 289000
1748127786003 1.9093078758949882 289500
1748127786467 0.7159904534606205 290000
1748127786927 0.23866348448687352 290500
1748127787390 14.319809069212411 291000
1748127787847 5.727923627684964 291500
1748127788310 1.1933174224343674 292000
1748127788771 6.921241050119331 292500
1748127789238 1.431980906921241 293000
1748127789703 3.1026252983293556 293500
1748127790161 2.6252983293556085 294000
1748127790621 0.7159904534606205 294500
1748127791119 9.785202863961814 295000
1748127791597 1.1933174224343674 295500
1748127792073 4.05727923627685 296000
1748127792533 12.649164677804295 296500
1748127792990 5.011933174224343 297000
1748127793457 5.250596658711217 297500
1748127793917 5.250596658711217 298000
1748127794393 0.7159904534606205 298500
1748127794854 7.875894988066825 299000
1748127795316 1.6706443914081146 299500
1748127795774 0.23866348448687352 300000
1748127796235 0.23866348448687352 300500
1748127796700 2.6252983293556085 301000
1748127797158 0.23866348448687352 301500
1748127797646 0.23866348448687352 302000
1748127798102 0.7159904534606205 302500
1748127798568 2.6252983293556085 303000
1748127799028 4.534606205250596 303500
1748127799490 0.23866348448687352 304000
1748127799969 1.1933174224343674 304500
1748127800447 3.1026252983293556 305000
1748127801042 0.23866348448687352 305500
1748127801584 0.7159904534606205 306000
1748127802074 0.23866348448687352 306500
1748127802563 3.1026252983293556 307000
1748127803037 1.6706443914081146 307500
1748127803502 2.6252983293556085 308000
1748127804420 4.77326968973747 309000
1748127804878 5.4892601431980905 309500
1748127805349 0.23866348448687352 310000
1748127805814 0.23866348448687352 310500
1748127806308 0.7159904534606205 311000
1748127806814 0.7159904534606205 311500
1748127807326 2.6252983293556085 312000
1748127807809 1.1933174224343674 312500
1748127808275 3.1026252983293556 313000
1748127808781 0.23866348448687352 313500
1748127809282 0.23866348448687352 314000
1748127809809 2.863961813842482 314500
1748127810287 2.1479713603818613 315000
1748127810778 2.6252983293556085 315500
1748127811257 0.23866348448687352 316000
1748127811715 2.1479713603818613 316500
1748127812180 3.579952267303103 317000
1748127812644 0.23866348448687352 317500
1748127813102 3.341288782816229 318000
1748127813568 2.1479713603818613 318500
1748127814053 3.579952267303103 319000
1748127814572 0.23866348448687352 319500
1748127815042 0.23866348448687352 320000
1748127815520 1.1933174224343674 320500
1748127815983 0.23866348448687352 321000
1748127816450 3.1026252983293556 321500
1748127816963 1.1933174224343674 322000
1748127817449 3.8186157517899764 322500
1748127817936 3.579952267303103 323000
1748127818417 0.23866348448687352 323500
1748127818891 0.7159904534606205 324000
1748127819396 2.386634844868735 324500
1748127819894 0.23866348448687352 325000
1748127820361 0.23866348448687352 325500
