1748127514165 9985.75 500
1748127514629 10003.1 1000
1748127515099 9976.05 1500
1748127515566 9971.54 2000
1748127516038 10001.97 2500
1748127516500 10020.14 3000
1748127516966 9957.94 3500
1748127517480 9975.04 4000
1748127517959 10000.88 4500
1748127518433 9996.95 5000
1748127518921 10012.87 5500
1748127519382 10006.57 6000
1748127519840 10006.56 6500
1748127520335 10025.36 7000
1748127520806 9981.71 7500
1748127521278 10021.12 8000
1748127522210 10021.01 9000
1748127522678 10015.73 9500
1748127523143 10024.96 10000
1748127523604 9980.7 10500
1748127524077 9992.52 11000
1748127524553 10021.49 11500
1748127525019 10020.15 12000
1748127525477 9974.28 12500
1748127525952 9957.9 13000
1748127526417 9975.94 13500
1748127526888 9991.24 14000
1748127527354 10012.4 14500
1748127527817 9992.22 15000
1748127528320 10092.74 15500
1748127528786 9921.62 16000
1748127529242 10024.68 16500
1748127529718 10059.24 17000
1748127530181 10022.52 17500
1748127530650 10016.03 18000
1748127531125 9967.6 18500
1748127531595 9973.61 19000
1748127532058 9980.42 19500
1748127532524 10022.85 20000
1748127532994 9966.25 20500
1748127533461 9999.8 21000
1748127533920 9962.35 21500
1748127534388 10074.15 22000
1748127534859 10057.98 22500
1748127535315 9999.43 23000
1748127535777 10063.63 23500
1748127536236 10039.42 24000
1748127536692 10262.87 24500
1748127537150 10158.89 25000
1748127537616 10048.45 25500
1748127538079 10061.72 26000
1748127538540 10016.4 26500
1748127539001 10045.49 27000
1748127539457 10214.82 27500
1748127539916 10137.79 28000
1748127540375 10168.06 28500
1748127540832 10047.68 29000
1748127541371 10189.39 29500
1748127541834 10144.92 30000
1748127542319 10095.68 30500
1748127542827 10012.65 31000
1748127543324 10077.75 31500
1748127543789 10074.91 32000
1748127544259 10074.79 32500
1748127544726 10120.17 33000
1748127545191 10109.17 33500
1748127545650 10091.65 34000
1748127546131 10126.27 34500
1748127546591 10155.02 35000
1748127547053 10166.21 35500
1748127547518 10077.72 36000
1748127547987 10066.68 36500
1748127548451 10170.6 37000
1748127548906 10117.64 37500
1748127549380 10076.96 38000
1748127549852 10184.9 38500
1748127550310 10105.86 39000
1748127550778 10151.62 39500
1748127551243 10002.22 40000
1748127551725 10051.37 40500
1748127552208 10013.95 41000
1748127552701 10086.33 41500
1748127553166 10024.77 42000
1748127553632 10044.86 42500
1748127554124 10015.78 43000
1748127554606 9977.82 43500
1748127555082 10010.34 44000
1748127555555 9992.43 44500
1748127556054 10018.92 45000
1748127556523 9980.33 45500
1748127556988 10013.51 46000
1748127557466 9990.09 46500
1748127557964 10015.21 47000
1748127558426 10039.71 47500
1748127558910 10162.88 48000
1748127559376 10220.79 48500
1748127559839 10164.86 49000
1748127560298 10079.5 49500
1748127560796 9987.27 50000
1748127561277 10011.17 50500
1748127562222 9976.73 51500
1748127562706 10000.05 52000
1748127563205 10033.28 52500
1748127563690 9977.93 53000
1748127564170 10017.71 53500
1748127564645 9986.18 54000
1748127565112 9996.85 54500
1748127565576 9967.11 55000
1748127566031 9967.12 55500
1748127566515 9977.23 56000
1748127566977 9979.24 56500
1748127567449 9970.72 57000
1748127567917 10013.74 57500
1748127568382 10016.94 58000
1748127568844 9967.42 58500
1748127569303 10009.44 59000
1748127569765 10007.01 59500
1748127570219 9975.07 60000
1748127570684 9988.82 60500
1748127571170 10023.31 61000
1748127571678 10010.98 61500
1748127572161 10022.08 62000
1748127572627 9990.65 62500
1748127573084 10019.55 63000
1748127573542 9995.7 63500
1748127574005 9985.49 64000
1748127574470 9988.93 64500
1748127574932 9963.08 65000
1748127575386 9993.74 65500
1748127575842 9968.89 66000
1748127576313 10024.33 66500
1748127576779 10015.42 67000
1748127577258 10008.05 67500
1748127577720 10023.41 68000
1748127578177 10025.13 68500
1748127579097 9994.82 69500
1748127579559 9988.54 70000
1748127580015 10005.43 70500
1748127580478 9966.48 71000
1748127580933 10013.03 71500
1748127581399 9991.69 72000
1748127581882 9966.75 72500
1748127582340 10035.9 73000
1748127582855 10027.71 73500
1748127583313 9987.23 74000
1748127583772 10005.6 74500
1748127584243 10025.01 75000
1748127584715 9967.18 75500
1748127585198 10008.4 76000
1748127585662 10008.92 76500
1748127586131 10022.23 77000
1748127586607 10018.33 77500
1748127587084 9983.75 78000
1748127587547 9983.49 78500
1748127588007 10018.3 79000
1748127588500 10013.71 79500
1748127588958 10022.5 80000
1748127589415 10037.68 80500
1748127589876 10012.38 81000
1748127590341 9986.43 81500
1748127590872 10008.9 82000
1748127591348 9988.75 82500
1748127591838 9994.53 83000
1748127592294 9966.29 83500
1748127592755 9980.33 84000
1748127593209 9991.22 84500
1748127593661 9969.61 85000
1748127594120 9970.23 85500
1748127594589 9990.23 86000
1748127595041 10013.27 86500
1748127595503 9978.65 87000
1748127595957 9992.43 87500
1748127596415 10012.79 88000
1748127596876 9967.68 88500
1748127597340 9985.56 89000
1748127597808 9997.37 89500
1748127598290 9985.26 90000
1748127598777 10027.45 90500
1748127599251 9986.7 91000
1748127599714 10002.37 91500
1748127600188 10015.01 92000
1748127600654 10015.84 92500
1748127601114 10017.67 93000
1748127601574 10009.13 93500
1748127602040 9983.09 94000
1748127602535 10018.15 94500
1748127603025 10012.04 95000
1748127603502 9994.58 95500
1748127603960 10012.6 96000
1748127604438 9983.97 96500
1748127604926 10011.17 97000
1748127605390 9991.65 97500
1748127605851 9994.49 98000
1748127606317 10013.97 98500
1748127606778 10027.05 99000
1748127607238 10012.77 99500
1748127607689 9967.39 100000
1748127608155 10008.32 100500
1748127608621 9995.45 101000
1748127609089 9967.47 101500
1748127609554 10007.41 102000
1748127610022 9982.67 102500
1748127610484 10021.42 103000
1748127610947 9979.44 103500
1748127611437 9973.49 104000
1748127611912 10018.68 104500
1748127612399 10020.63 105000
1748127612885 9988.24 105500
1748127613356 10010.36 106000
1748127613819 9992.35 106500
1748127614318 9989.06 107000
1748127614815 9993.46 107500
1748127615337 9974.26 108000
1748127615813 10004.3 108500
1748127616278 9974.97 109000
1748127616746 10000.64 109500
1748127617204 10026.16 110000
1748127617662 9984.35 110500
1748127618122 9968.19 111000
1748127618580 10015.93 111500
1748127619039 9990.25 112000
1748127619497 10008.05 112500
1748127619966 10007.68 113000
1748127620436 9973.61 113500
1748127620903 10030.34 114000
1748127621368 9989.1 114500
1748127621829 10027.94 115000
1748127622285 10007.35 115500
1748127622802 10015.81 116000
1748127623262 9973.58 116500
1748127623725 9973.56 117000
1748127624197 9998.47 117500
1748127624656 10010.99 118000
1748127625122 9996.91 118500
1748127625578 10021.94 119000
1748127626036 10018.3 119500
1748127626494 9975.91 120000
1748127626953 10001.11 120500
1748127627413 9999.13 121000
1748127627872 9991.33 121500
1748127628336 9982.89 122000
1748127628793 9973.97 122500
1748127629255 10017.83 123000
1748127629745 10017.58 123500
1748127630227 9980.47 124000
1748127630693 10003.04 124500
1748127631160 9986.26 125000
1748127631629 9978.82 125500
1748127632091 9973.68 126000
1748127632557 9970.27 126500
1748127633030 9998.89 127000
1748127633527 9975.62 127500
1748127634014 10006.6 128000
1748127634483 9995.29 128500
1748127634953 10006.53 129000
1748127635412 9972.55 129500
1748127635875 9971.47 130000
1748127636350 10017.07 130500
1748127636822 9968.65 131000
1748127637342 10001.98 131500
1748127637819 9987.72 132000
1748127638284 10030.27 132500
1748127638748 10035.29 133000
1748127639246 10004.48 133500
1748127639704 10038.74 134000
1748127640158 10036.28 134500
1748127640618 10033.69 135000
1748127641082 10042.97 135500
1748127641545 9982.72 136000
1748127642018 10041.85 136500
1748127642479 10077.06 137000
1748127642937 9977.74 137500
1748127643397 9987.52 138000
1748127643858 10006.13 138500
1748127644328 10063.34 139000
1748127644792 10011.24 139500
1748127645250 9990.51 140000
1748127645716 10038.29 140500
1748127646181 10043.36 141000
1748127646641 10000.22 141500
1748127647099 10032.06 142000
1748127647563 10042.6 142500
1748127648033 10015.11 143000
1748127648498 10023.88 143500
1748127648970 10015.04 144000
1748127649487 9987.3 144500
1748127649949 10003.52 145000
1748127650411 9999.43 145500
1748127650876 10025.45 146000
1748127651350 10023.5 146500
1748127651811 10030.28 147000
1748127652273 10013.01 147500
1748127652740 10002.35 148000
1748127653203 9980.85 148500
1748127653673 10046.27 149000
1748127654140 9981.76 149500
1748127654609 9963.41 150000
1748127655089 10025.74 150500
1748127655545 9965.84 151000
1748127656001 10002.36 151500
1748127656457 10043.11 152000
1748127656915 9978.58 152500
1748127657384 10037.3 153000
1748127657854 9992.75 153500
1748127658358 9967.58 154000
1748127658852 10027.14 154500
1748127659314 9959.7 155000
1748127659782 9997.31 155500
1748127660251 9997.49 156000
1748127660714 10016.76 156500
1748127661183 10099.88 157000
1748127661656 10089.6 157500
1748127662123 10027.09 158000
1748127662592 10055.86 158500
1748127663078 10024.5 159000
1748127663562 10080.94 159500
1748127664021 9995.39 160000
1748127664487 9989.38 160500
1748127664948 10042.09 161000
1748127665407 10026.36 161500
1748127665866 10086.07 162000
1748127666329 10008.65 162500
1748127666813 10019.05 163000
1748127667319 10019.91 163500
1748127667793 10039.83 164000
1748127668258 10011.3 164500
1748127668741 10009.11 165000
1748127669210 9992.75 165500
1748127669677 10016.51 166000
1748127670138 10007.67 166500
1748127670597 10040.61 167000
1748127671089 10029.62 167500
1748127671662 10010.55 168000
1748127672137 9972.18 168500
1748127672606 9989.99 169000
1748127673066 9953.57 169500
1748127673533 9971.89 170000
1748127673991 10010.16 170500
1748127674479 10014.94 171000
1748127675003 10022.7 171500
1748127675477 9989.26 172000
1748127675949 10024.09 172500
1748127676422 10035.14 173000
1748127676900 9973.04 173500
1748127677405 10019.71 174000
1748127677900 9995.13 174500
1748127678368 10026.02 175000
1748127678831 9977.83 175500
1748127679292 10035.09 176000
1748127679757 10100.59 176500
1748127680213 10041.65 177000
1748127680679 10063.62 177500
1748127681141 10023.45 178000
1748127681618 9988.53 178500
1748127682115 10022.51 179000
1748127682605 10004.24 179500
1748127683082 9961.12 180000
1748127683554 9996.76 180500
1748127684018 9929.68 181000
1748127684479 10082.98 181500
1748127684942 10079.53 182000
1748127685410 10001.65 182500
1748127685879 10039.01 183000
1748127686339 10094.61 183500
1748127686804 10019.06 184000
1748127687275 10037.09 184500
1748127687765 10007.94 185000
1748127688245 9978.37 185500
1748127688732 9980.6 186000
1748127689228 9995.21 186500
1748127689719 9982.39 187000
1748127690196 10043.7 187500
1748127690662 10062.43 188000
1748127691124 10036.01 188500
1748127691590 9893.28 189000
1748127692519 10027.42 190000
1748127692985 10047.5 190500
1748127693455 9992.86 191000
1748127693942 10027.1 191500
1748127694413 10081.95 192000
1748127694877 9994.66 192500
1748127695336 9999.53 193000
1748127695795 10044.44 193500
1748127696257 9962.34 194000
1748127696720 10023.73 194500
1748127697181 10002.72 195000
1748127697647 9983.17 195500
1748127698107 10058.17 196000
1748127698562 9999.38 196500
1748127699021 9952.94 197000
1748127699483 10007.18 197500
1748127699938 9952.77 198000
1748127700396 9978.36 198500
1748127700853 10020.66 199000
1748127701315 9993.84 199500
1748127701767 10039.25 200000
1748127702221 9985.28 200500
1748127702681 10083.37 201000
1748127703141 10003.4 201500
1748127703600 10032.23 202000
1748127704064 9974.33 202500
1748127704522 9977.35 203000
1748127704981 9995.91 203500
1748127705439 10082.6 204000
1748127705898 9979.36 204500
1748127706357 10002.88 205000
1748127706820 9984.19 205500
1748127707279 10023.12 206000
1748127707737 10036.5 206500
1748127708200 9990.47 207000
1748127708664 9970.41 207500
1748127709120 9987.19 208000
1748127709582 9968.37 208500
1748127710041 9944.16 209000
1748127710505 9980.69 209500
1748127710971 9987.8 210000
1748127711492 10015.67 210500
1748127712016 10047.54 211000
1748127712536 10052.5 211500
1748127713001 10044.38 212000
1748127713458 10011.57 212500
1748127713919 9965.85 213000
1748127714379 10035.07 213500
1748127714834 10030.15 214000
1748127715294 9999.04 214500
1748127715758 9940.62 215000
1748127716218 9993.71 215500
1748127716675 10004.63 216000
1748127717132 10060.1 216500
1748127717599 10027.9 217000
1748127718069 10018.46 217500
1748127718525 9996.55 218000
1748127718989 10064.58 218500
1748127719444 9982.76 219000
1748127719904 10014.65 219500
1748127720367 10042.43 220000
1748127720828 10042.11 220500
1748127721293 9967.8 221000
1748127721756 10010.5 221500
1748127722224 10011.41 222000
1748127722688 10015.71 222500
1748127723145 10021.06 223000
1748127723602 9987.33 223500
1748127724063 9995.52 224000
1748127724554 10046.33 224500
1748127725015 10001.38 225000
1748127725475 9956.95 225500
1748127725935 10086.5 226000
1748127726405 10197.61 226500
1748127726872 10047.37 227000
1748127727333 10016.71 227500
1748127727795 9995.85 228000
1748127728253 9986.32 228500
1748127728709 9991.71 229000
1748127729169 9978.07 229500
1748127729632 10022.13 230000
1748127730089 10035.95 230500
1748127730546 9992.79 231000
1748127731001 9988.04 231500
1748127731461 10064.09 232000
1748127731928 10040.38 232500
1748127732392 10042.64 233000
1748127732851 10013.7 233500
1748127733311 10027.54 234000
1748127733780 10034.59 234500
1748127734250 10028.18 235000
1748127734712 9994.1 235500
1748127735176 10002.38 236000
1748127735632 10030.69 236500
1748127736099 10043.8 237000
1748127736562 9975.2 237500
1748127737054 10031.81 238000
1748127738035 9978.79 239000
1748127738516 10004.23 239500
1748127738988 10022.32 240000
1748127739468 10001.11 240500
1748127739932 9981.28 241000
1748127740399 10006.04 241500
1748127740876 9963.78 242000
1748127741346 10002.57 242500
1748127741813 10016.08 243000
1748127742273 9994.26 243500
1748127742746 9925.44 244000
1748127743208 9966.44 244500
1748127743685 10021.47 245000
1748127744148 9948.56 245500
1748127744620 10007.41 246000
1748127745095 10006.98 246500
1748127745573 9984.68 247000
1748127746052 10030.68 247500
1748127746516 9981.56 248000
1748127746992 10002.96 248500
1748127747455 9970.81 249000
1748127747911 9992.78 249500
1748127748387 10017.91 250000
1748127748855 10009.35 250500
1748127749329 10001.13 251000
1748127749791 10004.97 251500
1748127750269 9985.89 252000
1748127750742 9972.55 252500
1748127751200 10031.71 253000
1748127751656 9999.81 253500
1748127752121 9985.65 254000
1748127752579 9966.51 254500
1748127753046 9988.1 255000
1748127753504 10027.22 255500
1748127753960 10013.6 256000
1748127754419 9977.69 256500
1748127754901 9977.28 257000
1748127755369 10014.51 257500
1748127755880 9983.26 258000
1748127756343 9991.44 258500
1748127756807 10001.94 259000
1748127757267 10005.32 259500
1748127757728 9968.74 260000
1748127758188 9982.34 260500
1748127758647 9998.8 261000
1748127759112 9997.81 261500
1748127759576 9922.22 262000
1748127760033 9972.86 262500
1748127760495 9989.03 263000
1748127760954 10023.24 263500
1748127761417 9964.77 264000
1748127761881 10025.61 264500
1748127762349 9991.37 265000
1748127762812 9965.99 265500
1748127763330 9993.95 266000
1748127763792 9978.85 266500
1748127764281 9993.59 267000
1748127764863 9978.11 267500
1748127765394 10017.24 268000
1748127765882 10016.96 268500
1748127766393 9990.8 269000
1748127766953 9954.67 269500
1748127767446 10027.59 270000
1748127767956 9991.35 270500
1748127768461 10015.98 271000
1748127768969 9999.74 271500
1748127769476 9979.75 272000
1748127769970 10014.53 272500
1748127770458 9993.1 273000
1748127770944 9971.04 273500
1748127771414 10007.46 274000
1748127771891 9974.36 274500
1748127772361 10040.57 275000
1748127772911 9998.26 275500
1748127773378 9991.05 276000
1748127773841 9984.48 276500
1748127774301 9982.41 277000
1748127774763 9993.31 277500
1748127775258 9972.75 278000
1748127775727 9970.93 278500
1748127776190 10010.76 279000
1748127776653 10007.62 279500
1748127777113 10014.74 280000
1748127777580 10005.81 280500
1748127778055 10013.88 281000
1748127778516 10015.19 281500
1748127778974 10026.24 282000
1748127779432 9999.67 282500
1748127779890 9977.79 283000
1748127780356 9991.9 283500
1748127780851 10021.97 284000
1748127781320 10005.73 284500
1748127781830 10028.59 285000
1748127782311 10005.1 285500
1748127782778 10000.76 286000
1748127783234 9995.03 286500
1748127783689 10021.88 287000
1748127784144 9982.88 287500
1748127784610 10005.74 288000
1748127785078 10021.89 288500
1748127785537 9977.34 289000
1748127786002 10011.07 289500
1748127786466 10020.45 290000
1748127786926 9989.4 290500
1748127787390 9964.93 291000
1748127787846 9972.91 291500
1748127788309 9998.75 292000
1748127788770 9997.28 292500
1748127789237 10033.18 293000
1748127789703 9999.85 293500
1748127790161 10028.29 294000
1748127790620 10021.71 294500
1748127791119 10009.45 295000
1748127791596 10014.27 295500
1748127792073 9986.58 296000
1748127792532 9973.59 296500
1748127792990 10002.09 297000
1748127793456 9968.87 297500
1748127793917 9954.37 298000
1748127794392 10004.21 298500
1748127794853 9961.22 299000
1748127795315 10003.09 299500
1748127795773 10033.23 300000
1748127796235 10014.33 300500
1748127796699 9972.35 301000
1748127797158 10036.69 301500
1748127797645 10026.7 302000
1748127798101 10012.33 302500
1748127798568 9992.73 303000
1748127799027 9967.1 303500
1748127799490 10002.78 304000
1748127799968 9985.66 304500
1748127800447 9998.23 305000
1748127801042 9992.39 305500
1748127801583 10008.13 306000
1748127802073 10020.71 306500
1748127802562 10002.95 307000
1748127803036 10016.56 307500
1748127803501 10028.82 308000
1748127804419 9957.72 309000
1748127804877 9980.75 309500
1748127805349 10018.36 310000
1748127805813 10031.49 310500
1748127806307 9998.45 311000
1748127806813 10006.8 311500
1748127807325 10011.36 312000
1748127807808 9975.75 312500
1748127808274 9996.12 313000
1748127808781 10026.94 313500
1748127809281 10010.63 314000
1748127809808 9978.49 314500
1748127810287 9966.3 315000
1748127810777 9971.6 315500
1748127811256 10032.21 316000
1748127811715 10029.6 316500
1748127812179 9969.77 317000
1748127812643 10017.78 317500
1748127813101 9992.95 318000
1748127813567 10026.49 318500
1748127814052 9991.5 319000
1748127814571 9976.6 319500
1748127815041 10014.99 320000
1748127815519 10001.86 320500
1748127815982 10029.82 321000
1748127816449 9972.57 321500
1748127816963 10021.93 322000
1748127817449 9991.93 322500
1748127817935 9969.61 323000
1748127818416 10031.58 323500
1748127818890 10014.2 324000
1748127819395 9979.92 324500
1748127819893 10027.04 325000
1748127820360 10016.64 325500
