1748127514162 1.0 500
1748127514627 2.0 1000
1748127515097 3.0 1500
1748127515564 4.0 2000
1748127516036 5.0 2500
1748127516498 6.0 3000
1748127516965 7.0 3500
1748127517478 8.0 4000
1748127517957 9.0 4500
1748127518431 10.0 5000
1748127518920 11.0 5500
1748127519380 12.0 6000
1748127519839 13.0 6500
1748127520333 14.0 7000
1748127520804 15.0 7500
1748127521276 16.0 8000
1748127521739 17.0 8500
1748127522208 18.0 9000
1748127522677 19.0 9500
1748127523141 20.0 10000
1748127523603 21.0 10500
1748127524075 22.0 11000
1748127524551 23.0 11500
1748127525017 24.0 12000
1748127525475 25.0 12500
1748127525950 26.0 13000
1748127526415 27.0 13500
1748127526886 28.0 14000
1748127527353 29.0 14500
1748127527816 30.0 15000
1748127528319 31.0 15500
1748127528784 32.0 16000
1748127529240 33.0 16500
1748127529716 34.0 17000
1748127530179 35.0 17500
1748127530648 36.0 18000
1748127531123 37.0 18500
1748127531593 38.0 19000
1748127532056 39.0 19500
1748127532523 40.0 20000
1748127532992 41.0 20500
1748127533459 42.0 21000
1748127533918 43.0 21500
1748127534386 44.0 22000
1748127534857 45.0 22500
1748127535313 46.0 23000
1748127535776 47.0 23500
1748127536234 48.0 24000
1748127536691 49.0 24500
1748127537149 50.0 25000
1748127537614 51.0 25500
1748127538078 52.0 26000
1748127538539 53.0 26500
1748127539000 54.0 27000
1748127539456 55.0 27500
1748127539915 56.0 28000
1748127540374 57.0 28500
1748127540831 58.0 29000
1748127541368 59.0 29500
1748127541832 60.0 30000
1748127542317 61.0 30500
1748127542825 62.0 31000
1748127543322 63.0 31500
1748127543788 64.0 32000
1748127544257 65.0 32500
1748127544724 66.0 33000
1748127545189 67.0 33500
1748127545648 68.0 34000
1748127546129 69.0 34500
1748127546589 70.0 35000
1748127547051 71.0 35500
1748127547516 72.0 36000
1748127547985 73.0 36500
1748127548449 74.0 37000
1748127548905 75.0 37500
1748127549378 76.0 38000
1748127549850 77.0 38500
1748127550309 78.0 39000
1748127550777 79.0 39500
1748127551241 80.0 40000
1748127551724 81.0 40500
1748127552206 82.0 41000
1748127552700 83.0 41500
1748127553164 84.0 42000
1748127553630 85.0 42500
1748127554122 86.0 43000
1748127554604 87.0 43500
1748127555081 88.0 44000
1748127555553 89.0 44500
1748127556052 90.0 45000
1748127556522 91.0 45500
1748127556986 92.0 46000
1748127557464 93.0 46500
1748127557962 94.0 47000
1748127558424 95.0 47500
1748127558908 96.0 48000
1748127559375 97.0 48500
1748127559837 98.0 49000
1748127560296 99.0 49500
1748127560794 100.0 50000
1748127561275 101.0 50500
1748127561748 102.0 51000
1748127562220 103.0 51500
1748127562704 104.0 52000
1748127563204 105.0 52500
1748127563687 106.0 53000
1748127564168 107.0 53500
1748127564643 108.0 54000
1748127565110 109.0 54500
1748127565575 110.0 55000
1748127566029 111.0 55500
1748127566514 112.0 56000
1748127566975 113.0 56500
1748127567447 114.0 57000
1748127567915 115.0 57500
1748127568381 116.0 58000
1748127568843 117.0 58500
1748127569302 118.0 59000
1748127569764 119.0 59500
1748127570217 120.0 60000
1748127570682 121.0 60500
1748127571168 122.0 61000
1748127571676 123.0 61500
1748127572159 124.0 62000
1748127572625 125.0 62500
1748127573082 126.0 63000
1748127573540 127.0 63500
1748127574003 128.0 64000
1748127574468 129.0 64500
1748127574931 130.0 65000
1748127575384 131.0 65500
1748127575840 132.0 66000
1748127576311 133.0 66500
1748127576778 134.0 67000
1748127577256 135.0 67500
1748127577718 136.0 68000
1748127578176 137.0 68500
1748127578632 138.0 69000
1748127579095 139.0 69500
1748127579557 140.0 70000
1748127580013 141.0 70500
1748127580476 142.0 71000
1748127580932 143.0 71500
1748127581398 144.0 72000
1748127581880 145.0 72500
1748127582338 146.0 73000
1748127582853 147.0 73500
1748127583312 148.0 74000
1748127583770 149.0 74500
1748127584241 150.0 75000
1748127584713 151.0 75500
1748127585196 152.0 76000
1748127585661 153.0 76500
1748127586129 154.0 77000
1748127586606 155.0 77500
1748127587082 156.0 78000
1748127587545 157.0 78500
1748127588005 158.0 79000
1748127588498 159.0 79500
1748127588956 160.0 80000
1748127589414 161.0 80500
1748127589875 162.0 81000
1748127590339 163.0 81500
1748127590870 164.0 82000
1748127591347 165.0 82500
1748127591836 166.0 83000
1748127592293 167.0 83500
1748127592754 168.0 84000
1748127593208 169.0 84500
1748127593660 170.0 85000
1748127594118 171.0 85500
1748127594587 172.0 86000
1748127595039 173.0 86500
1748127595501 174.0 87000
1748127595956 175.0 87500
1748127596414 176.0 88000
1748127596874 177.0 88500
1748127597338 178.0 89000
1748127597806 179.0 89500
1748127598288 180.0 90000
1748127598775 181.0 90500
1748127599250 182.0 91000
1748127599712 183.0 91500
1748127600186 184.0 92000
1748127600653 185.0 92500
1748127601112 186.0 93000
1748127601573 187.0 93500
1748127602038 188.0 94000
1748127602534 189.0 94500
1748127603023 190.0 95000
1748127603500 191.0 95500
1748127603958 192.0 96000
1748127604436 193.0 96500
1748127604924 194.0 97000
1748127605388 195.0 97500
1748127605849 196.0 98000
1748127606315 197.0 98500
1748127606776 198.0 99000
1748127607236 199.0 99500
1748127607687 200.0 100000
1748127608153 201.0 100500
1748127608619 202.0 101000
1748127609087 203.0 101500
1748127609553 204.0 102000
1748127610020 205.0 102500
1748127610482 206.0 103000
1748127610945 207.0 103500
1748127611436 208.0 104000
1748127611911 209.0 104500
1748127612397 210.0 105000
1748127612883 211.0 105500
1748127613354 212.0 106000
1748127613817 213.0 106500
1748127614316 214.0 107000
1748127614813 215.0 107500
1748127615335 216.0 108000
1748127615811 217.0 108500
1748127616276 218.0 109000
1748127616744 219.0 109500
1748127617203 220.0 110000
1748127617660 221.0 110500
1748127618120 222.0 111000
1748127618578 223.0 111500
1748127619037 224.0 112000
1748127619495 225.0 112500
1748127619965 226.0 113000
1748127620434 227.0 113500
1748127620901 228.0 114000
1748127621367 229.0 114500
1748127621827 230.0 115000
1748127622284 231.0 115500
1748127622800 232.0 116000
1748127623261 233.0 116500
1748127623723 234.0 117000
1748127624195 235.0 117500
1748127624654 236.0 118000
1748127625120 237.0 118500
1748127625577 238.0 119000
1748127626034 239.0 119500
1748127626493 240.0 120000
1748127626951 241.0 120500
1748127627411 242.0 121000
1748127627870 243.0 121500
1748127628335 244.0 122000
1748127628792 245.0 122500
1748127629253 246.0 123000
1748127629743 247.0 123500
1748127630226 248.0 124000
1748127630691 249.0 124500
1748127631158 250.0 125000
1748127631627 251.0 125500
1748127632090 252.0 126000
1748127632555 253.0 126500
1748127633028 254.0 127000
1748127633525 255.0 127500
1748127634012 256.0 128000
1748127634481 257.0 128500
1748127634951 258.0 129000
1748127635410 259.0 129500
1748127635873 260.0 130000
1748127636348 261.0 130500
1748127636820 262.0 131000
1748127637340 263.0 131500
1748127637817 264.0 132000
1748127638283 265.0 132500
1748127638746 266.0 133000
1748127639244 267.0 133500
1748127639703 268.0 134000
1748127640157 269.0 134500
1748127640616 270.0 135000
1748127641080 271.0 135500
1748127641543 272.0 136000
1748127642016 273.0 136500
1748127642477 274.0 137000
1748127642935 275.0 137500
1748127643396 276.0 138000
1748127643857 277.0 138500
1748127644325 278.0 139000
1748127644791 279.0 139500
1748127645248 280.0 140000
1748127645714 281.0 140500
1748127646180 282.0 141000
1748127646639 283.0 141500
1748127647097 284.0 142000
1748127647561 285.0 142500
1748127648031 286.0 143000
1748127648497 287.0 143500
1748127648969 288.0 144000
1748127649485 289.0 144500
1748127649947 290.0 145000
1748127650410 291.0 145500
1748127650875 292.0 146000
1748127651348 293.0 146500
1748127651809 294.0 147000
1748127652271 295.0 147500
1748127652739 296.0 148000
1748127653201 297.0 148500
1748127653672 298.0 149000
1748127654138 299.0 149500
1748127654607 300.0 150000
1748127655087 301.0 150500
1748127655544 302.0 151000
1748127655999 303.0 151500
1748127656455 304.0 152000
1748127656914 305.0 152500
1748127657381 306.0 153000
1748127657852 307.0 153500
1748127658356 308.0 154000
1748127658850 309.0 154500
1748127659312 310.0 155000
1748127659780 311.0 155500
1748127660250 312.0 156000
1748127660712 313.0 156500
1748127661181 314.0 157000
1748127661654 315.0 157500
1748127662122 316.0 158000
1748127662590 317.0 158500
1748127663075 318.0 159000
1748127663561 319.0 159500
1748127664020 320.0 160000
1748127664485 321.0 160500
1748127664946 322.0 161000
1748127665406 323.0 161500
1748127665864 324.0 162000
1748127666328 325.0 162500
1748127666811 326.0 163000
1748127667318 327.0 163500
1748127667792 328.0 164000
1748127668256 329.0 164500
1748127668740 330.0 165000
1748127669208 331.0 165500
1748127669675 332.0 166000
1748127670137 333.0 166500
1748127670595 334.0 167000
1748127671087 335.0 167500
1748127671660 336.0 168000
1748127672136 337.0 168500
1748127672605 338.0 169000
1748127673064 339.0 169500
1748127673531 340.0 170000
1748127673989 341.0 170500
1748127674477 342.0 171000
1748127675001 343.0 171500
1748127675475 344.0 172000
1748127675947 345.0 172500
1748127676421 346.0 173000
1748127676898 347.0 173500
1748127677403 348.0 174000
1748127677899 349.0 174500
1748127678367 350.0 175000
1748127678829 351.0 175500
1748127679291 352.0 176000
1748127679755 353.0 176500
1748127680211 354.0 177000
1748127680677 355.0 177500
1748127681140 356.0 178000
1748127681616 357.0 178500
1748127682113 358.0 179000
1748127682603 359.0 179500
1748127683081 360.0 180000
1748127683552 361.0 180500
1748127684017 362.0 181000
1748127684478 363.0 181500
1748127684940 364.0 182000
1748127685408 365.0 182500
1748127685877 366.0 183000
1748127686337 367.0 183500
1748127686802 368.0 184000
1748127687273 369.0 184500
1748127687763 370.0 185000
1748127688244 371.0 185500
1748127688730 372.0 186000
1748127689226 373.0 186500
1748127689716 374.0 187000
1748127690195 375.0 187500
1748127690660 376.0 188000
1748127691123 377.0 188500
1748127691588 378.0 189000
1748127692051 379.0 189500
1748127692517 380.0 190000
1748127692983 381.0 190500
1748127693453 382.0 191000
1748127693941 383.0 191500
1748127694411 384.0 192000
1748127694875 385.0 192500
1748127695334 386.0 193000
1748127695793 387.0 193500
1748127696255 388.0 194000
1748127696719 389.0 194500
1748127697179 390.0 195000
1748127697646 391.0 195500
1748127698105 392.0 196000
1748127698561 393.0 196500
1748127699019 394.0 197000
1748127699481 395.0 197500
1748127699936 396.0 198000
1748127700394 397.0 198500
1748127700851 398.0 199000
1748127701313 399.0 199500
1748127701765 400.0 200000
1748127702219 401.0 200500
1748127702679 402.0 201000
1748127703139 403.0 201500
1748127703598 404.0 202000
1748127704062 405.0 202500
1748127704520 406.0 203000
1748127704979 407.0 203500
1748127705437 408.0 204000
1748127705896 409.0 204500
1748127706355 410.0 205000
1748127706818 411.0 205500
1748127707277 412.0 206000
1748127707735 413.0 206500
1748127708198 414.0 207000
1748127708662 415.0 207500
1748127709119 416.0 208000
1748127709580 417.0 208500
1748127710039 418.0 209000
1748127710504 419.0 209500
1748127710969 420.0 210000
1748127711491 421.0 210500
1748127712015 422.0 211000
1748127712534 423.0 211500
1748127712999 424.0 212000
1748127713457 425.0 212500
1748127713917 426.0 213000
1748127714378 427.0 213500
1748127714833 428.0 214000
1748127715292 429.0 214500
1748127715757 430.0 215000
1748127716216 431.0 215500
1748127716673 432.0 216000
1748127717130 433.0 216500
1748127717598 434.0 217000
1748127718068 435.0 217500
1748127718523 436.0 218000
1748127718988 437.0 218500
1748127719442 438.0 219000
1748127719903 439.0 219500
1748127720365 440.0 220000
1748127720826 441.0 220500
1748127721292 442.0 221000
1748127721754 443.0 221500
1748127722222 444.0 222000
1748127722686 445.0 222500
1748127723143 446.0 223000
1748127723601 447.0 223500
1748127724062 448.0 224000
1748127724553 449.0 224500
1748127725013 450.0 225000
1748127725473 451.0 225500
1748127725934 452.0 226000
1748127726404 453.0 226500
1748127726870 454.0 227000
1748127727331 455.0 227500
1748127727793 456.0 228000
1748127728251 457.0 228500
1748127728707 458.0 229000
1748127729167 459.0 229500
1748127729630 460.0 230000
1748127730087 461.0 230500
1748127730544 462.0 231000
1748127730999 463.0 231500
1748127731460 464.0 232000
1748127731926 465.0 232500
1748127732391 466.0 233000
1748127732850 467.0 233500
1748127733309 468.0 234000
1748127733778 469.0 234500
1748127734248 470.0 235000
1748127734711 471.0 235500
1748127735174 472.0 236000
1748127735630 473.0 236500
1748127736098 474.0 237000
1748127736561 475.0 237500
1748127737052 476.0 238000
1748127737566 477.0 238500
1748127738033 478.0 239000
1748127738515 479.0 239500
1748127738986 480.0 240000
1748127739466 481.0 240500
1748127739930 482.0 241000
1748127740397 483.0 241500
1748127740875 484.0 242000
1748127741344 485.0 242500
1748127741811 486.0 243000
1748127742271 487.0 243500
1748127742744 488.0 244000
1748127743206 489.0 244500
1748127743683 490.0 245000
1748127744146 491.0 245500
1748127744619 492.0 246000
1748127745093 493.0 246500
1748127745571 494.0 247000
1748127746050 495.0 247500
1748127746514 496.0 248000
1748127746990 497.0 248500
1748127747454 498.0 249000
1748127747910 499.0 249500
1748127748385 500.0 250000
1748127748853 501.0 250500
1748127749327 502.0 251000
1748127749789 503.0 251500
1748127750268 504.0 252000
1748127750740 505.0 252500
1748127751199 506.0 253000
1748127751654 507.0 253500
1748127752119 508.0 254000
1748127752577 509.0 254500
1748127753045 510.0 255000
1748127753502 511.0 255500
1748127753959 512.0 256000
1748127754417 513.0 256500
1748127754899 514.0 257000
1748127755368 515.0 257500
1748127755878 516.0 258000
1748127756342 517.0 258500
1748127756805 518.0 259000
1748127757266 519.0 259500
1748127757726 520.0 260000
1748127758186 521.0 260500
1748127758646 522.0 261000
1748127759110 523.0 261500
1748127759575 524.0 262000
1748127760032 525.0 262500
1748127760493 526.0 263000
1748127760953 527.0 263500
1748127761415 528.0 264000
1748127761880 529.0 264500
1748127762347 530.0 265000
1748127762809 531.0 265500
1748127763328 532.0 266000
1748127763790 533.0 266500
1748127764279 534.0 267000
1748127764861 535.0 267500
1748127765392 536.0 268000
1748127765879 537.0 268500
1748127766392 538.0 269000
1748127766952 539.0 269500
1748127767444 540.0 270000
1748127767953 541.0 270500
1748127768459 542.0 271000
1748127768967 543.0 271500
1748127769474 544.0 272000
1748127769968 545.0 272500
1748127770457 546.0 273000
1748127770942 547.0 273500
1748127771412 548.0 274000
1748127771889 549.0 274500
1748127772359 550.0 275000
1748127772909 551.0 275500
1748127773376 552.0 276000
1748127773839 553.0 276500
1748127774300 554.0 277000
1748127774761 555.0 277500
1748127775256 556.0 278000
1748127775725 557.0 278500
1748127776189 558.0 279000
1748127776651 559.0 279500
1748127777112 560.0 280000
1748127777579 561.0 280500
1748127778054 562.0 281000
1748127778514 563.0 281500
1748127778973 564.0 282000
1748127779430 565.0 282500
1748127779889 566.0 283000
1748127780354 567.0 283500
1748127780849 568.0 284000
1748127781318 569.0 284500
1748127781828 570.0 285000
1748127782309 571.0 285500
1748127782776 572.0 286000
1748127783232 573.0 286500
1748127783688 574.0 287000
1748127784143 575.0 287500
1748127784608 576.0 288000
1748127785076 577.0 288500
1748127785536 578.0 289000
1748127786001 579.0 289500
1748127786464 580.0 290000
1748127786924 581.0 290500
1748127787388 582.0 291000
1748127787844 583.0 291500
1748127788308 584.0 292000
1748127788768 585.0 292500
1748127789235 586.0 293000
1748127789701 587.0 293500
1748127790159 588.0 294000
1748127790618 589.0 294500
1748127791117 590.0 295000
1748127791594 591.0 295500
1748127792071 592.0 296000
1748127792531 593.0 296500
1748127792988 594.0 297000
1748127793455 595.0 297500
1748127793915 596.0 298000
1748127794390 597.0 298500
1748127794851 598.0 299000
1748127795314 599.0 299500
1748127795772 600.0 300000
1748127796233 601.0 300500
1748127796698 602.0 301000
1748127797156 603.0 301500
1748127797643 604.0 302000
1748127798100 605.0 302500
1748127798566 606.0 303000
1748127799026 607.0 303500
1748127799488 608.0 304000
1748127799966 609.0 304500
1748127800444 610.0 305000
1748127801039 611.0 305500
1748127801582 612.0 306000
1748127802072 613.0 306500
1748127802560 614.0 307000
1748127803034 615.0 307500
1748127803499 616.0 308000
1748127803960 617.0 308500
1748127804417 618.0 309000
1748127804876 619.0 309500
1748127805347 620.0 310000
1748127805811 621.0 310500
1748127806306 622.0 311000
1748127806811 623.0 311500
1748127807323 624.0 312000
1748127807806 625.0 312500
1748127808272 626.0 313000
1748127808779 627.0 313500
1748127809280 628.0 314000
1748127809807 629.0 314500
1748127810285 630.0 315000
1748127810775 631.0 315500
1748127811254 632.0 316000
1748127811713 633.0 316500
1748127812177 634.0 317000
1748127812641 635.0 317500
1748127813099 636.0 318000
1748127813565 637.0 318500
1748127814051 638.0 319000
1748127814570 639.0 319500
1748127815039 640.0 320000
1748127815517 641.0 320500
1748127815981 642.0 321000
1748127816448 643.0 321500
1748127816961 644.0 322000
1748127817447 645.0 322500
1748127817934 646.0 323000
1748127818414 647.0 323500
1748127818888 648.0 324000
1748127819394 649.0 324500
1748127819891 650.0 325000
1748127820359 651.0 325500
