1748127514164 -0.14 500
1748127514629 0.03 1000
1748127515099 -0.24 1500
1748127515566 -0.28 2000
1748127516038 0.02 2500
1748127516499 0.2 3000
1748127516966 -0.42 3500
1748127517480 -0.25 4000
1748127517959 0.01 4500
1748127518432 -0.03 5000
1748127518921 0.13 5500
1748127519382 0.07 6000
1748127519840 0.07 6500
1748127520335 0.25 7000
1748127520806 -0.18 7500
1748127521277 0.21 8000
1748127522210 0.21 9000
1748127522678 0.16 9500
1748127523143 0.25 10000
1748127523604 -0.19 10500
1748127524077 -0.07 11000
1748127524552 0.21 11500
1748127525018 0.2 12000
1748127525477 -0.26 12500
1748127525951 -0.42 13000
1748127526417 -0.24 13500
1748127526887 -0.09 14000
1748127527354 0.12 14500
1748127527817 -0.08 15000
1748127528320 0.93 15500
1748127528786 -0.78 16000
1748127529242 0.25 16500
1748127529718 0.59 17000
1748127530181 0.23 17500
1748127530649 0.16 18000
1748127531124 -0.32 18500
1748127531594 -0.26 19000
1748127532057 -0.2 19500
1748127532524 0.23 20000
1748127532994 -0.34 20500
1748127533460 -0.0 21000
1748127533919 -0.38 21500
1748127534387 0.74 22000
1748127534858 0.58 22500
1748127535314 -0.01 23000
1748127535777 0.64 23500
1748127536236 0.39 24000
1748127536692 2.63 24500
1748127537150 1.59 25000
1748127537616 0.48 25500
1748127538079 0.62 26000
1748127538540 0.16 26500
1748127539001 0.45 27000
1748127539457 2.15 27500
1748127539916 1.38 28000
1748127540375 1.68 28500
1748127540832 0.48 29000
1748127541370 1.89 29500
1748127541833 1.45 30000
1748127542319 0.96 30500
1748127542826 0.13 31000
1748127543323 0.78 31500
1748127543789 0.75 32000
1748127544259 0.75 32500
1748127544726 1.2 33000
1748127545190 1.09 33500
1748127545649 0.92 34000
1748127546131 1.26 34500
1748127546591 1.55 35000
1748127547053 1.66 35500
1748127547517 0.78 36000
1748127547987 0.67 36500
1748127548451 1.71 37000
1748127548906 1.18 37500
1748127549380 0.77 38000
1748127549851 1.85 38500
1748127550310 1.06 39000
1748127550778 1.52 39500
1748127551242 0.02 40000
1748127551725 0.51 40500
1748127552208 0.14 41000
1748127552701 0.86 41500
1748127553165 0.25 42000
1748127553631 0.45 42500
1748127554124 0.16 43000
1748127554606 -0.22 43500
1748127555082 0.1 44000
1748127555555 -0.08 44500
1748127556054 0.19 45000
1748127556523 -0.2 45500
1748127556988 0.14 46000
1748127557465 -0.1 46500
1748127557963 0.15 47000
1748127558425 0.4 47500
1748127558910 1.63 48000
1748127559376 2.21 48500
1748127559838 1.65 49000
1748127560297 0.79 49500
1748127560796 -0.13 50000
1748127561276 0.11 50500
1748127562222 -0.23 51500
1748127562705 0.0 52000
1748127563205 0.33 52500
1748127563688 -0.22 53000
1748127564170 0.18 53500
1748127564644 -0.14 54000
1748127565112 -0.03 54500
1748127565576 -0.33 55000
1748127566031 -0.33 55500
1748127566515 -0.23 56000
1748127566976 -0.21 56500
1748127567448 -0.29 57000
1748127567916 0.14 57500
1748127568382 0.17 58000
1748127568844 -0.33 58500
1748127569303 0.09 59000
1748127569765 0.07 59500
1748127570218 -0.25 60000
1748127570683 -0.11 60500
1748127571169 0.23 61000
1748127571678 0.11 61500
1748127572160 0.22 62000
1748127572626 -0.09 62500
1748127573083 0.2 63000
1748127573542 -0.04 63500
1748127574004 -0.15 64000
1748127574469 -0.11 64500
1748127574932 -0.37 65000
1748127575385 -0.06 65500
1748127575841 -0.31 66000
1748127576313 0.24 66500
1748127576779 0.15 67000
1748127577258 0.08 67500
1748127577720 0.23 68000
1748127578177 0.25 68500
1748127579097 -0.05 69500
1748127579559 -0.11 70000
1748127580015 0.05 70500
1748127580477 -0.34 71000
1748127580933 0.13 71500
1748127581399 -0.08 72000
1748127581881 -0.33 72500
1748127582340 0.36 73000
1748127582855 0.28 73500
1748127583313 -0.13 74000
1748127583771 0.06 74500
1748127584243 0.25 75000
1748127584714 -0.33 75500
1748127585198 0.08 76000
1748127585662 0.09 76500
1748127586131 0.22 77000
1748127586607 0.18 77500
1748127587084 -0.16 78000
1748127587547 -0.17 78500
1748127588007 0.18 79000
1748127588499 0.14 79500
1748127588958 0.23 80000
1748127589415 0.38 80500
1748127589876 0.12 81000
1748127590341 -0.14 81500
1748127590871 0.09 82000
1748127591348 -0.11 82500
1748127591838 -0.05 83000
1748127592294 -0.34 83500
1748127592755 -0.2 84000
1748127593209 -0.09 84500
1748127593661 -0.3 85000
1748127594120 -0.3 85500
1748127594589 -0.1 86000
1748127595041 0.13 86500
1748127595502 -0.21 87000
1748127595957 -0.08 87500
1748127596415 0.13 88000
1748127596875 -0.32 88500
1748127597339 -0.14 89000
1748127597807 -0.03 89500
1748127598290 -0.15 90000
1748127598777 0.27 90500
1748127599251 -0.13 91000
1748127599714 0.02 91500
1748127600187 0.15 92000
1748127600654 0.16 92500
1748127601113 0.18 93000
1748127601574 0.09 93500
1748127602040 -0.17 94000
1748127602535 0.18 94500
1748127603024 0.12 95000
1748127603501 -0.05 95500
1748127603960 0.13 96000
1748127604437 -0.16 96500
1748127604926 0.11 97000
1748127605390 -0.08 97500
1748127605851 -0.06 98000
1748127606316 0.14 98500
1748127606778 0.27 99000
1748127607238 0.13 99500
1748127607688 -0.33 100000
1748127608155 0.08 100500
1748127608620 -0.05 101000
1748127609089 -0.33 101500
1748127609554 0.07 102000
1748127610022 -0.17 102500
1748127610484 0.21 103000
1748127610946 -0.21 103500
1748127611437 -0.27 104000
1748127611912 0.19 104500
1748127612398 0.21 105000
1748127612884 -0.12 105500
1748127613356 0.1 106000
1748127613819 -0.08 106500
1748127614318 -0.11 107000
1748127614815 -0.07 107500
1748127615336 -0.26 108000
1748127615812 0.04 108500
1748127616278 -0.25 109000
1748127616746 0.01 109500
1748127617204 0.26 110000
1748127617662 -0.16 110500
1748127618121 -0.32 111000
1748127618579 0.16 111500
1748127619038 -0.1 112000
1748127619497 0.08 112500
1748127619966 0.08 113000
1748127620436 -0.26 113500
1748127620903 0.3 114000
1748127621368 -0.11 114500
1748127621828 0.28 115000
1748127622285 0.07 115500
1748127622802 0.16 116000
1748127623262 -0.26 116500
1748127623725 -0.26 117000
1748127624197 -0.02 117500
1748127624655 0.11 118000
1748127625122 -0.03 118500
1748127625578 0.22 119000
1748127626036 0.18 119500
1748127626494 -0.24 120000
1748127626953 0.01 120500
1748127627413 -0.01 121000
1748127627871 -0.09 121500
1748127628336 -0.17 122000
1748127628793 -0.26 122500
1748127629255 0.18 123000
1748127629744 0.18 123500
1748127630227 -0.2 124000
1748127630692 0.03 124500
1748127631160 -0.14 125000
1748127631629 -0.21 125500
1748127632091 -0.26 126000
1748127632557 -0.3 126500
1748127633030 -0.01 127000
1748127633527 -0.24 127500
1748127634013 0.07 128000
1748127634482 -0.05 128500
1748127634952 0.07 129000
1748127635412 -0.27 129500
1748127635875 -0.29 130000
1748127636349 0.17 130500
1748127636821 -0.31 131000
1748127637341 0.02 131500
1748127637818 -0.12 132000
1748127638284 0.3 132500
1748127638747 0.35 133000
1748127639245 0.04 133500
1748127639704 0.39 134000
1748127640158 0.36 134500
1748127640617 0.34 135000
1748127641082 0.43 135500
1748127641545 -0.17 136000
1748127642018 0.42 136500
1748127642478 0.77 137000
1748127642937 -0.22 137500
1748127643397 -0.12 138000
1748127643858 0.06 138500
1748127644327 0.63 139000
1748127644792 0.11 139500
1748127645250 -0.09 140000
1748127645715 0.38 140500
1748127646181 0.43 141000
1748127646641 0.0 141500
1748127647098 0.32 142000
1748127647563 0.43 142500
1748127648033 0.15 143000
1748127648498 0.24 143500
1748127648970 0.15 144000
1748127649486 -0.13 144500
1748127649948 0.04 145000
1748127650411 -0.01 145500
1748127650876 0.25 146000
1748127651349 0.24 146500
1748127651811 0.3 147000
1748127652272 0.13 147500
1748127652740 0.02 148000
1748127653202 -0.19 148500
1748127653673 0.46 149000
1748127654140 -0.18 149500
1748127654608 -0.37 150000
1748127655089 0.26 150500
1748127655545 -0.34 151000
1748127656000 0.02 151500
1748127656456 0.43 152000
1748127656915 -0.21 152500
1748127657383 0.37 153000
1748127657853 -0.07 153500
1748127658358 -0.32 154000
1748127658851 0.27 154500
1748127659314 -0.4 155000
1748127659782 -0.03 155500
1748127660251 -0.03 156000
1748127660714 0.17 156500
1748127661182 1.0 157000
1748127661656 0.9 157500
1748127662123 0.27 158000
1748127662591 0.56 158500
1748127663077 0.24 159000
1748127663562 0.81 159500
1748127664021 -0.05 160000
1748127664486 -0.11 160500
1748127664948 0.42 161000
1748127665407 0.26 161500
1748127665865 0.86 162000
1748127666329 0.09 162500
1748127666813 0.19 163000
1748127667319 0.2 163500
1748127667793 0.4 164000
1748127668257 0.11 164500
1748127668741 0.09 165000
1748127669209 -0.07 165500
1748127669676 0.17 166000
1748127670138 0.08 166500
1748127670597 0.41 167000
1748127671089 0.3 167500
1748127671662 0.11 168000
1748127672137 -0.28 168500
1748127672606 -0.1 169000
1748127673066 -0.46 169500
1748127673533 -0.28 170000
1748127673991 0.1 170500
1748127674478 0.15 171000
1748127675002 0.23 171500
1748127675476 -0.11 172000
1748127675949 0.24 172500
1748127676422 0.35 173000
1748127676900 -0.27 173500
1748127677405 0.2 174000
1748127677900 -0.05 174500
1748127678368 0.26 175000
1748127678830 -0.22 175500
1748127679292 0.35 176000
1748127679756 1.01 176500
1748127680212 0.42 177000
1748127680679 0.64 177500
1748127681141 0.23 178000
1748127681617 -0.11 178500
1748127682114 0.23 179000
1748127682604 0.04 179500
1748127683082 -0.39 180000
1748127683554 -0.03 180500
1748127684018 -0.7 181000
1748127684479 0.83 181500
1748127684941 0.8 182000
1748127685410 0.02 182500
1748127685878 0.39 183000
1748127686338 0.95 183500
1748127686803 0.19 184000
1748127687274 0.37 184500
1748127687764 0.08 185000
1748127688245 -0.22 185500
1748127688732 -0.19 186000
1748127689228 -0.05 186500
1748127689718 -0.18 187000
1748127690196 0.44 187500
1748127690662 0.62 188000
1748127691124 0.36 188500
1748127691590 -1.07 189000
1748127692518 0.27 190000
1748127692985 0.47 190500
1748127693455 -0.07 191000
1748127693942 0.27 191500
1748127694413 0.82 192000
1748127694877 -0.05 192500
1748127695336 -0.0 193000
1748127695795 0.44 193500
1748127696257 -0.38 194000
1748127696720 0.24 194500
1748127697180 0.03 195000
1748127697647 -0.17 195500
1748127698106 0.58 196000
1748127698562 -0.01 196500
1748127699021 -0.47 197000
1748127699483 0.07 197500
1748127699937 -0.47 198000
1748127700395 -0.22 198500
1748127700853 0.21 199000
1748127701314 -0.06 199500
1748127701766 0.39 200000
1748127702220 -0.15 200500
1748127702681 0.83 201000
1748127703140 0.03 201500
1748127703599 0.32 202000
1748127704064 -0.26 202500
1748127704521 -0.23 203000
1748127704981 -0.04 203500
1748127705439 0.83 204000
1748127705897 -0.21 204500
1748127706356 0.03 205000
1748127706819 -0.16 205500
1748127707278 0.23 206000
1748127707736 0.37 206500
1748127708200 -0.1 207000
1748127708663 -0.3 207500
1748127709120 -0.13 208000
1748127709581 -0.32 208500
1748127710040 -0.56 209000
1748127710505 -0.19 209500
1748127710971 -0.12 210000
1748127711492 0.16 210500
1748127712016 0.48 211000
1748127712536 0.52 211500
1748127713001 0.44 212000
1748127713458 0.12 212500
1748127713919 -0.34 213000
1748127714379 0.35 213500
1748127714834 0.3 214000
1748127715293 -0.01 214500
1748127715758 -0.59 215000
1748127716218 -0.06 215500
1748127716674 0.05 216000
1748127717131 0.6 216500
1748127717599 0.28 217000
1748127718069 0.18 217500
1748127718524 -0.03 218000
1748127718989 0.65 218500
1748127719443 -0.17 219000
1748127719904 0.15 219500
1748127720366 0.42 220000
1748127720827 0.42 220500
1748127721293 -0.32 221000
1748127721756 0.11 221500
1748127722223 0.11 222000
1748127722688 0.16 222500
1748127723144 0.21 223000
1748127723602 -0.13 223500
1748127724063 -0.04 224000
1748127724554 0.46 224500
1748127725015 0.01 225000
1748127725475 -0.43 225500
1748127725935 0.86 226000
1748127726405 1.98 226500
1748127726871 0.47 227000
1748127727333 0.17 227500
1748127727794 -0.04 228000
1748127728252 -0.14 228500
1748127728708 -0.08 229000
1748127729168 -0.22 229500
1748127729631 0.22 230000
1748127730089 0.36 230500
1748127730546 -0.07 231000
1748127731001 -0.12 231500
1748127731461 0.64 232000
1748127731928 0.4 232500
1748127732392 0.43 233000
1748127732851 0.14 233500
1748127733311 0.28 234000
1748127733779 0.35 234500
1748127734249 0.28 235000
1748127734712 -0.06 235500
1748127735176 0.02 236000
1748127735632 0.31 236500
1748127736099 0.44 237000
1748127736562 -0.25 237500
1748127737054 0.32 238000
1748127738034 -0.21 239000
1748127738516 0.04 239500
1748127738988 0.22 240000
1748127739467 0.01 240500
1748127739931 -0.19 241000
1748127740399 0.06 241500
1748127740876 -0.36 242000
1748127741346 0.03 242500
1748127741813 0.16 243000
1748127742273 -0.06 243500
1748127742745 -0.75 244000
1748127743208 -0.34 244500
1748127743684 0.21 245000
1748127744148 -0.51 245500
1748127744620 0.07 246000
1748127745095 0.07 246500
1748127745573 -0.15 247000
1748127746052 0.31 247500
1748127746515 -0.18 248000
1748127746991 0.03 248500
1748127747455 -0.29 249000
1748127747911 -0.07 249500
1748127748386 0.18 250000
1748127748855 0.09 250500
1748127749329 0.01 251000
1748127749791 0.05 251500
1748127750269 -0.14 252000
1748127750741 -0.27 252500
1748127751200 0.32 253000
1748127751655 -0.0 253500
1748127752121 -0.14 254000
1748127752578 -0.33 254500
1748127753046 -0.12 255000
1748127753503 0.27 255500
1748127753960 0.14 256000
1748127754419 -0.22 256500
1748127754901 -0.23 257000
1748127755369 0.15 257500
1748127755879 -0.17 258000
1748127756343 -0.09 258500
1748127756806 0.02 259000
1748127757267 0.05 259500
1748127757727 -0.31 260000
1748127758187 -0.18 260500
1748127758647 -0.01 261000
1748127759111 -0.02 261500
1748127759576 -0.78 262000
1748127760033 -0.27 262500
1748127760494 -0.11 263000
1748127760954 0.23 263500
1748127761416 -0.35 264000
1748127761881 0.26 264500
1748127762348 -0.09 265000
1748127762811 -0.34 265500
1748127763329 -0.06 266000
1748127763791 -0.21 266500
1748127764280 -0.06 267000
1748127764862 -0.22 267500
1748127765394 0.17 268000
1748127765882 0.17 268500
1748127766393 -0.09 269000
1748127766953 -0.45 269500
1748127767445 0.28 270000
1748127767956 -0.09 270500
1748127768460 0.16 271000
1748127768968 -0.0 271500
1748127769476 -0.2 272000
1748127769969 0.15 272500
1748127770458 -0.07 273000
1748127770944 -0.29 273500
1748127771413 0.07 274000
1748127771890 -0.26 274500
1748127772361 0.41 275000
1748127772910 -0.02 275500
1748127773378 -0.09 276000
1748127773840 -0.16 276500
1748127774301 -0.18 277000
1748127774763 -0.07 277500
1748127775257 -0.27 278000
1748127775726 -0.29 278500
1748127776190 0.11 279000
1748127776652 0.08 279500
1748127777113 0.15 280000
1748127777580 0.06 280500
1748127778055 0.14 281000
1748127778515 0.15 281500
1748127778974 0.26 282000
1748127779432 -0.0 282500
1748127779890 -0.22 283000
1748127780356 -0.08 283500
1748127780851 0.22 284000
1748127781319 0.06 284500
1748127781830 0.29 285000
1748127782310 0.05 285500
1748127782777 0.01 286000
1748127783234 -0.05 286500
1748127783689 0.22 287000
1748127784144 -0.17 287500
1748127784610 0.06 288000
1748127785078 0.22 288500
1748127785537 -0.23 289000
1748127786002 0.11 289500
1748127786466 0.2 290000
1748127786926 -0.11 290500
1748127787389 -0.35 291000
1748127787846 -0.27 291500
1748127788309 -0.01 292000
1748127788770 -0.03 292500
1748127789236 0.33 293000
1748127789702 -0.0 293500
1748127790160 0.28 294000
1748127790620 0.22 294500
1748127791118 0.09 295000
1748127791596 0.14 295500
1748127792072 -0.13 296000
1748127792532 -0.26 296500
1748127792989 0.02 297000
1748127793456 -0.31 297500
1748127793916 -0.46 298000
1748127794392 0.04 298500
1748127794853 -0.39 299000
1748127795315 0.03 299500
1748127795773 0.33 300000
1748127796234 0.14 300500
1748127796699 -0.28 301000
1748127797157 0.37 301500
1748127797645 0.27 302000
1748127798101 0.12 302500
1748127798567 -0.07 303000
1748127799027 -0.33 303500
1748127799489 0.03 304000
1748127799967 -0.14 304500
1748127800446 -0.02 305000
1748127801041 -0.08 305500
1748127801583 0.08 306000
1748127802073 0.21 306500
1748127802562 0.03 307000
1748127803036 0.17 307500
1748127803501 0.29 308000
1748127804419 -0.42 309000
1748127804877 -0.19 309500
1748127805348 0.18 310000
1748127805813 0.31 310500
1748127806307 -0.02 311000
1748127806813 0.07 311500
1748127807325 0.11 312000
1748127807808 -0.24 312500
1748127808274 -0.04 313000
1748127808780 0.27 313500
1748127809281 0.11 314000
1748127809808 -0.22 314500
1748127810286 -0.34 315000
1748127810777 -0.28 315500
1748127811256 0.32 316000
1748127811714 0.3 316500
1748127812179 -0.3 317000
1748127812643 0.18 317500
1748127813100 -0.07 318000
1748127813567 0.26 318500
1748127814052 -0.09 319000
1748127814571 -0.23 319500
1748127815040 0.15 320000
1748127815519 0.02 320500
1748127815982 0.3 321000
1748127816449 -0.27 321500
1748127816962 0.22 322000
1748127817448 -0.08 322500
1748127817935 -0.3 323000
1748127818416 0.32 323500
1748127818889 0.14 324000
1748127819395 -0.2 324500
1748127819893 0.27 325000
1748127820360 0.17 325500
