1748127514167 0.09140767824497258 500
1748127514631 0.18281535648994515 1000
1748127515101 0.2742230347349177 1500
1748127515568 0.3656307129798903 2000
1748127516040 0.4570383912248629 2500
1748127516502 0.5484460694698354 3000
1748127516969 0.6398537477148081 3500
1748127517482 0.7312614259597806 4000
1748127517962 0.8226691042047531 4500
1748127518435 0.9140767824497258 5000
1748127518924 1.0054844606946984 5500
1748127519384 1.0968921389396709 6000
1748127519842 1.1882998171846435 6500
1748127520337 1.2797074954296161 7000
1748127520809 1.3711151736745886 7500
1748127521280 1.4625228519195612 8000
1748127522212 1.6453382084095063 9000
1748127522681 1.736745886654479 9500
1748127523145 1.8281535648994516 10000
1748127523607 1.9195612431444242 10500
1748127524079 2.010968921389397 11000
1748127524555 2.1023765996343693 11500
1748127525021 2.1937842778793417 12000
1748127525479 2.2851919561243146 12500
1748127525954 2.376599634369287 13000
1748127526419 2.46800731261426 13500
1748127526890 2.5594149908592323 14000
1748127527357 2.6508226691042047 14500
1748127527820 2.742230347349177 15000
1748127528322 2.83363802559415 15500
1748127528788 2.9250457038391224 16000
1748127529244 3.0164533820840953 16500
1748127529720 3.1078610603290677 17000
1748127530183 3.19926873857404 17500
1748127530652 3.2906764168190126 18000
1748127531127 3.3820840950639854 18500
1748127531597 3.473491773308958 19000
1748127532060 3.5648994515539303 19500
1748127532527 3.656307129798903 20000
1748127532996 3.7477148080438756 20500
1748127533463 3.8391224862888484 21000
1748127533922 3.930530164533821 21500
1748127534390 4.021937842778794 22000
1748127534861 4.113345521023766 22500
1748127535317 4.204753199268739 23000
1748127535779 4.296160877513711 23500
1748127536238 4.387568555758683 24000
1748127536694 4.478976234003657 24500
1748127537153 4.570383912248629 25000
1748127537618 4.661791590493602 25500
1748127538081 4.753199268738574 26000
1748127538543 4.844606946983546 26500
1748127539004 4.93601462522852 27000
1748127539459 5.027422303473491 27500
1748127539919 5.118829981718465 28000
1748127540377 5.210237659963437 28500
1748127540835 5.301645338208409 29000
1748127541373 5.393053016453382 29500
1748127541836 5.484460694698354 30000
1748127542321 5.575868372943328 30500
1748127542829 5.6672760511883 31000
1748127543326 5.7586837294332724 31500
1748127543792 5.850091407678245 32000
1748127544261 5.941499085923217 32500
1748127544728 6.032906764168191 33000
1748127545193 6.124314442413162 33500
1748127545652 6.2157221206581355 34000
1748127546134 6.307129798903108 34500
1748127546593 6.39853747714808 35000
1748127547055 6.489945155393053 35500
1748127547520 6.581352833638025 36000
1748127547989 6.6727605118829985 36500
1748127548453 6.764168190127971 37000
1748127548909 6.855575868372943 37500
1748127549382 6.946983546617916 38000
1748127549854 7.038391224862889 38500
1748127550313 7.129798903107861 39000
1748127550780 7.221206581352833 39500
1748127551245 7.312614259597806 40000
1748127551728 7.40402193784278 40500
1748127552211 7.495429616087751 41000
1748127552704 7.586837294332724 41500
1748127553168 7.678244972577697 42000
1748127553634 7.769652650822668 42500
1748127554126 7.861060329067642 43000
1748127554609 7.952468007312614 43500
1748127555084 8.043875685557587 44000
1748127555557 8.135283363802559 44500
1748127556056 8.226691042047532 45000
1748127556526 8.318098720292506 45500
1748127556990 8.409506398537477 46000
1748127557468 8.500914076782449 46500
1748127557966 8.592321755027422 47000
1748127558428 8.683729433272395 47500
1748127558913 8.775137111517367 48000
1748127559378 8.86654478976234 48500
1748127559841 8.957952468007313 49000
1748127560300 9.049360146252285 49500
1748127560798 9.140767824497258 50000
1748127561279 9.23217550274223 50500
1748127562224 9.414990859232175 51500
1748127562709 9.506398537477148 52000
1748127563208 9.597806215722121 52500
1748127563695 9.689213893967093 53000
1748127564172 9.780621572212066 53500
1748127564647 9.87202925045704 54000
1748127565114 9.963436928702011 54500
1748127565579 10.054844606946983 55000
1748127566033 10.146252285191956 55500
1748127566518 10.23765996343693 56000
1748127566979 10.3290676416819 56500
1748127567451 10.420475319926874 57000
1748127567919 10.511882998171847 57500
1748127568384 10.603290676416819 58000
1748127568847 10.694698354661792 58500
1748127569306 10.786106032906764 59000
1748127569768 10.877513711151737 59500
1748127570221 10.968921389396709 60000
1748127570686 11.060329067641682 60500
1748127571172 11.151736745886655 61000
1748127571680 11.243144424131627 61500
1748127572163 11.3345521023766 62000
1748127572629 11.425959780621572 62500
1748127573086 11.517367458866545 63000
1748127573544 11.608775137111516 63500
1748127574007 11.70018281535649 64000
1748127574472 11.791590493601463 64500
1748127574935 11.882998171846435 65000
1748127575388 11.974405850091408 65500
1748127575844 12.065813528336381 66000
1748127576315 12.157221206581353 66500
1748127576782 12.248628884826324 67000
1748127577260 12.340036563071298 67500
1748127577722 12.431444241316271 68000
1748127578179 12.522851919561242 68500
1748127579100 12.705667276051189 69500
1748127579561 12.79707495429616 70000
1748127580017 12.888482632541134 70500
1748127580480 12.979890310786105 71000
1748127580936 13.071297989031077 71500
1748127581401 13.16270566727605 72000
1748127581884 13.254113345521024 72500
1748127582342 13.345521023765997 73000
1748127582857 13.43692870201097 73500
1748127583316 13.528336380255942 74000
1748127583774 13.619744058500913 74500
1748127584245 13.711151736745887 75000
1748127584717 13.802559414990858 75500
1748127585200 13.893967093235831 76000
1748127585665 13.985374771480805 76500
1748127586133 14.076782449725778 77000
1748127586610 14.168190127970751 77500
1748127587086 14.259597806215721 78000
1748127587549 14.351005484460694 78500
1748127588009 14.442413162705666 79000
1748127588502 14.53382084095064 79500
1748127588960 14.625228519195613 80000
1748127589418 14.716636197440586 80500
1748127589879 14.80804387568556 81000
1748127590343 14.899451553930529 81500
1748127590874 14.990859232175502 82000
1748127591351 15.082266910420476 82500
1748127591840 15.173674588665447 83000
1748127592297 15.26508226691042 83500
1748127592758 15.356489945155394 84000
1748127593212 15.447897623400367 84500
1748127593664 15.539305301645337 85000
1748127594122 15.63071297989031 85500
1748127594591 15.722120658135283 86000
1748127595043 15.813528336380255 86500
1748127595505 15.904936014625228 87000
1748127595959 15.996343692870202 87500
1748127596418 16.087751371115175 88000
1748127596878 16.179159049360145 88500
1748127597342 16.270566727605118 89000
1748127597810 16.36197440585009 89500
1748127598293 16.453382084095065 90000
1748127598779 16.544789762340038 90500
1748127599254 16.63619744058501 91000
1748127599716 16.727605118829985 91500
1748127600190 16.819012797074954 92000
1748127600656 16.910420475319928 92500
1748127601116 17.001828153564897 93000
1748127601577 17.09323583180987 93500
1748127602042 17.184643510054844 94000
1748127602538 17.276051188299817 94500
1748127603027 17.36745886654479 95000
1748127603504 17.45886654478976 95500
1748127603962 17.550274223034734 96000
1748127604440 17.641681901279707 96500
1748127604928 17.73308957952468 97000
1748127605392 17.824497257769654 97500
1748127605853 17.915904936014627 98000
1748127606319 18.0073126142596 98500
1748127606780 18.09872029250457 99000
1748127607240 18.190127970749543 99500
1748127607691 18.281535648994517 100000
1748127608158 18.37294332723949 100500
1748127608623 18.46435100548446 101000
1748127609092 18.555758683729433 101500
1748127609556 18.647166361974406 102000
1748127610024 18.738574040219376 102500
1748127610487 18.82998171846435 103000
1748127610949 18.921389396709323 103500
1748127611440 19.012797074954296 104000
1748127611914 19.10420475319927 104500
1748127612401 19.195612431444243 105000
1748127612887 19.287020109689216 105500
1748127613358 19.378427787934186 106000
1748127613821 19.46983546617916 106500
1748127614320 19.561243144424132 107000
1748127614817 19.652650822669106 107500
1748127615339 19.74405850091408 108000
1748127615815 19.83546617915905 108500
1748127616280 19.926873857404022 109000
1748127616748 20.018281535648992 109500
1748127617206 20.109689213893965 110000
1748127617665 20.20109689213894 110500
1748127618124 20.29250457038391 111000
1748127618582 20.383912248628885 111500
1748127619041 20.47531992687386 112000
1748127619500 20.56672760511883 112500
1748127619969 20.6581352833638 113000
1748127620438 20.749542961608775 113500
1748127620905 20.840950639853748 114000
1748127621371 20.93235831809872 114500
1748127621831 21.023765996343695 115000
1748127622288 21.115173674588668 115500
1748127622804 21.206581352833638 116000
1748127623265 21.29798903107861 116500
1748127623727 21.389396709323584 117000
1748127624199 21.480804387568554 117500
1748127624658 21.572212065813527 118000
1748127625124 21.6636197440585 118500
1748127625581 21.755027422303474 119000
1748127626038 21.846435100548444 119500
1748127626497 21.937842778793417 120000
1748127626955 22.02925045703839 120500
1748127627415 22.120658135283364 121000
1748127627874 22.212065813528337 121500
1748127628339 22.30347349177331 122000
1748127628796 22.394881170018284 122500
1748127629257 22.486288848263253 123000
1748127629747 22.577696526508227 123500
1748127630230 22.6691042047532 124000
1748127630695 22.760511882998173 124500
1748127631162 22.851919561243143 125000
1748127631631 22.943327239488116 125500
1748127632094 23.03473491773309 126000
1748127632559 23.12614259597806 126500
1748127633032 23.217550274223033 127000
1748127633529 23.308957952468006 127500
1748127634016 23.40036563071298 128000
1748127634485 23.491773308957953 128500
1748127634955 23.583180987202926 129000
1748127635414 23.6745886654479 129500
1748127635877 23.76599634369287 130000
1748127636352 23.857404021937842 130500
1748127636824 23.948811700182816 131000
1748127637344 24.04021937842779 131500
1748127637822 24.131627056672762 132000
1748127638287 24.223034734917732 132500
1748127638750 24.314442413162705 133000
1748127639248 24.40585009140768 133500
1748127639707 24.49725776965265 134000
1748127640161 24.588665447897622 134500
1748127640620 24.680073126142595 135000
1748127641084 24.77148080438757 135500
1748127641547 24.862888482632542 136000
1748127642020 24.954296160877515 136500
1748127642481 25.045703839122485 137000
1748127642940 25.13711151736746 137500
1748127643400 25.22851919561243 138000
1748127643861 25.3199268738574 138500
1748127644330 25.411334552102378 139000
1748127644795 25.502742230347348 139500
1748127645252 25.59414990859232 140000
1748127645718 25.685557586837295 140500
1748127646184 25.776965265082268 141000
1748127646643 25.868372943327238 141500
1748127647101 25.95978062157221 142000
1748127647565 26.051188299817184 142500
1748127648035 26.142595978062154 143000
1748127648501 26.23400365630713 143500
1748127648973 26.3254113345521 144000
1748127649489 26.416819012797077 144500
1748127649951 26.508226691042047 145000
1748127650414 26.599634369287017 145500
1748127650879 26.691042047531994 146000
1748127651352 26.782449725776964 146500
1748127651813 26.87385740402194 147000
1748127652275 26.96526508226691 147500
1748127652743 27.056672760511884 148000
1748127653205 27.148080438756857 148500
1748127653676 27.239488117001827 149000
1748127654142 27.3308957952468 149500
1748127654611 27.422303473491773 150000
1748127655091 27.513711151736747 150500
1748127655548 27.605118829981716 151000
1748127656003 27.696526508226693 151500
1748127656459 27.787934186471663 152000
1748127656918 27.879341864716633 152500
1748127657386 27.97074954296161 153000
1748127657856 28.06215722120658 153500
1748127658360 28.153564899451556 154000
1748127658854 28.244972577696526 154500
1748127659316 28.336380255941503 155000
1748127659784 28.427787934186473 155500
1748127660254 28.519195612431442 156000
1748127660716 28.610603290676416 156500
1748127661185 28.70201096892139 157000
1748127661659 28.793418647166362 157500
1748127662126 28.884826325411332 158000
1748127662595 28.97623400365631 158500
1748127663080 29.06764168190128 159000
1748127663565 29.15904936014625 159500
1748127664024 29.250457038391225 160000
1748127664489 29.341864716636195 160500
1748127664950 29.433272394881172 161000
1748127665410 29.52468007312614 161500
1748127665868 29.61608775137112 162000
1748127666332 29.70749542961609 162500
1748127666816 29.798903107861058 163000
1748127667322 29.890310786106035 163500
1748127667796 29.981718464351005 164000
1748127668260 30.073126142595978 164500
1748127668744 30.16453382084095 165000
1748127669212 30.255941499085925 165500
1748127669679 30.347349177330894 166000
1748127670141 30.438756855575868 166500
1748127670599 30.53016453382084 167000
1748127671092 30.62157221206581 167500
1748127671665 30.712979890310788 168000
1748127672140 30.804387568555757 168500
1748127672609 30.895795246800734 169000
1748127673068 30.987202925045704 169500
1748127673535 31.078610603290674 170000
1748127673993 31.17001828153565 170500
1748127674482 31.26142595978062 171000
1748127675005 31.352833638025597 171500
1748127675479 31.444241316270567 172000
1748127675952 31.53564899451554 172500
1748127676425 31.62705667276051 173000
1748127676903 31.718464351005483 173500
1748127677408 31.809872029250457 174000
1748127677903 31.901279707495426 174500
1748127678371 31.992687385740403 175000
1748127678833 32.08409506398537 175500
1748127679295 32.17550274223035 176000
1748127679759 32.26691042047532 176500
1748127680215 32.35831809872029 177000
1748127680681 32.449725776965266 177500
1748127681144 32.541133455210236 178000
1748127681620 32.63254113345521 178500
1748127682117 32.72394881170018 179000
1748127682607 32.81535648994516 179500
1748127683085 32.90676416819013 180000
1748127683557 32.9981718464351 180500
1748127684021 33.089579524680076 181000
1748127684482 33.180987202925046 181500
1748127684944 33.27239488117002 182000
1748127685413 33.36380255941499 182500
1748127685881 33.45521023765997 183000
1748127686341 33.54661791590494 183500
1748127686806 33.63802559414991 184000
1748127687277 33.729433272394886 184500
1748127687767 33.820840950639855 185000
1748127688248 33.912248628884825 185500
1748127688734 34.003656307129795 186000
1748127689231 34.09506398537477 186500
1748127689721 34.18647166361974 187000
1748127690199 34.27787934186471 187500
1748127690664 34.36928702010969 188000
1748127691127 34.46069469835466 188500
1748127691592 34.552102376599635 189000
1748127692521 34.73491773308958 190000
1748127692987 34.82632541133455 190500
1748127693457 34.91773308957952 191000
1748127693945 35.0091407678245 191500
1748127694416 35.10054844606947 192000
1748127694879 35.191956124314444 192500
1748127695338 35.283363802559414 193000
1748127695797 35.37477148080439 193500
1748127696259 35.46617915904936 194000
1748127696723 35.55758683729433 194500
1748127697183 35.64899451553931 195000
1748127697650 35.74040219378428 195500
1748127698109 35.831809872029254 196000
1748127698565 35.923217550274224 196500
1748127699023 36.0146252285192 197000
1748127699485 36.10603290676417 197500
1748127699940 36.19744058500914 198000
1748127700398 36.28884826325412 198500
1748127700855 36.38025594149909 199000
1748127701317 36.471663619744064 199500
1748127701769 36.56307129798903 200000
1748127702223 36.654478976234 200500
1748127702684 36.74588665447898 201000
1748127703143 36.83729433272395 201500
1748127703602 36.92870201096892 202000
1748127704066 37.02010968921389 202500
1748127704524 37.111517367458866 203000
1748127704983 37.202925045703836 203500
1748127705441 37.29433272394881 204000
1748127705900 37.38574040219378 204500
1748127706359 37.47714808043875 205000
1748127706822 37.56855575868373 205500
1748127707281 37.6599634369287 206000
1748127707739 37.751371115173676 206500
1748127708203 37.842778793418645 207000
1748127708666 37.93418647166362 207500
1748127709123 38.02559414990859 208000
1748127709584 38.11700182815356 208500
1748127710043 38.20840950639854 209000
1748127710507 38.29981718464351 209500
1748127710973 38.391224862888485 210000
1748127711495 38.482632541133455 210500
1748127712019 38.57404021937843 211000
1748127712539 38.6654478976234 211500
1748127713004 38.75685557586837 212000
1748127713461 38.84826325411335 212500
1748127713921 38.93967093235832 213000
1748127714382 39.031078610603295 213500
1748127714836 39.122486288848265 214000
1748127715296 39.21389396709324 214500
1748127715761 39.30530164533821 215000
1748127716220 39.39670932358318 215500
1748127716677 39.48811700182816 216000
1748127717134 39.57952468007313 216500
1748127717602 39.6709323583181 217000
1748127718072 39.762340036563074 217500
1748127718527 39.853747714808044 218000
1748127718992 39.945155393053014 218500
1748127719446 40.036563071297984 219000
1748127719907 40.12797074954296 219500
1748127720369 40.21937842778793 220000
1748127720830 40.31078610603291 220500
1748127721296 40.40219378427788 221000
1748127721758 40.493601462522854 221500
1748127722226 40.58500914076782 222000
1748127722690 40.67641681901279 222500
1748127723147 40.76782449725777 223000
1748127723605 40.85923217550274 223500
1748127724066 40.95063985374772 224000
1748127724557 41.04204753199269 224500
1748127725018 41.13345521023766 225000
1748127725477 41.22486288848263 225500
1748127725938 41.3162705667276 226000
1748127726408 41.40767824497258 226500
1748127726874 41.49908592321755 227000
1748127727336 41.590493601462526 227500
1748127727797 41.681901279707496 228000
1748127728255 41.773308957952466 228500
1748127728712 41.86471663619744 229000
1748127729171 41.95612431444241 229500
1748127729634 42.04753199268739 230000
1748127730091 42.13893967093236 230500
1748127730548 42.230347349177336 231000
1748127731003 42.321755027422306 231500
1748127731464 42.413162705667276 232000
1748127731930 42.50457038391225 232500
1748127732394 42.59597806215722 233000
1748127732854 42.68738574040219 233500
1748127733313 42.77879341864717 234000
1748127733782 42.87020109689214 234500
1748127734252 42.96160877513711 235000
1748127734714 43.05301645338208 235500
1748127735178 43.144424131627055 236000
1748127735634 43.235831809872025 236500
1748127736102 43.327239488117 237000
1748127736565 43.41864716636197 237500
1748127737056 43.51005484460695 238000
1748127738037 43.69287020109689 239000
1748127738519 43.784277879341865 239500
1748127738990 43.875685557586834 240000
1748127739470 43.96709323583181 240500
1748127739934 44.05850091407678 241000
1748127740402 44.14990859232176 241500
1748127740879 44.24131627056673 242000
1748127741348 44.3327239488117 242500
1748127741815 44.424131627056674 243000
1748127742275 44.515539305301644 243500
1748127742748 44.60694698354662 244000
1748127743210 44.69835466179159 244500
1748127743687 44.78976234003657 245000
1748127744150 44.88117001828154 245500
1748127744623 44.97257769652651 246000
1748127745097 45.063985374771484 246500
1748127745576 45.155393053016454 247000
1748127746054 45.24680073126143 247500
1748127746518 45.3382084095064 248000
1748127746994 45.42961608775137 248500
1748127747458 45.52102376599635 249000
1748127747914 45.61243144424132 249500
1748127748389 45.703839122486286 250000
1748127748857 45.79524680073126 250500
1748127749331 45.88665447897623 251000
1748127749794 45.9780621572212 251500
1748127750272 46.06946983546618 252000
1748127750744 46.16087751371115 252500
1748127751203 46.25228519195612 253000
1748127751658 46.343692870201096 253500
1748127752124 46.435100548446066 254000
1748127752581 46.52650822669104 254500
1748127753049 46.61791590493601 255000
1748127753506 46.70932358318099 255500
1748127753963 46.80073126142596 256000
1748127754421 46.89213893967093 256500
1748127754904 46.983546617915906 257000
1748127755372 47.074954296160875 257500
1748127755882 47.16636197440585 258000
1748127756346 47.25776965265082 258500
1748127756809 47.3491773308958 259000
1748127757270 47.44058500914077 259500
1748127757730 47.53199268738574 260000
1748127758190 47.623400365630715 260500
1748127758650 47.714808043875685 261000
1748127759114 47.80621572212066 261500
1748127759579 47.89762340036563 262000
1748127760036 47.98903107861061 262500
1748127760498 48.08043875685558 263000
1748127760957 48.17184643510055 263500
1748127761419 48.263254113345525 264000
1748127761884 48.354661791590495 264500
1748127762351 48.446069469835464 265000
1748127762816 48.53747714808044 265500
1748127763332 48.62888482632541 266000
1748127763794 48.72029250457038 266500
1748127764283 48.81170018281536 267000
1748127764865 48.90310786106033 267500
1748127765396 48.9945155393053 268000
1748127765884 49.085923217550274 268500
1748127766396 49.177330895795244 269000
1748127766956 49.26873857404022 269500
1748127767448 49.36014625228519 270000
1748127767958 49.45155393053016 270500
1748127768463 49.54296160877514 271000
1748127768971 49.63436928702011 271500
1748127769479 49.725776965265084 272000
1748127769972 49.81718464351005 272500
1748127770461 49.90859232175503 273000
1748127770946 50.0 273500
1748127771416 50.09140767824497 274000
1748127771893 50.18281535648994 274500
1748127772363 50.27422303473492 275000
1748127772913 50.36563071297989 275500
1748127773380 50.45703839122486 276000
1748127773843 50.54844606946983 276500
1748127774304 50.6398537477148 277000
1748127774766 50.73126142595979 277500
1748127775260 50.822669104204756 278000
1748127775729 50.914076782449726 278500
1748127776193 51.005484460694696 279000
1748127776655 51.09689213893967 279500
1748127777116 51.18829981718464 280000
1748127777583 51.27970749542962 280500
1748127778058 51.37111517367459 281000
1748127778518 51.46252285191956 281500
1748127778977 51.553930530164536 282000
1748127779435 51.645338208409505 282500
1748127779893 51.736745886654475 283000
1748127780359 51.82815356489945 283500
1748127780853 51.91956124314442 284000
1748127781322 52.0109689213894 284500
1748127781832 52.10237659963437 285000
1748127782313 52.19378427787934 285500
1748127782780 52.28519195612431 286000
1748127783236 52.37659963436929 286500
1748127783692 52.46800731261426 287000
1748127784147 52.55941499085923 287500
1748127784612 52.6508226691042 288000
1748127785080 52.74223034734917 288500
1748127785540 52.833638025594155 289000
1748127786005 52.925045703839125 289500
1748127786468 53.016453382084094 290000
1748127786928 53.107861060329064 290500
1748127787392 53.199268738574034 291000
1748127787849 53.29067641681902 291500
1748127788312 53.38208409506399 292000
1748127788773 53.47349177330896 292500
1748127789239 53.56489945155393 293000
1748127789705 53.65630712979891 293500
1748127790163 53.74771480804388 294000
1748127790622 53.83912248628885 294500
1748127791121 53.93053016453382 295000
1748127791599 54.02193784277879 295500
1748127792075 54.11334552102377 296000
1748127792535 54.20475319926874 296500
1748127792992 54.296160877513714 297000
1748127793458 54.38756855575868 297500
1748127793919 54.47897623400365 298000
1748127794394 54.57038391224863 298500
1748127794856 54.6617915904936 299000
1748127795318 54.75319926873857 299500
1748127795776 54.844606946983546 300000
1748127796237 54.93601462522852 300500
1748127796702 55.02742230347349 301000
1748127797160 55.11882998171846 301500
1748127797647 55.21023765996343 302000
1748127798104 55.3016453382084 302500
1748127798570 55.393053016453386 303000
1748127799030 55.484460694698356 303500
1748127799492 55.575868372943326 304000
1748127799971 55.667276051188296 304500
1748127800449 55.758683729433265 305000
1748127801044 55.85009140767825 305500
1748127801586 55.94149908592322 306000
1748127802077 56.03290676416819 306500
1748127802565 56.12431444241316 307000
1748127803039 56.21572212065814 307500
1748127803503 56.30712979890311 308000
1748127804422 56.48994515539305 309000
1748127804880 56.58135283363802 309500
1748127805351 56.672760511883006 310000
1748127805816 56.764168190127975 310500
1748127806310 56.855575868372945 311000
1748127806815 56.946983546617915 311500
1748127807327 57.038391224862885 312000
1748127807810 57.12979890310786 312500
1748127808277 57.22120658135283 313000
1748127808783 57.31261425959781 313500
1748127809285 57.40402193784278 314000
1748127809812 57.495429616087755 314500
1748127810289 57.586837294332724 315000
1748127810780 57.678244972577694 315500
1748127811258 57.769652650822664 316000
1748127811717 57.86106032906764 316500
1748127812181 57.95246800731262 317000
1748127812645 58.04387568555759 317500
1748127813103 58.13528336380256 318000
1748127813569 58.22669104204753 318500
1748127814055 58.3180987202925 319000
1748127814574 58.40950639853748 319500
1748127815043 58.50091407678245 320000
1748127815522 58.59232175502742 320500
1748127815985 58.68372943327239 321000
1748127816452 58.775137111517374 321500
1748127816965 58.866544789762344 322000
1748127817451 58.95795246800731 322500
1748127817938 59.04936014625228 323000
1748127818419 59.14076782449725 323500
1748127818894 59.23217550274224 324000
1748127819398 59.32358318098721 324500
1748127819896 59.41499085923218 325000
1748127820363 59.506398537477146 325500
