1748149608022 831.76 500
1748149628387 2000.21 1000
1748149647742 3263.373333333333 1500
1748149666431 6892.2 2000
1748149684548 11140.188 2500
1748149701910 11147.6 3000
1748149718485 12631.974285714286 3500
1748149733376 11453.827500000001 4000
1748149746177 10295.38888888889 4500
1748149758356 10903.806 5000
1748149770799 11791.860000000002 5500
1748149782293 11218.488333333335 6000
1748149791405 11203.344615384616 6500
1748149797259 11823.858571428573 7000
1748149801437 13408.285333333335 7500
1748149806059 15476.897500000001 8000
1748149810627 15744.21411764706 8500
1748149815013 16250.280000000002 9000
1748149819413 16604.381052631583 9500
1748149823725 17702.853000000003 10000
