1748149608058 89.0 500
1748149628429 92.5 1000
1748149647775 123.0 1500
1748149666463 119.5 2000
1748149684583 104.8 2500
1748149701945 92.5 3000
1748149718513 84.57142857142857 3500
1748149733396 76.5 4000
1748149746190 78.44444444444444 4500
1748149758372 77.7 5000
1748149770817 76.9090909090909 5500
1748149782302 77.33333333333333 6000
1748149791417 76.61538461538461 6500
1748149797263 79.42857142857143 7000
1748149801440 79.2 7500
1748149806063 79.25 8000
1748149810630 76.11764705882354 8500
1748149815016 77.05555555555556 9000
1748149819416 77.73684210526316 9500
1748149823729 80.95 10000
