1748149607984 -91.68 500
1748149628350 -79.995 1000
1748149647714 -67.36333333333333 1500
1748149666396 -31.075 2000
1748149684520 11.404 2500
1748149701881 11.478333333333332 3000
1748149718456 26.321428571428573 3500
1748149733353 14.539999999999996 4000
1748149746159 2.9555555555555517 4500
1748149758341 9.039999999999996 5000
1748149770786 17.919999999999995 5500
1748149782279 12.18583333333333 6000
1748149791396 12.034615384615382 6500
1748149797256 18.24 7000
1748149801434 34.083999999999996 7500
1748149806056 54.769999999999996 8000
1748149810624 57.44294117647058 8500
1748149815008 62.50333333333333 9000
1748149819410 66.04421052631578 9500
1748149823721 77.029 10000
