1748149608097 21.241050119331742 500
1748149628464 22.076372315035798 1000
1748149647802 29.355608591885442 1500
1748149666492 28.520286396181383 2000
1748149684614 25.011933174224342 2500
1748149701982 22.076372315035798 3000
1748149718537 20.184111830889872 3500
1748149733416 18.257756563245824 4000
1748149746208 18.721824449748077 4500
1748149758386 18.544152744630072 5000
1748149770830 18.355391625081364 5500
1748149782311 18.456642800318217 6000
1748149791425 18.285294657609693 6500
1748149797266 18.956699624957384 7000
1748149801444 18.90214797136038 7500
1748149806068 18.914081145584728 8000
1748149810634 18.16650287800084 8500
1748149815020 18.39034738796075 9000
1748149819419 18.552945609848006 9500
1748149823732 19.319809069212408 10000
