1748149607786 500.0 500
1748149628188 1000.0 1000
1748149647558 1500.0 1500
1748149666226 2000.0 2000
1748149684362 2500.0 2500
1748149701752 3000.0 3000
1748149718321 3500.0 3500
1748149733240 4000.0 4000
1748149746075 4500.0 4500
1748149758267 5000.0 5000
1748149770713 5500.0 5500
1748149782229 6000.0 6000
1748149791348 6500.0 6500
1748149797239 7000.0 7000
1748149801417 7500.0 7500
1748149806037 8000.0 8000
1748149810608 8500.0 8500
1748149814989 9000.0 9000
1748149819394 9500.0 9500
1748149823704 10000.0 10000
