1748149607860 831.76 500
1748149628255 3168.66 1000
1748149647617 5789.7 1500
1748149666292 17778.68 2000
1748149684423 28132.14 2500
1748149701795 11184.66 3000
1748149718377 21538.22 3500
1748149733285 3206.8 4000
1748149746109 1027.88 4500
1748149758297 16379.56 5000
1748149770745 20672.4 5500
1748149782247 4911.4 6000
1748149791367 11021.62 6500
1748149797245 19890.54 7000
1748149801424 35590.26 7500
1748149806045 46506.08 8000
1748149810614 20021.28 8500
1748149814996 24853.4 9000
1748149819400 22978.2 9500
1748149823710 38573.82 10000
