1748149607823 -91.68 500
1748149628225 -68.31 1000
1748149647589 -42.1 1500
1748149666256 77.79 2000
1748149684392 181.32 2500
1748149701768 11.85 3000
1748149718352 115.38 3500
1748149733265 -67.93 4000
1748149746091 -89.72 4500
1748149758283 63.8 5000
1748149770724 106.72 5500
1748149782238 -50.89 6000
1748149791359 10.22 6500
1748149797242 98.91 7000
1748149801421 255.9 7500
1748149806040 365.06 8000
1748149810611 100.21 8500
1748149814992 148.53 9000
1748149819398 129.78 9500
1748149823707 285.74 10000
