1748149607945 21.241050119331742 500
1748149628317 22.911694510739856 1000
1748149647683 43.914081145584724 1500
1748149666363 26.014319809069214 2000
1748149684487 10.978520286396181 2500
1748149701849 7.398568019093078 3000
1748149718428 8.83054892601432 3500
1748149733329 4.77326968973747 4000
1748149746143 22.434367541766107 4500
1748149758323 16.94510739856802 5000
1748149770775 16.467780429594274 5500
1748149782265 19.570405727923628 6000
1748149791387 16.2291169451074 6500
1748149797253 27.684964200477324 7000
1748149801431 18.138424821002385 7500
1748149806053 19.09307875894988 8000
1748149810621 6.205250596658711 8500
1748149815004 22.195704057279237 9000
1748149819407 21.479713603818613 9500
1748149823718 33.89021479713604 10000
