1748149607749 500.0 500
1748149628157 500.0 1000
1748149647529 500.0 1500
1748149666192 500.0 2000
1748149684333 500.0 2500
1748149701724 500.0 3000
1748149718292 500.0 3500
1748149733219 500.0 4000
1748149746058 500.0 4500
1748149758258 500.0 5000
1748149770698 500.0 5500
1748149782221 500.0 6000
1748149791341 500.0 6500
1748149797236 500.0 7000
1748149801414 500.0 7500
1748149806034 500.0 8000
1748149810604 500.0 8500
1748149814984 500.0 9000
1748149819391 500.0 9500
1748149823700 500.0 10000
