1748149036628 8870.64 500
1748149074654 7768.0 1000
1748149110993 7207.593333333333 1500
1748149148620 10506.785 2000
1748149186232 13998.34 2500
1748149223464 15298.5 3000
1748149261024 15765.905714285715 3500
1748149298298 15704.35 4000
1748149335365 16512.735555555555 4500
1748149372528 15861.462 5000
1748149409535 15328.601818181818 5500
1748149446260 14884.551666666666 6000
1748149482815 14508.816923076924 6500
1748149519586 14547.375714285716 7000
1748149556348 14162.812000000002 7500
1748149593539 15947.23 8000
1748149628211 15999.181176470589 8500
1748149659308 15422.562222222223 9000
1748149689211 14845.126315789475 9500
1748149716447 14590.843000000003 10000
