1748149036592 -11.29 500
1748149074622 -22.32 1000
1748149110950 -27.923333333333336 1500
1748149148586 5.067499999999999 2000
1748149186188 39.984 2500
1748149223429 52.98500000000001 3000
1748149260985 57.65857142857143 3500
1748149298263 57.0425 4000
1748149335329 65.12666666666667 4500
1748149372493 58.614 5000
1748149409495 53.28545454545454 5500
1748149446222 48.845 6000
1748149482773 45.08769230769231 6500
1748149519546 45.473571428571425 7000
1748149556309 41.628 7500
1748149593508 59.472500000000004 8000
1748149628178 59.99176470588235 8500
1748149659278 54.22555555555556 9000
1748149689183 48.45105263157895 9500
1748149716420 45.908 10000
