1748149036703 0.23866348448687352 500
1748149074729 0.23866348448687352 1000
1748149111085 0.31821797931583135 1500
1748149148694 0.8949880668257757 2000
1748149186312 2.100238663484487 2500
1748149223526 2.7446300715990453 3000
1748149261086 3.648141834299352 3500
1748149298379 3.28162291169451 4000
1748149335429 2.9435163086714393 4500
1748149372595 2.6491646778042957 5000
1748149409606 2.4083315252766324 5500
1748149446319 2.2076372315035795 6000
1748149482891 2.0378189829263813 6500
1748149519676 2.182066143879986 7000
1748149556421 2.7048528241845657 7500
1748149593619 4.3108591885441525 8000
1748149628277 4.689035518742103 8500
1748149659370 4.4417926279501465 9000
1748149689266 4.220575304609974 9500
1748149716508 4.021479713603819 10000
