1748149036664 1.0 500
1748149074692 1.0 1000
1748149111042 1.3333333333333333 1500
1748149148654 3.75 2000
1748149186274 8.8 2500
1748149223494 11.5 3000
1748149261055 15.285714285714286 3500
1748149298337 13.75 4000
1748149335395 12.333333333333334 4500
1748149372561 11.1 5000
1748149409571 10.090909090909092 5500
1748149446294 9.25 6000
1748149482855 8.538461538461538 6500
1748149519637 9.142857142857142 7000
1748149556384 11.333333333333334 7500
1748149593580 18.0625 8000
1748149628246 19.647058823529413 8500
1748149659337 18.61111111111111 9000
1748149689239 17.68421052631579 9500
1748149716476 16.85 10000
