1748149036419 500.0 500
1748149074424 1000.0 1000
1748149110764 1500.0 1500
1748149148409 2000.0 2000
1748149185983 2500.0 2500
1748149223250 3000.0 3000
1748149260797 3500.0 3500
1748149298064 4000.0 4000
1748149335153 4500.0 4500
1748149372305 5000.0 5000
1748149409320 5500.0 5500
1748149446030 6000.0 6000
1748149482597 6500.0 6500
1748149519345 7000.0 7000
1748149556108 7500.0 7500
1748149593334 8000.0 8000
1748149628002 8500.0 8500
1748149659146 9000.0 9000
1748149689038 9500.0 9500
1748149716285 10000.0 10000
