1748149036484 8870.64 500
1748149074504 6665.36 1000
1748149110840 6086.78 1500
1748149148474 20404.36 2000
1748149186066 27964.56 2500
1748149223321 21799.3 3000
1748149260869 18570.34 3500
1748149298151 15273.46 4000
1748149335223 22979.82 4500
1748149372382 10000.0 5000
1748149409386 10000.0 5500
1748149446104 10000.0 6000
1748149482664 10000.0 6500
1748149519427 15048.64 7000
1748149556191 8778.92 7500
1748149593403 42713.5 8000
1748149628071 16830.4 8500
1748149659205 5620.04 9000
1748149689093 4451.28 9500
1748149716334 9759.46 10000
