1748149036383 500.0 500
1748149074390 500.0 1000
1748149110729 500.0 1500
1748149148374 500.0 2000
1748149185942 500.0 2500
1748149223214 500.0 3000
1748149260762 500.0 3500
1748149298025 500.0 4000
1748149335118 500.0 4500
1748149372265 500.0 5000
1748149409290 500.0 5500
1748149445988 500.0 6000
1748149482562 500.0 6500
1748149519309 500.0 7000
1748149556073 500.0 7500
1748149593300 500.0 8000
1748149627965 500.0 8500
1748149659121 500.0 9000
1748149689018 500.0 9500
1748149716263 500.0 10000
