1748149036559 0.23866348448687352 500
1748149074588 0.23866348448687352 1000
1748149110931 0.47732696897374705 1500
1748149148546 2.6252983293556085 2000
1748149186148 6.921241050119331 2500
1748149223389 5.966587112171838 3000
1748149260945 9.069212410501192 3500
1748149298222 0.7159904534606205 4000
1748149335293 0.23866348448687352 4500
1748149372458 0.0 5000
1748149409457 0.0 5500
1748149446185 0.0 6000
1748149482739 0.0 6500
1748149519505 4.05727923627685 7000
1748149556263 10.023866348448687 7500
1748149593473 28.400954653937948 8000
1748149628147 10.739856801909307 8500
1748149659244 0.23866348448687352 9000
1748149689153 0.23866348448687352 9500
1748149716396 0.23866348448687352 10000
