1748149391662 10000.0 500
1748149452301 10000.0 1000
1748149513284 10000.0 1500
1748149573310 10000.0 2000
1748149631773 10000.0 2500
1748149681820 10000.0 3000
1748149726818 10000.0 3500
1748149761608 10000.0 4000
1748149790927 10000.0 4500
1748149804693 10000.0 5000
1748149817055 10000.0 5500
1748149826292 10000.0 6000
1748149832910 10000.0 6500
1748149839090 10000.0 7000
1748149845157 10000.0 7500
1748149851365 10000.0 8000
1748149854416 10000.0 8500
1748149855364 10000.0 9000
1748149856327 10000.0 9500
1748149857385 10000.0 10000
