1748149391426 500.0 500
1748149452072 1000.0 1000
1748149513067 1500.0 1500
1748149573071 2000.0 2000
1748149631546 2500.0 2500
1748149681650 3000.0 3000
1748149726688 3500.0 3500
1748149761509 4000.0 4000
1748149790864 4500.0 4500
1748149804667 5000.0 5000
1748149817034 5500.0 5500
1748149826282 6000.0 6000
1748149832899 6500.0 6500
1748149839076 7000.0 7000
1748149845144 7500.0 7500
1748149851355 8000.0 8000
1748149854412 8500.0 8500
1748149855361 9000.0 9000
1748149856324 9500.0 9500
1748149857381 10000.0 10000
