1748149391389 500.0 500
1748149452042 500.0 1000
1748149513031 500.0 1500
1748149573038 500.0 2000
1748149631516 500.0 2500
1748149681618 500.0 3000
1748149726665 500.0 3500
1748149761493 500.0 4000
1748149790857 500.0 4500
1748149804663 500.0 5000
1748149817030 500.0 5500
1748149826280 500.0 6000
1748149832897 500.0 6500
1748149839074 500.0 7000
1748149845142 500.0 7500
1748149851353 500.0 8000
1748149854412 500.0 8500
1748149855360 500.0 9000
1748149856323 500.0 9500
1748149857380 500.0 10000
