1748149391503 10000.0 500
1748149452146 10000.0 1000
1748149513140 10000.0 1500
1748149573157 10000.0 2000
1748149631626 10000.0 2500
1748149681706 10000.0 3000
1748149726734 10000.0 3500
1748149761540 10000.0 4000
1748149790887 10000.0 4500
1748149804674 10000.0 5000
1748149817041 10000.0 5500
1748149826286 10000.0 6000
1748149832903 10000.0 6500
1748149839081 10000.0 7000
1748149845149 10000.0 7500
1748149851359 10000.0 8000
1748149854414 10000.0 8500
1748149855362 10000.0 9000
1748149856325 10000.0 9500
1748149857383 10000.0 10000
