1748149034799 0.23866348448687352 500
1748149070234 2.6252983293556085 1000
1748149104898 6.762132060461416 1500
1748149139852 7.279236276849642 2000
1748149174990 8.353221957040573 2500
1748149210419 7.995226730310262 3000
1748149245740 6.887146266621206 3500
1748149281204 6.056085918854416 4000
1748149315946 5.409705648369133 4500
1748149351311 5.4176610978520285 5000
1748149385653 4.946843133000651 5500
1748149420583 4.554494828957836 6000
1748149455223 4.222507802460069 6500
1748149489714 3.9379474940334123 7000
1748149524279 3.691328560063643 7500
1748149558774 3.4755369928400954 8000
1748149593877 3.2851326688193176 8500
1748149626193 3.115884380800848 9000
1748149655775 2.964451702047481 9500
1748149683876 2.8281622911694506 10000
