1748149034729 8056.3 500
1748149070161 4336.29 1000
1748149104829 3279.4666666666667 1500
1748149139775 2965.275 2000
1748149174919 2559.012 2500
1748149210352 2329.8133333333335 3000
1748149245673 3699.9457142857145 3500
1748149281124 3532.8324999999995 4000
1748149315881 3413.6288888888885 4500
1748149351238 3160.5199999999995 5000
1748149385579 3695.938181818182 5500
1748149420517 3842.17 6000
1748149455151 4260.296923076923 6500
1748149489641 4336.382857142858 7000
1748149524203 5282.8386666666665 7500
1748149558703 5333.70625 8000
1748149593810 5985.921176470589 8500
1748149626108 6360.663333333334 9000
1748149655720 7063.468421052631 9500
1748149683807 7113.33 10000
