1748149034768 1.0 500
1748149070199 11.0 1000
1748149104862 28.333333333333332 1500
1748149139814 30.5 2000
1748149174954 35.0 2500
1748149210385 33.5 3000
1748149245705 28.857142857142858 3500
1748149281163 25.375 4000
1748149315914 22.666666666666668 4500
1748149351273 22.7 5000
1748149385613 20.727272727272727 5500
1748149420550 19.083333333333332 6000
1748149455190 17.692307692307693 6500
1748149489672 16.5 7000
1748149524244 15.466666666666667 7500
1748149558739 14.5625 8000
1748149593846 13.764705882352942 8500
1748149626151 13.055555555555555 9000
1748149655745 12.421052631578947 9500
1748149683839 11.85 10000
