1748149034694 -19.44 500
1748149070125 -56.64 1000
1748149104791 -67.20666666666666 1500
1748149139738 -70.3475 2000
1748149174890 -74.41 2500
1748149210310 -76.70166666666665 3000
1748149245621 -62.99999999999999 3500
1748149281090 -64.67125 4000
1748149315843 -65.86333333333333 4500
1748149351201 -68.39399999999999 5000
1748149385540 -63.03999999999999 5500
1748149420478 -61.57749999999999 6000
1748149455115 -57.396153846153844 6500
1748149489602 -56.635 7000
1748149524166 -47.17066666666666 7500
1748149558664 -46.661875 8000
1748149593773 -40.14 8500
1748149626069 -36.39277777777778 9000
1748149655691 -29.364736842105266 9500
1748149683767 -28.866000000000003 10000
