1748149034453 500.0 500
1748149069889 500.0 1000
1748149104582 500.0 1500
1748149139501 500.0 2000
1748149174682 500.0 2500
1748149210082 500.0 3000
1748149245372 500.0 3500
1748149280886 500.0 4000
1748149315617 500.0 4500
1748149350986 500.0 5000
1748149385305 500.0 5500
1748149420249 500.0 6000
1748149454870 500.0 6500
1748149489360 500.0 7000
1748149523953 500.0 7500
1748149558421 500.0 8000
1748149593562 500.0 8500
1748149625838 500.0 9000
1748149655511 500.0 9500
1748149683554 500.0 10000
