1748149034534 -19.44 500
1748149069972 -93.84 1000
1748149104656 -88.34 1500
1748149139580 -79.77 2000
1748149174752 -90.66 2500
1748149210158 -88.16 3000
1748149245447 19.21 3500
1748149280958 -76.37 4000
1748149315694 -75.4 4500
1748149351064 -91.17 5000
1748149385385 -9.5 5500
1748149420330 -45.49 6000
1748149454957 -7.22 6500
1748149489438 -46.74 7000
1748149524024 85.33 7500
1748149558504 -39.03 8000
1748149593631 64.21 8500
1748149625911 27.31 9000
1748149655573 97.14 9500
1748149683623 -19.39 10000
