1748149034660 0.23866348448687352 500
1748149070083 5.011933174224343 1000
1748149104759 15.035799522673033 1500
1748149139697 8.83054892601432 2000
1748149174852 12.649164677804295 2500
1748149210274 6.205250596658711 3000
1748149245548 0.23866348448687352 3500
1748149281048 0.23866348448687352 4000
1748149315805 0.23866348448687352 4500
1748149351164 5.4892601431980905 5000
1748149385495 0.23866348448687352 5500
1748149420439 0.23866348448687352 6000
1748149455079 0.23866348448687352 6500
1748149489559 0.23866348448687352 7000
1748149524130 0.23866348448687352 7500
1748149558627 0.23866348448687352 8000
1748149593733 0.23866348448687352 8500
1748149626033 0.23866348448687352 9000
1748149655661 0.23866348448687352 9500
1748149683733 0.23866348448687352 10000
