1748149034580 8056.3 500
1748149070014 616.28 1000
1748149104691 1165.82 1500
1748149139618 2022.7 2000
1748149174784 933.96 2500
1748149210200 1183.82 3000
1748149245482 11920.74 3500
1748149280988 2363.04 4000
1748149315735 2460.0 4500
1748149351096 882.54 5000
1748149385418 9050.12 5500
1748149420369 5450.72 6000
1748149455003 9277.82 6500
1748149489477 5325.5 7000
1748149524063 18533.22 7500
1748149558538 6096.72 8000
1748149593663 16421.36 8500
1748149625955 12731.28 9000
1748149655603 19713.96 9500
1748149683660 8060.7 10000
