1748128044773 10.0 500
1748128045235 5.5 1000
1748128045715 4.0 1500
1748128046267 4.25 2000
1748128046739 4.0 2500
1748128047200 3.6666666666666665 3000
1748128047662 3.4285714285714284 3500
1748128048127 3.25 4000
1748128048605 3.111111111111111 4500
1748128049071 3.2 5000
1748128049530 3.090909090909091 5500
1748128049997 2.9166666666666665 6000
1748128050457 3.230769230769231 6500
1748128050915 3.0714285714285716 7000
1748128051386 3.0 7500
1748128051845 2.875 8000
1748128052765 2.823529411764706 9000
1748128053228 2.7777777777777777 9500
1748128053689 2.8421052631578947 10000
1748128054160 3.3 10500
1748128054634 3.1904761904761907 11000
1748128055186 3.4545454545454546 11500
1748128055680 3.4347826086956523 12000
1748128056144 3.3333333333333335 12500
1748128056655 3.96 13000
1748128057118 3.923076923076923 13500
1748128057575 4.62962962962963 14000
1748128058051 4.571428571428571 14500
