1748128044772 9985.75 500
1748128045235 9994.425 1000
1748128045715 9988.3 1500
1748128046267 9984.11 2000
1748128046738 9987.682 2500
1748128047200 9993.091666666667 3000
1748128047662 9988.070000000002 3500
1748128048126 9986.44125 4000
1748128048605 9988.045555555556 4500
1748128049070 9988.936 5000
1748128049529 9991.111818181818 5500
1748128049997 9992.4 6000
1748128050457 9993.48923076923 6500
1748128050915 9995.765714285712 7000
1748128051386 9994.828666666665 7500
1748128051845 9996.471875 8000
1748128052765 9997.915294117647 9000
1748128053228 9998.905 9500
1748128053689 10000.276315789473 10000
1748128054160 9999.2975 10500
1748128054633 9998.974761904761 11000
1748128055186 9999.998181818182 11500
1748128055680 10000.874347826086 12000
1748128056143 9999.76625 12500
1748128056655 9998.0916 13000
1748128057117 9997.239615384617 13500
1748128057574 9997.01740740741 14000
1748128058051 9997.566785714287 14500
