1748128044773 2.386634844868735 500
1748128045235 1.3126491646778042 1000
1748128045715 0.954653937947494 1500
1748128046267 1.0143198090692125 2000
1748128046739 0.9546539379474941 2500
1748128047200 0.8750994431185363 3000
1748128047662 0.818274803954995 3500
1748128048127 0.7756563245823389 4000
1748128048605 0.7425086184036065 4500
1748128049071 0.7637231503579953 5000
1748128049530 0.7376871338685181 5500
1748128049997 0.6961018297533811 6000
1748128050457 0.7710666421883605 6500
1748128050915 0.7330378452096828 7000
1748128051386 0.7159904534606204 7500
1748128051846 0.6861575178997613 8000
1748128052765 0.673873367962937 9000
1748128053228 0.6629541235746487 9500
1748128053690 0.6783067453837458 10000
1748128054160 0.7875894988066825 10500
1748128054634 0.7614501647914536 11000
1748128055187 0.8244738555001084 11500
1748128055680 0.8197571858462176 12000
1748128056144 0.7955449482895783 12500
1748128056655 0.9451073985680191 13000
1748128057118 0.9362952083715806 13500
1748128057575 1.104923539291081 14000
1748128058052 1.0910330719399932 14500
