1748128044772 -0.14 500
1748128045234 -0.05500000000000001 1000
1748128045714 -0.11666666666666665 1500
1748128046266 -0.1575 2000
1748128046738 -0.122 2500
1748128047199 -0.06833333333333333 3000
1748128047662 -0.11857142857142856 3500
1748128048126 -0.135 4000
1748128048604 -0.11888888888888889 4500
1748128049070 -0.11000000000000001 5000
1748128049529 -0.0881818181818182 5500
1748128049996 -0.07500000000000001 6000
1748128050457 -0.06384615384615386 6500
1748128050914 -0.04142857142857143 7000
1748128051385 -0.050666666666666665 7500
1748128051845 -0.034375 8000
1748128052764 -0.020000000000000004 9000
1748128053228 -0.010000000000000004 9500
1748128053689 0.0036842105263157855 10000
1748128054159 -0.006000000000000004 10500
1748128054633 -0.00904761904761905 11000
1748128055186 0.0009090909090909049 11500
1748128055680 0.009565217391304344 12000
1748128056143 -0.0016666666666666635 12500
1748128056654 -0.018399999999999996 13000
1748128057117 -0.02692307692307692 13500
1748128057574 -0.029259259259259256 14000
1748128058051 -0.023928571428571428 14500
