1748128044770 500.0 500
1748128045233 1000.0 1000
1748128045713 1500.0 1500
1748128046265 2000.0 2000
1748128046736 2500.0 2500
1748128047198 3000.0 3000
1748128047660 3500.0 3500
1748128048124 4000.0 4000
1748128048603 4500.0 4500
1748128049068 5000.0 5000
1748128049527 5500.0 5500
1748128049995 6000.0 6000
1748128050455 6500.0 6500
1748128050913 7000.0 7000
1748128051384 7500.0 7500
1748128051843 8000.0 8000
1748128052306 8500.0 8500
1748128052763 9000.0 9000
1748128053226 9500.0 9500
1748128053687 10000.0 10000
1748128054158 10500.0 10500
1748128054631 11000.0 11000
1748128055183 11500.0 11500
1748128055678 12000.0 12000
1748128056141 12500.0 12500
1748128056652 13000.0 13000
1748128057115 13500.0 13500
1748128057572 14000.0 14000
1748128058049 14500.0 14500
