1748128044770 -0.14 500
1748128045233 0.03 1000
1748128045713 -0.24 1500
1748128046265 -0.28 2000
1748128046737 0.02 2500
1748128047198 0.2 3000
1748128047660 -0.42 3500
1748128048125 -0.25 4000
1748128048603 0.01 4500
1748128049069 -0.03 5000
1748128049528 0.13 5500
1748128049995 0.07 6000
1748128050455 0.07 6500
1748128050913 0.25 7000
1748128051384 -0.18 7500
1748128051843 0.21 8000
1748128052763 0.21 9000
1748128053226 0.16 9500
1748128053687 0.25 10000
1748128054158 -0.19 10500
1748128054632 -0.07 11000
1748128055184 0.21 11500
1748128055678 0.2 12000
1748128056142 -0.26 12500
1748128056653 -0.42 13000
1748128057116 -0.24 13500
1748128057573 -0.09 14000
1748128058049 0.12 14500
