1748128044771 2.386634844868735 500
1748128045234 0.23866348448687352 1000
1748128045714 0.23866348448687352 1500
1748128046266 1.1933174224343674 2000
1748128046738 0.7159904534606205 2500
1748128047199 0.47732696897374705 3000
1748128047661 0.47732696897374705 3500
1748128048126 0.47732696897374705 4000
1748128048604 0.47732696897374705 4500
1748128049070 0.9546539379474941 5000
1748128049529 0.47732696897374705 5500
1748128049996 0.23866348448687352 6000
1748128050456 1.6706443914081146 6500
1748128050914 0.23866348448687352 7000
1748128051385 0.47732696897374705 7500
1748128051844 0.23866348448687352 8000
1748128052764 0.47732696897374705 9000
1748128053227 0.47732696897374705 9500
1748128053688 0.9546539379474941 10000
1748128054159 2.863961813842482 10500
1748128054633 0.23866348448687352 11000
1748128055185 2.1479713603818613 11500
1748128055679 0.7159904534606205 12000
1748128056143 0.23866348448687352 12500
1748128056654 4.534606205250596 13000
1748128057117 0.7159904534606205 13500
1748128057574 5.4892601431980905 14000
1748128058050 0.7159904534606205 14500
