1748128044771 9985.75 500
1748128045233 10003.1 1000
1748128045713 9976.05 1500
1748128046265 9971.54 2000
1748128046737 10001.97 2500
1748128047198 10020.14 3000
1748128047661 9957.94 3500
1748128048125 9975.04 4000
1748128048603 10000.88 4500
1748128049069 9996.95 5000
1748128049528 10012.87 5500
1748128049995 10006.57 6000
1748128050456 10006.56 6500
1748128050913 10025.36 7000
1748128051384 9981.71 7500
1748128051844 10021.12 8000
1748128052763 10021.01 9000
1748128053227 10015.73 9500
1748128053688 10024.96 10000
1748128054158 9980.7 10500
1748128054632 9992.52 11000
1748128055184 10021.49 11500
1748128055679 10020.15 12000
1748128056142 9974.28 12500
1748128056653 9957.9 13000
1748128057116 9975.94 13500
1748128057573 9991.24 14000
1748128058049 10012.4 14500
