1748128044769 1.0 500
1748128045231 2.0 1000
1748128045712 3.0 1500
1748128046263 4.0 2000
1748128046736 5.0 2500
1748128047197 6.0 3000
1748128047659 7.0 3500
1748128048122 8.0 4000
1748128048602 9.0 4500
1748128049067 10.0 5000
1748128049527 11.0 5500
1748128049994 12.0 6000
1748128050454 13.0 6500
1748128050912 14.0 7000
1748128051383 15.0 7500
1748128051842 16.0 8000
1748128052305 17.0 8500
1748128052762 18.0 9000
1748128053225 19.0 9500
1748128053686 20.0 10000
1748128054157 21.0 10500
1748128054630 22.0 11000
1748128055182 23.0 11500
1748128055677 24.0 12000
1748128056141 25.0 12500
1748128056651 26.0 13000
1748128057114 27.0 13500
1748128057571 28.0 14000
1748128058048 29.0 14500
