1748128044769 500.0 500
1748128045232 500.0 1000
1748128045712 500.0 1500
1748128046264 500.0 2000
1748128046736 500.0 2500
1748128047197 500.0 3000
1748128047659 500.0 3500
1748128048124 500.0 4000
1748128048602 500.0 4500
1748128049068 500.0 5000
1748128049527 500.0 5500
1748128049994 500.0 6000
1748128050455 500.0 6500
1748128050912 500.0 7000
1748128051383 500.0 7500
1748128051843 500.0 8000
1748128052762 500.0 9000
1748128053226 500.0 9500
1748128053686 500.0 10000
1748128054157 500.0 10500
1748128054631 500.0 11000
1748128055183 500.0 11500
1748128055677 500.0 12000
1748128056141 500.0 12500
1748128056652 500.0 13000
1748128057115 500.0 13500
1748128057572 500.0 14000
1748128058048 500.0 14500
