1748128044771 10.0 500
1748128045234 1.0 1000
1748128045714 1.0 1500
1748128046266 5.0 2000
1748128046737 3.0 2500
1748128047199 2.0 3000
1748128047661 2.0 3500
1748128048125 2.0 4000
1748128048604 2.0 4500
1748128049069 4.0 5000
1748128049528 2.0 5500
1748128049996 1.0 6000
1748128050456 7.0 6500
1748128050914 1.0 7000
1748128051385 2.0 7500
1748128051844 1.0 8000
1748128052764 2.0 9000
1748128053227 2.0 9500
1748128053688 4.0 10000
1748128054159 12.0 10500
1748128054632 1.0 11000
1748128055185 9.0 11500
1748128055679 3.0 12000
1748128056142 1.0 12500
1748128056654 19.0 13000
1748128057116 3.0 13500
1748128057573 23.0 14000
1748128058050 3.0 14500
