1748128044773 0.09140767824497258 500
1748128045236 0.18281535648994515 1000
1748128045716 0.2742230347349177 1500
1748128046268 0.3656307129798903 2000
1748128046739 0.4570383912248629 2500
1748128047201 0.5484460694698354 3000
1748128047663 0.6398537477148081 3500
1748128048127 0.7312614259597806 4000
1748128048606 0.8226691042047531 4500
1748128049071 0.9140767824497258 5000
1748128049530 1.0054844606946984 5500
1748128049998 1.0968921389396709 6000
1748128050458 1.1882998171846435 6500
1748128050916 1.2797074954296161 7000
1748128051387 1.3711151736745886 7500
1748128051846 1.4625228519195612 8000
1748128052766 1.6453382084095063 9000
1748128053229 1.736745886654479 9500
1748128053691 1.8281535648994516 10000
1748128054161 1.9195612431444242 10500
1748128054634 2.010968921389397 11000
1748128055188 2.1023765996343693 11500
1748128055681 2.1937842778793417 12000
1748128056144 2.2851919561243146 12500
1748128056656 2.376599634369287 13000
1748128057118 2.46800731261426 13500
1748128057575 2.5594149908592323 14000
1748128058052 2.6508226691042047 14500
