1748149449724 6.205250596658711 500
1748149495453 7.040572792362768 1000
1748149540635 5.807478122513921 1500
1748149586499 5.8472553699284004 2000
1748149629461 6.252983293556086 2500
1748149667954 5.966587112171837 3000
1748149703902 5.864302761677463 3500
1748149735485 5.340095465393794 4000
1748149760413 5.22407849376823 4500
1748149784387 5.155131264916467 5000
1748149798451 4.990236493816446 5500
1748149807741 4.733492442322991 6000
1748149816394 4.479530016522856 6500
1748149824733 4.34708489601091 7000
1748149829547 4.248210023866347 7500
1748149834281 4.072195704057279 8000
1748149838558 3.874771865786887 8500
1748149843378 3.6727658446035534 9000
1748149847997 3.517146087174978 9500
1748149852755 3.460620525059666 10000
