1748149449609 47.74 500
1748149495337 138.18 1000
1748149540522 81.98 1500
1748149586379 103.1925 2000
1748149629332 168.536 2500
1748149667856 163.61333333333334 3000
1748149703810 162.82999999999998 3500
1748149735418 143.88750000000002 4000
1748149760367 132.98000000000002 4500
1748149784351 126.45500000000001 5000
1748149798442 127.8918181818182 5500
1748149807731 116.32000000000001 6000
1748149816386 104.66000000000001 6500
1748149824729 102.83928571428574 7000
1748149829540 104.91600000000001 7500
1748149834276 102.65 8000
1748149838550 97.29352941176471 8500
1748149843372 93.69722222222222 9000
1748149847991 85.07473684210527 9500
1748149852749 85.346 10000
