1748149449681 26.0 500
1748149495413 29.5 1000
1748149540600 24.333333333333332 1500
1748149586456 24.5 2000
1748149629427 26.2 2500
1748149667922 25.0 3000
1748149703871 24.571428571428573 3500
1748149735462 22.375 4000
1748149760401 21.88888888888889 4500
1748149784372 21.6 5000
1748149798448 20.90909090909091 5500
1748149807737 19.833333333333332 6000
1748149816391 18.76923076923077 6500
1748149824732 18.214285714285715 7000
1748149829545 17.8 7500
1748149834279 17.0625 8000
1748149838554 16.235294117647058 8500
1748149843376 15.38888888888889 9000
1748149847995 14.736842105263158 9500
1748149852753 14.5 10000
