1748149449646 14773.5 500
1748149495377 23817.84 1000
1748149540562 18197.893333333333 1500
1748149586420 20319.13 2000
1748149629383 26853.428000000004 2500
1748149667888 26361.26 3000
1748149703839 26283.002857142856 3500
1748149735437 24388.747499999998 4000
1748149760386 23298.00222222222 4500
1748149784361 22645.503999999997 5000
1748149798444 22789.221818181817 5500
1748149807734 21632.004999999997 6000
1748149816389 20466.01538461538 6500
1748149824730 20283.925714285713 7000
1748149829543 20491.587999999996 7500
1748149834277 20265.004999999997 8000
1748149838552 19729.368235294114 8500
1748149843375 19369.713333333333 9000
1748149847993 18507.454736842104 9500
1748149852751 18534.596999999998 10000
