1748149449411 500.0 500
1748149495149 1000.0 1000
1748149540342 1500.0 1500
1748149586181 2000.0 2000
1748149629148 2500.0 2500
1748149667700 3000.0 3000
1748149703642 3500.0 3500
1748149735284 4000.0 4000
1748149760298 4500.0 4500
1748149784298 5000.0 5000
1748149798422 5500.0 5500
1748149807712 6000.0 6000
1748149816372 6500.0 6500
1748149824719 7000.0 7000
1748149829531 7500.0 7500
1748149834266 8000.0 8000
1748149838541 8500.0 8500
1748149843363 9000.0 9000
1748149847982 9500.0 9500
1748149852739 10000.0 10000
