1748149449374 500.0 500
1748149495107 500.0 1000
1748149540294 500.0 1500
1748149586145 500.0 2000
1748149629112 500.0 2500
1748149667671 500.0 3000
1748149703611 500.0 3500
1748149735262 500.0 4000
1748149760282 500.0 4500
1748149784287 500.0 5000
1748149798417 500.0 5500
1748149807707 500.0 6000
1748149816368 500.0 6500
1748149824717 500.0 7000
1748149829528 500.0 7500
1748149834263 500.0 8000
1748149838539 500.0 8500
1748149843360 500.0 9000
1748149847980 500.0 9500
1748149852737 500.0 10000
