1748149449571 6.205250596658711 500
1748149495302 7.875894988066825 1000
1748149540492 3.341288782816229 1500
1748149586336 5.966587112171838 2000
1748149629297 7.875894988066825 2500
1748149667826 4.534606205250596 3000
1748149703778 5.250596658711217 3500
1748149735394 1.6706443914081146 4000
1748149760353 4.295942720763723 4500
1748149784341 4.534606205250596 5000
1748149798438 3.341288782816229 5500
1748149807727 1.9093078758949882 6000
1748149816383 1.431980906921241 6500
1748149824726 2.6252983293556085 7000
1748149829538 2.863961813842482 7500
1748149834273 1.431980906921241 8000
1748149838548 0.7159904534606205 8500
1748149843370 0.23866348448687352 9000
1748149847990 0.7159904534606205 9500
1748149852746 2.386634844868735 10000
