1748149449489 14773.5 500
1748149495228 32862.18 1000
1748149540421 6958.0 1500
1748149586251 26682.84 2000
1748149629226 52990.62 2500
1748149667757 23900.42 3000
1748149703713 25813.46 3500
1748149735338 11128.96 4000
1748149760327 14572.04 4500
1748149784321 16773.02 5000
1748149798433 24226.4 5500
1748149807720 8902.62 6000
1748149816377 6474.14 6500
1748149824722 17916.76 7000
1748149829535 23398.86 7500
1748149834269 16866.26 8000
1748149838544 11159.18 8500
1748149843367 13255.58 9000
1748149847986 2986.8 9500
1748149852743 19050.3 10000
