1748149449450 47.74 500
1748149495189 228.62 1000
1748149540379 -30.42 1500
1748149586220 166.83 2000
1748149629190 429.91 2500
1748149667726 139.0 3000
1748149703679 158.13 3500
1748149735310 11.29 4000
1748149760313 45.72 4500
1748149784306 67.73 5000
1748149798430 142.26 5500
1748149807715 -10.97 6000
1748149816374 -35.26 6500
1748149824721 79.17 7000
1748149829533 133.99 7500
1748149834267 68.66 8000
1748149838543 11.59 8500
1748149843365 32.56 9000
1748149847984 -70.13 9500
1748149852741 90.5 10000
