1748149014152 7972.38 500
1748149028216 11457.62 1000
1748149043036 10352.720000000001 1500
1748149057641 8497.2 2000
1748149071879 7120.280000000001 2500
1748149086075 6804.503333333334 3000
1748149100506 6212.571428571429 3500
1748149114787 7719.435 4000
1748149128937 9548.931111111111 4500
1748149143348 9067.954000000002 5000
1748149157966 8252.685454545455 5500
1748149172146 7573.295000000001 6000
1748149187176 7299.543076923078 6500
1748149201018 6949.725714285715 7000
1748149215762 6731.522666666668 7500
1748149230432 6337.0287499999995 8000
1748149245070 6149.064705882352 8500
1748149259675 6119.674444444444 9000
1748149274230 6031.864210526315 9500
1748149288596 6099.516999999999 10000
