1748149014116 -20.28 500
1748149028177 14.575 1000
1748149043003 3.526666666666666 1500
1748149057606 -15.0275 2000
1748149071839 -28.796000000000003 2500
1748149086044 -31.953333333333337 3000
1748149100472 -37.87285714285714 3500
1748149114751 -22.805 4000
1748149128914 -4.510000000000001 4500
1748149143305 -9.32 5000
1748149157929 -17.472727272727273 5500
1748149172115 -24.266666666666666 6000
1748149187142 -27.003846153846155 6500
1748149200983 -30.50214285714286 7000
1748149215725 -32.684000000000005 7500
1748149230396 -36.62875 8000
1748149245030 -38.50823529411765 8500
1748149259639 -38.80222222222222 9000
1748149274195 -39.68052631578947 9500
1748149288561 -39.004 10000
