1748149014228 0.7159904534606205 500
1748149028287 0.5966587112171837 1000
1748149043111 1.1137629276054095 1500
1748149057712 1.431980906921241 2000
1748149071956 1.431980906921241 2500
1748149086153 1.5910898965791567 3000
1748149100587 1.6365496079099897 3500
1748149114856 1.5513126491646778 4000
1748149129013 1.591089896579157 4500
1748149143425 1.837708830548926 5000
1748149158039 2.2130614016055543 5500
1748149172216 2.4661893396976926 6000
1748149187242 2.5702221406278687 6500
1748149201085 2.77872485509717 7000
1748149215831 2.6730310262529833 7500
1748149230511 2.8341288782816227 8000
1748149245139 2.8218447283447983 8500
1748149259754 2.784407319013524 9000
1748149274301 2.8011556337143575 9500
1748149288675 2.6968973747016705 10000
