1748149014191 3.0 500
1748149028251 2.5 1000
1748149043076 4.666666666666667 1500
1748149057672 6.0 2000
1748149071917 6.0 2500
1748149086113 6.666666666666667 3000
1748149100547 6.857142857142857 3500
1748149114823 6.5 4000
1748149128972 6.666666666666667 4500
1748149143390 7.7 5000
1748149158004 9.272727272727273 5500
1748149172177 10.333333333333334 6000
1748149187207 10.76923076923077 6500
1748149201053 11.642857142857142 7000
1748149215795 11.2 7500
1748149230469 11.875 8000
1748149245106 11.823529411764707 8500
1748149259715 11.666666666666666 9000
1748149274267 11.736842105263158 9500
1748149288633 11.3 10000
