1748149013933 500.0 500
1748149027989 1000.0 1000
1748149042808 1500.0 1500
1748149057417 2000.0 2000
1748149071652 2500.0 2500
1748149085857 3000.0 3000
1748149100286 3500.0 3500
1748149114580 4000.0 4000
1748149128710 4500.0 4500
1748149143105 5000.0 5000
1748149157742 5500.0 5500
1748149171938 6000.0 6000
1748149186958 6500.0 6500
1748149200808 7000.0 7000
1748149215572 7500.0 7500
1748149230202 8000.0 8000
1748149244839 8500.0 8500
1748149259447 9000.0 9000
1748149273986 9500.0 9500
1748149288395 10000.0 10000
