1748149013902 500.0 500
1748149027948 500.0 1000
1748149042778 500.0 1500
1748149057372 500.0 2000
1748149071619 500.0 2500
1748149085824 500.0 3000
1748149100252 500.0 3500
1748149114543 500.0 4000
1748149128674 500.0 4500
1748149143066 500.0 5000
1748149157710 500.0 5500
1748149171893 500.0 6000
1748149186921 500.0 6500
1748149200775 500.0 7000
1748149215537 500.0 7500
1748149230162 500.0 8000
1748149244808 500.0 8500
1748149259409 500.0 9000
1748149273949 500.0 9500
1748149288363 500.0 10000
