1748149014075 0.7159904534606205 500
1748149028138 0.47732696897374705 1000
1748149042968 2.1479713603818613 1500
1748149057569 2.386634844868735 2000
1748149071803 1.431980906921241 2500
1748149086009 2.386634844868735 3000
1748149100435 1.9093078758949882 3500
1748149114712 0.9546539379474941 4000
1748149128856 1.9093078758949882 4500
1748149143264 4.05727923627685 5000
1748149157892 5.966587112171838 5500
1748149172078 5.250596658711217 6000
1748149187102 3.8186157517899764 6500
1748149200949 5.4892601431980905 7000
1748149215694 1.1933174224343674 7500
1748149230363 5.250596658711217 8000
1748149244990 2.6252983293556085 8500
1748149259604 2.1479713603818613 9000
1748149274153 3.1026252983293556 9500
1748149288529 0.7159904534606205 10000
