1748149014009 7972.38 500
1748149028067 14942.86 1000
1748149042882 8142.92 1500
1748149057495 2930.64 2000
1748149071731 1612.6 2500
1748149085928 5225.62 3000
1748149100359 2660.98 3500
1748149114646 18267.48 4000
1748149128782 24184.9 4500
1748149143187 4739.16 5000
1748149157819 100.0 5500
1748149172011 100.0 6000
1748149187035 4014.52 6500
1748149200881 2402.1 7000
1748149215631 3676.68 7500
1748149230279 419.62 8000
1748149244911 3141.64 8500
1748149259527 5620.04 9000
1748149274072 4451.28 9500
1748149288461 7384.92 10000
