1748149013971 -20.28 500
1748149028022 49.43 1000
1748149042844 -18.57 1500
1748149057452 -70.69 2000
1748149071691 -83.87 2500
1748149085892 -47.74 3000
1748149100320 -73.39 3500
1748149114613 82.67 4000
1748149128747 141.85 4500
1748149143148 -52.61 5000
1748149157783 -99.0 5500
1748149171972 -99.0 6000
1748149187002 -59.85 6500
1748149200847 -75.98 7000
1748149215598 -63.23 7500
1748149230237 -95.8 8000
1748149244876 -68.58 8500
1748149259485 -43.8 9000
1748149274025 -55.49 9500
1748149288428 -26.15 10000
