1748138100629 16375.0 0
1748138147937 17715.0 1
1748138190596 21075.0 2
1748138300929 23125.0 3
1748138395007 5480.0 4
1748138477772 34295.0 5
1748138543460 20275.0 6
1748138659899 14945.0 7
1748138707346 28305.0 8
1748138780078 31480.0 9
1748138876352 10145.0 10
1748138955564 35575.0 11
1748139027379 28395.0 12
1748139083018 23705.0 13
1748139214145 28015.0 14
1748139297996 41175.0 15
1748139352765 10845.0 16
1748139502329 19955.0 17
1748139551208 36765.0 18
1748139595533 20695.0 19
1748139638934 22885.0 20
1748139706869 17715.0 21
1748139753907 52285.0 22
1748139801051 26375.0 23
