1748138100628 0.02751804496272085 0
1748138147936 1.8747059221802523e-05 1
1748138190595 1.2494702536130696e-05 2
1748138300928 7.151383480402486e-05 3
1748138395005 0.001070771210977077 4
1748138477771 0.00023592770353071267 5
1748138543459 8.674832802525465e-05 6
1748138659898 0.007158714383119802 7
1748138707344 0.3447275228705859 8
1748138780077 0.01641309440776005 9
1748138876351 0.005076907125463296 10
1748138955562 0.0057331484710788335 11
1748139027378 0.0001519493402204936 12
1748139083017 0.002666908470221427 13
1748139214144 0.003645361459451017 14
1748139297995 2.362684496249784e-05 15
1748139352763 1.739347168349592e-05 16
1748139502328 2.426644086766875e-05 17
1748139551206 0.13680906044160712 18
1748139595532 0.1097030609239807 19
1748139638933 0.003082968101216927 20
1748139706868 0.02621388185669409 21
1748139753906 0.27458015463799557 22
1748139801049 0.112302529074432 23
