1748138100629 63.75 0
1748138147937 77.15 1
1748138190596 110.75 2
1748138300929 131.25 3
1748138395006 -45.2 4
1748138477771 242.95 5
1748138543460 102.75 6
1748138659899 49.45 7
1748138707345 183.05 8
1748138780078 214.8 9
1748138876352 1.45 10
1748138955563 255.75 11
1748139027379 183.95 12
1748139083018 137.05 13
1748139214145 180.15 14
1748139297996 311.75 15
1748139352764 8.45 16
1748139502329 99.55 17
1748139551207 267.65 18
1748139595533 106.95 19
1748139638934 128.85 20
1748139706869 77.15 21
1748139753907 422.85 22
1748139801051 163.75 23
