1748138100628 1868.0 0
1748138147936 620.0 1
1748138190594 1334.0 2
1748138300928 671.0 3
1748138395004 1035.0 4
1748138477770 606.0 5
1748138543458 1485.0 6
1748138659897 533.0 7
1748138707343 1864.0 8
1748138780077 572.0 9
1748138876350 1177.0 10
1748138955562 576.0 11
1748139027378 514.0 12
1748139083017 579.0 13
1748139214143 523.0 14
1748139297994 554.0 15
1748139352763 830.0 16
1748139502328 542.0 17
1748139551206 594.0 18
1748139595532 747.0 19
1748139638932 510.0 20
1748139706868 537.0 21
1748139753906 671.0 22
1748139801049 590.0 23
