1748138100627 5.6115164153345e-05 0
1748138147936 2.0513382630874486e-05 1
1748138190594 0.00015930522616241006 2
1748138300928 0.000462258900102083 3
1748138395004 4.059611610484306e-05 4
1748138477770 0.00016738085788752134 5
1748138543458 8.168455894760161e-05 6
1748138659896 0.00015304852121831474 7
1748138707343 1.3492834268013232e-05 8
1748138780076 4.066563313514796e-05 9
1748138876350 0.00034976083937615 10
1748138955561 1.455331604624343e-05 11
1748139027377 1.6718195125281985e-05 12
1748139083016 0.00038478326451779783 13
1748139214143 1.2882934856299115e-05 14
1748139297993 0.00012131824491261165 15
1748139352762 0.0005373970605766277 16
1748139502327 8.220833010924365e-05 17
1748139551205 1.5349733642748702e-05 18
1748139595531 7.574166564112334e-05 19
1748139638932 1.5844285339714784e-05 20
1748139706867 1.3810765861180123e-05 21
1748139753905 1.1860833906491779e-05 22
1748139801048 2.0584614363549795e-05 23
