1748138100629 41.0 0
1748138147937 88.0 1
1748138190595 118.0 2
1748138300929 13.0 3
1748138395005 17.0 4
1748138477771 21.0 5
1748138543459 32.0 6
1748138659898 12.0 7
1748138707345 75.0 8
1748138780078 26.0 9
1748138876351 16.0 10
1748138955563 26.0 11
1748139027378 27.0 12
1748139083018 46.0 13
1748139214144 10.0 14
1748139297995 21.0 15
1748139352763 54.0 16
1748139502328 9.0 17
1748139551207 79.0 18
1748139595532 97.0 19
1748139638933 125.0 20
1748139706868 31.0 21
1748139753906 83.0 22
1748139801050 91.0 23
