1748138100625 63.75 0
1748138147935 77.15 1
1748138190592 110.75 2
1748138300926 131.25 3
1748138395001 -45.2 4
1748138477769 242.95 5
1748138543455 102.75 6
1748138659895 49.45 7
1748138707341 183.05 8
1748138780076 214.8 9
1748138876347 1.45 10
1748138955561 255.75 11
1748139027376 183.95 12
1748139083016 137.05 13
1748139214140 180.15 14
1748139297990 311.75 15
1748139352762 8.45 16
1748139502327 99.55 17
1748139551205 267.65 18
1748139595530 106.95 19
1748139638931 128.85 20
1748139706867 77.15 21
1748139753905 422.85 22
1748139801046 163.75 23
