1748138100630 284.0 0
1748138147938 1.0 1
1748138190597 148.0 2
1748138300930 164.0 3
1748138395007 1.0 4
1748138477772 31.0 5
1748138543461 222.0 6
1748138659900 260.0 7
1748138707346 124.0 8
1748138780079 14.0 9
1748138876353 255.0 10
1748138955564 42.0 11
1748139027379 82.0 12
1748139083018 502.0 13
1748139214145 37.0 14
1748139297997 163.0 15
1748139352765 160.0 16
1748139502329 124.0 17
1748139551208 80.0 18
1748139595533 230.0 19
1748139638934 81.0 20
1748139706869 1.0 21
1748139753908 148.0 22
1748139801052 76.0 23
