1748149017955 450.97 500
1748149036133 246.07500000000002 1000
1748149054652 197.67 1500
1748149073054 206.4425 2000
1748149091182 228.49200000000002 2500
1748149108976 219.81500000000003 3000
1748149127203 217.77 3500
1748149145074 200.57875 4000
1748149163596 169.91444444444446 4500
1748149181892 171.785 5000
1748149200150 189.6 5500
1748149218638 189.8358333333333 6000
1748149237117 217.5876923076923 6500
1748149255353 233.47357142857143 7000
1748149273536 240.472 7500
1748149291915 263.2925 8000
1748149310201 264.98 8500
1748149328730 279.9816666666667 9000
1748149347153 288.3221052631579 9500
1748149365303 309.832 10000
