1748149017974 55096.9 500
1748149036178 34607.35 1000
1748149054685 29766.846666666665 1500
1748149073082 30644.21 2000
1748149091216 32849.152 2500
1748149109017 31981.47666666667 3000
1748149127240 31777.014285714286 3500
1748149145118 30057.934999999998 4000
1748149163632 26991.497777777775 4500
1748149181933 27178.591999999997 5000
1748149200184 28960.112727272728 5500
1748149218679 28983.69 6000
1748149237157 31758.841538461533 6500
1748149255388 33347.43142857142 7000
1748149273574 34047.278666666665 7500
1748149291949 36329.34625 8000
1748149310233 36498.07647058824 8500
1748149328763 37998.25 9000
1748149347189 38832.30631578947 9500
1748149365339 40983.28999999999 10000
