1748149018048 11.217183770883054 500
1748149036253 6.443914081145584 1000
1748149054751 4.534606205250596 1500
1748149073154 4.057279236276849 2000
1748149091290 4.5823389021479715 2500
1748149109083 5.250596658711217 3000
1748149127313 5.762018411183088 3500
1748149145200 5.847255369928401 4000
1748149163695 5.807478122513922 4500
1748149182014 5.94272076372315 5000
1748149200261 6.834454328487741 5500
1748149218752 7.398568019093079 6000
1748149237233 8.022764824674132 6500
1748149255457 8.574838049778384 7000
1748149273655 8.671439936356403 7500
1748149292013 8.890214797136037 8000
1748149310314 8.900744068510459 8500
1748149328843 9.228321400159109 9000
1748149347268 9.39580454716744 9500
1748149365411 9.797136038186157 10000
