1748149018009 47.0 500
1748149036215 27.0 1000
1748149054718 19.0 1500
1748149073116 17.0 2000
1748149091252 19.2 2500
1748149109050 22.0 3000
1748149127276 24.142857142857142 3500
1748149145157 24.5 4000
1748149163665 24.333333333333332 4500
1748149181972 24.9 5000
1748149200225 28.636363636363637 5500
1748149218715 31.0 6000
1748149237197 33.61538461538461 6500
1748149255418 35.92857142857143 7000
1748149273617 36.333333333333336 7500
1748149291985 37.25 8000
1748149310269 37.294117647058826 8500
1748149328805 38.666666666666664 9000
1748149347234 39.36842105263158 9500
1748149365376 41.05 10000
