1748149017777 500.0 500
1748149035949 1000.0 1000
1748149054478 1500.0 1500
1748149072877 2000.0 2000
1748149091010 2500.0 2500
1748149108807 3000.0 3000
1748149127010 3500.0 3500
1748149144883 4000.0 4000
1748149163417 4500.0 4500
1748149181703 5000.0 5000
1748149199971 5500.0 5500
1748149218465 6000.0 6000
1748149236896 6500.0 6500
1748149255172 7000.0 7000
1748149273317 7500.0 7500
1748149291725 8000.0 8000
1748149310022 8500.0 8500
1748149328559 9000.0 9000
1748149346966 9500.0 9500
1748149365115 10000.0 10000
