1748149017912 11.217183770883054 500
1748149036095 1.6706443914081146 1000
1748149054616 0.7159904534606205 1500
1748149073013 2.6252983293556085 2000
1748149091146 6.682577565632458 2500
1748149108949 8.591885441527445 3000
1748149127172 8.83054892601432 3500
1748149145033 6.443914081145586 4000
1748149163563 5.4892601431980905 4500
1748149181852 7.159904534606206 5000
1748149200116 15.75178997613365 5500
1748149218596 13.60381861575179 6000
1748149237072 15.513126491646778 6500
1748149255323 15.75178997613365 7000
1748149273490 10.023866348448687 7500
1748149291879 12.17183770883055 8000
1748149310171 9.069212410501192 8500
1748149328692 14.797136038186157 9000
1748149347114 12.410501193317423 9500
1748149365262 17.42243436754177 10000
