1748149017737 500.0 500
1748149035906 500.0 1000
1748149054445 500.0 1500
1748149072841 500.0 2000
1748149090977 500.0 2500
1748149108767 500.0 3000
1748149126978 500.0 3500
1748149144844 500.0 4000
1748149163371 500.0 4500
1748149181661 500.0 5000
1748149199941 500.0 5500
1748149218421 500.0 6000
1748149236859 500.0 6500
1748149255143 500.0 7000
1748149273276 500.0 7500
1748149291690 500.0 8000
1748149309989 500.0 8500
1748149328527 500.0 9000
1748149346930 500.0 9500
1748149365079 500.0 10000
