1748149017843 55096.9 500
1748149036024 14117.8 1000
1748149054550 20085.84 1500
1748149072957 33276.3 2000
1748149091084 41668.92 2500
1748149108879 27643.1 3000
1748149127079 30550.24 3500
1748149144961 18024.38 4000
1748149163495 2460.0 4500
1748149181775 28862.44 5000
1748149200045 46775.32 5500
1748149218534 29243.04 6000
1748149236996 65060.66 6500
1748149255244 53999.1 7000
1748149273406 43845.14 7500
1748149291807 70560.36 8000
1748149310101 39197.76 8500
1748149328626 63501.2 9000
1748149347041 53845.32 9500
1748149365190 81851.98 10000
