1748149017809 450.97 500
1748149035986 41.18 1000
1748149054513 100.86 1500
1748149072920 232.76 2000
1748149091048 316.69 2500
1748149108844 176.43 3000
1748149127045 205.5 3500
1748149144923 80.24 4000
1748149163454 -75.4 4500
1748149181737 188.62 5000
1748149200011 367.75 5500
1748149218502 192.43 6000
1748149236949 550.61 6500
1748149255210 439.99 7000
1748149273358 338.45 7500
1748149291764 605.6 8000
1748149310060 291.98 8500
1748149328590 535.01 9000
1748149347005 438.45 9500
1748149365153 718.52 10000
