1748149016091 -19.44 500
1748149032037 -21.185000000000002 1000
1748149048888 -2.9933333333333345 1500
1748149065138 9.312499999999998 2000
1748149081308 34.39 2500
1748149097353 28.021666666666665 3000
1748149113531 24.754285714285714 3500
1748149130003 12.11375 4000
1748149146390 2.389999999999999 4500
1748149162046 -2.9400000000000004 5000
1748149178057 -3.536363636363637 5500
1748149194763 -7.4225 6000
1748149210992 -8.356153846153846 6500
1748149227145 -10.941428571428572 7000
1748149243733 -4.523333333333334 7500
1748149260245 -6.463750000000002 8000
1748149276593 -2.306470588235296 8500
1748149292870 -0.6611111111111132 9000
1748149309130 4.486315789473682 9500
1748149325890 3.8499999999999988 10000
