1748149016124 8056.3 500
1748149032074 7881.72 1000
1748149048931 9700.833333333334 1500
1748149065171 10931.485 2000
1748149081343 13439.112 2500
1748149097392 12802.243333333332 3000
1748149113568 12475.42857142857 3500
1748149130039 11211.380000000001 4000
1748149146428 10239.004444444445 4500
1748149162084 9705.968 5000
1748149178088 9646.345454545455 5500
1748149194798 9257.703333333333 6000
1748149211034 9164.32 6500
1748149227183 8905.764285714286 7000
1748149243772 9547.594666666666 7500
1748149260280 9353.5775 8000
1748149276630 9769.329411764704 8500
1748149292905 9933.88222222222 9000
1748149309173 10448.623157894735 9500
1748149325921 10385.001999999999 10000
