1748149016199 0.23866348448687352 500
1748149032149 0.47732696897374705 1000
1748149048997 0.5568814638027049 1500
1748149065240 0.47732696897374705 2000
1748149081415 0.42959427207637235 2500
1748149097502 0.3977724741447892 3000
1748149113639 0.4432321854756222 3500
1748149130113 0.41766109785202865 4000
1748149146508 0.4508088040307611 4500
1748149162168 0.42959427207637235 5000
1748149178149 0.41223692775005427 5500
1748149194864 0.477326968973747 6000
1748149211116 0.45896823939783365 6500
1748149227257 0.4432321854756222 7000
1748149243856 0.4295942720763723 7500
1748149260352 0.4176610978520286 8000
1748149276701 0.4071318264776077 8500
1748149292974 0.39777247414478917 9000
1748149309261 0.38939831679437253 9500
1748149325995 0.3818615751789976 10000
