1748149016163 1.0 500
1748149032113 2.0 1000
1748149048961 2.3333333333333335 1500
1748149065206 2.0 2000
1748149081380 1.8 2500
1748149097464 1.6666666666666667 3000
1748149113607 1.8571428571428572 3500
1748149130073 1.75 4000
1748149146470 1.8888888888888888 4500
1748149162123 1.8 5000
1748149178118 1.7272727272727273 5500
1748149194825 2.0 6000
1748149211072 1.9230769230769231 6500
1748149227218 1.8571428571428572 7000
1748149243816 1.8 7500
1748149260314 1.75 8000
1748149276666 1.7058823529411764 8500
1748149292936 1.6666666666666667 9000
1748149309217 1.631578947368421 9500
1748149325964 1.6 10000
