1748149015917 500.0 500
1748149031850 1000.0 1000
1748149048706 1500.0 1500
1748149064948 2000.0 2000
1748149081143 2500.0 2500
1748149097189 3000.0 3000
1748149113356 3500.0 3500
1748149129818 4000.0 4000
1748149146206 4500.0 4500
1748149161855 5000.0 5000
1748149177872 5500.0 5500
1748149194565 6000.0 6000
1748149210799 6500.0 6500
1748149226979 7000.0 7000
1748149243547 7500.0 7500
1748149260054 8000.0 8000
1748149276416 8500.0 8500
1748149292699 9000.0 9000
1748149308929 9500.0 9500
1748149325706 10000.0 10000
