1748149015882 500.0 500
1748149031812 500.0 1000
1748149048676 500.0 1500
1748149064912 500.0 2000
1748149081107 500.0 2500
1748149097149 500.0 3000
1748149113320 500.0 3500
1748149129788 500.0 4000
1748149146176 500.0 4500
1748149161817 500.0 5000
1748149177831 500.0 5500
1748149194528 500.0 6000
1748149210763 500.0 6500
1748149226945 500.0 7000
1748149243513 500.0 7500
1748149260015 500.0 8000
1748149276380 500.0 8500
1748149292659 500.0 9000
1748149308886 500.0 9500
1748149325671 500.0 10000
