1748149015989 8056.3 500
1748149031924 7707.14 1000
1748149048778 13339.06 1500
1748149065023 14623.44 2000
1748149081214 23469.62 2500
1748149097252 9617.9 3000
1748149113429 10514.54 3500
1748149129888 2363.04 4000
1748149146277 2460.0 4500
1748149161931 4908.64 5000
1748149177948 9050.12 5500
1748149194667 4982.64 6000
1748149210873 8043.72 6500
1748149227049 5544.54 7000
1748149243618 18533.22 7500
1748149260129 6443.32 8000
1748149276487 16421.36 8500
1748149292760 12731.28 9000
1748149309011 19713.96 9500
1748149325783 9176.2 10000
