1748149016059 0.23866348448687352 500
1748149032002 0.7159904534606205 1000
1748149048853 0.7159904534606205 1500
1748149065097 0.23866348448687352 2000
1748149081274 0.23866348448687352 2500
1748149097317 0.23866348448687352 3000
1748149113494 0.7159904534606205 3500
1748149129968 0.23866348448687352 4000
1748149146355 0.7159904534606205 4500
1748149162014 0.23866348448687352 5000
1748149178025 0.23866348448687352 5500
1748149194734 1.1933174224343674 6000
1748149210957 0.23866348448687352 6500
1748149227111 0.23866348448687352 7000
1748149243693 0.23866348448687352 7500
1748149260205 0.23866348448687352 8000
1748149276557 0.23866348448687352 8500
1748149292838 0.23866348448687352 9000
1748149309091 0.23866348448687352 9500
1748149325853 0.23866348448687352 10000
