1748149015954 -19.44 500
1748149031883 -22.93 1000
1748149048745 33.39 1500
1748149064985 46.23 2000
1748149081174 134.7 2500
1748149097222 -3.82 3000
1748149113389 5.15 3500
1748149129859 -76.37 4000
1748149146240 -75.4 4500
1748149161894 -50.91 5000
1748149177913 -9.5 5500
1748149194643 -50.17 6000
1748149210833 -19.56 6500
1748149227015 -44.55 7000
1748149243582 85.33 7500
1748149260091 -35.57 8000
1748149276448 64.21 8500
1748149292730 27.31 9000
1748149308967 97.14 9500
1748149325744 -8.24 10000
