1748127245197 1.0 0
1748127245593 2.0 0
1748127245963 3.0 0
1748127246332 4.0 0
1748127246730 5.0 0
1748127247101 6.0 0
1748127247466 7.0 0
1748127247877 8.0 0
1748127248290 9.0 0
1748127248733 10.0 0
1748127249114 11.0 0
1748127249488 12.0 0
1748127249866 13.0 0
1748127250243 14.0 0
1748127250632 15.0 0
1748127250990 16.0 0
1748127251350 17.0 0
1748127251706 18.0 0
1748127252089 19.0 0
1748127252454 20.0 0
1748127252882 21.0 0
1748127253242 22.0 0
1748127253599 23.0 0
1748127253957 24.0 0
1748127254321 25.0 0
1748127254680 26.0 0
1748127255053 27.0 0
1748127255421 28.0 0
1748127255784 29.0 0
1748127256143 30.0 0
1748127256499 31.0 0
1748127256895 32.0 0
1748127257303 33.0 0
1748127257681 34.0 0
1748127258046 35.0 0
1748127258405 36.0 0
1748127258763 37.0 0
1748127259124 38.0 0
1748127259491 39.0 0
1748127259865 40.0 0
1748127260244 41.0 0
1748127260600 42.0 0
1748127260964 43.0 0
1748127261336 44.0 0
1748127261703 45.0 0
1748127262060 46.0 0
1748127262421 47.0 0
1748127262794 48.0 0
1748127263206 49.0 0
1748127263565 50.0 0
1748127263919 51.0 0
1748127264307 52.0 0
1748127264667 53.0 0
1748127265032 54.0 0
1748127265395 55.0 0
1748127265759 56.0 0
1748127266123 57.0 0
1748127266489 58.0 0
1748127266845 59.0 0
1748127267207 60.0 0
1748127267579 61.0 0
1748127267935 62.0 0
1748127268293 63.0 0
1748127268650 64.0 0
1748127269006 65.0 0
1748127269369 66.0 0
1748127269724 67.0 0
1748127270085 68.0 0
1748127270456 69.0 0
1748127270871 70.0 0
1748127271284 71.0 0
1748127271649 72.0 0
1748127272012 73.0 0
1748127272367 74.0 0
1748127272750 75.0 0
1748127273126 76.0 0
1748127273481 77.0 0
1748127273894 78.0 0
1748127274251 79.0 0
1748127274607 80.0 0
1748127274970 81.0 0
1748127275344 82.0 0
1748127275704 83.0 0
1748127276058 84.0 0
1748127276419 85.0 0
1748127276802 86.0 0
1748127277166 87.0 0
1748127277525 88.0 0
1748127277884 89.0 0
1748127278242 90.0 0
1748127278599 91.0 0
1748127278965 92.0 0
1748127279327 93.0 0
1748127279692 94.0 0
1748127280052 95.0 0
1748127280408 96.0 0
1748127280771 97.0 0
1748127281128 98.0 0
1748127281495 99.0 0
1748127281938 100.0 0
