1748127245198 500.0 0
1748127245594 500.0 0
1748127245964 500.0 0
1748127246333 500.0 0
1748127246730 500.0 0
1748127247102 500.0 0
1748127247467 500.0 0
1748127247877 500.0 0
1748127248291 500.0 0
1748127248734 500.0 0
1748127249115 500.0 0
1748127249490 500.0 0
1748127249867 500.0 0
1748127250244 500.0 0
1748127250632 500.0 0
1748127250991 500.0 0
1748127251351 500.0 0
1748127251707 500.0 0
1748127252090 500.0 0
1748127252454 500.0 0
1748127252882 500.0 0
1748127253242 500.0 0
1748127253600 500.0 0
1748127253957 500.0 0
1748127254321 500.0 0
1748127254681 500.0 0
1748127255054 500.0 0
1748127255421 500.0 0
1748127255785 500.0 0
1748127256143 500.0 0
1748127256499 500.0 0
1748127256896 500.0 0
1748127257304 500.0 0
1748127257682 500.0 0
1748127258046 500.0 0
1748127258405 500.0 0
1748127258764 500.0 0
1748127259124 500.0 0
1748127259491 500.0 0
1748127259865 500.0 0
1748127260245 500.0 0
1748127260601 500.0 0
1748127260964 500.0 0
1748127261337 500.0 0
1748127261704 500.0 0
1748127262061 500.0 0
1748127262422 500.0 0
1748127262795 500.0 0
1748127263206 500.0 0
1748127263565 500.0 0
1748127263920 500.0 0
1748127264308 500.0 0
1748127264667 500.0 0
1748127265033 500.0 0
1748127265396 500.0 0
1748127265760 500.0 0
1748127266124 500.0 0
1748127266490 500.0 0
1748127266846 500.0 0
1748127267207 500.0 0
1748127267579 500.0 0
1748127267935 500.0 0
1748127268294 500.0 0
1748127268650 500.0 0
1748127269007 500.0 0
1748127269369 500.0 0
1748127269724 500.0 0
1748127270086 500.0 0
1748127270457 500.0 0
1748127270872 500.0 0
1748127271285 500.0 0
1748127271649 500.0 0
1748127272012 500.0 0
1748127272367 500.0 0
1748127272751 500.0 0
1748127273126 500.0 0
1748127273482 500.0 0
1748127273894 500.0 0
1748127274252 500.0 0
1748127274608 500.0 0
1748127274971 500.0 0
1748127275345 500.0 0
1748127275704 500.0 0
1748127276059 500.0 0
1748127276420 500.0 0
1748127276803 500.0 0
1748127277167 500.0 0
1748127277526 500.0 0
1748127277885 500.0 0
1748127278243 500.0 0
1748127278601 500.0 0
1748127278966 500.0 0
1748127279327 500.0 0
1748127279693 500.0 0
1748127280053 500.0 0
1748127280408 500.0 0
1748127280771 500.0 0
1748127281129 500.0 0
1748127281495 500.0 0
1748127281938 500.0 0
