1748149359530 14398.74 500
1748149373748 13058.619999999999 1000
1748149387827 11871.039999999999 1500
1748149403048 11604.249999999998 2000
1748149417709 13977.323999999999 2500
1748149432148 13342.08 3000
1748149446628 16159.682857142858 3500
1748149461762 14763.9525 4000
1748149476255 16753.415555555555 4500
1748149490436 18245.996 5000
1748149505082 20432.25090909091 5500
1748149519447 22589.763333333336 6000
1748149534177 25430.96461538462 6500
1748149548433 26602.045714285716 7000
1748149563049 29075.13466666667 7500
1748149577549 32121.38625 8000
1748149592403 33448.59411764706 8500
1748149606896 36321.794444444444 9000
1748149620081 37768.508421052626 9500
1748149633765 39184.526 10000
