1748149359562 1.0 500
1748149373780 3.5 1000
1748149387865 3.0 1500
1748149403084 3.5 2000
1748149417744 3.0 2500
1748149432187 2.6666666666666665 3000
1748149446667 4.714285714285714 3500
1748149461809 4.875 4000
1748149476293 6.777777777777778 4500
1748149490473 7.2 5000
1748149505115 11.727272727272727 5500
1748149519490 14.916666666666666 6000
1748149534217 17.53846153846154 6500
1748149548466 19.571428571428573 7000
1748149563088 22.666666666666668 7500
1748149577588 26.1875 8000
1748149592444 29.705882352941178 8500
1748149606938 33.666666666666664 9000
1748149620120 38.89473684210526 9500
1748149633792 40.4 10000
