1748149359490 43.99 500
1748149373715 30.585 1000
1748149387791 18.71 1500
1748149403007 16.0425 2000
1748149417672 39.774 2500
1748149432114 33.42166666666667 3000
1748149446589 61.597142857142856 3500
1748149461726 47.64 4000
1748149476214 67.53444444444443 4500
1748149490402 82.46 5000
1748149505043 104.32272727272726 5500
1748149519413 125.8975 6000
1748149534139 154.30923076923077 6500
1748149548398 166.01999999999998 7000
1748149563020 190.75066666666666 7500
1748149577511 221.21312500000002 8000
1748149592370 234.48529411764707 8500
1748149606861 263.2172222222223 9000
1748149620044 277.68421052631584 9500
1748149633728 291.84450000000004 10000
