1748149359604 0.23866348448687352 500
1748149373815 0.8353221957040573 1000
1748149387907 0.7159904534606206 1500
1748149403119 0.8353221957040573 2000
1748149417787 0.7159904534606205 2500
1748149432221 0.6364359586316627 3000
1748149446701 1.125127855438118 3500
1748149461850 1.1634844868735086 4000
1748149476330 1.6176080615221429 4500
1748149490513 1.7183770883054894 5000
1748149505147 2.798871772618789 5500
1748149519530 3.560063643595863 6000
1748149534253 4.185790343308243 6500
1748149548500 4.670985339243096 7000
1748149563123 5.409705648369132 7500
1748149577636 6.25 8000
1748149592484 7.089709392110065 8500
1748149606979 8.03500397772474 9000
1748149620152 9.282753422936816 9500
1748149633824 9.642004773269688 10000
