1748149359313 500.0 500
1748149373536 1000.0 1000
1748149387623 1500.0 1500
1748149402829 2000.0 2000
1748149417487 2500.0 2500
1748149431933 3000.0 3000
1748149446412 3500.0 3500
1748149461538 4000.0 4000
1748149476036 4500.0 4500
1748149490219 5000.0 5000
1748149504855 5500.0 5500
1748149519202 6000.0 6000
1748149533967 6500.0 6500
1748149548229 7000.0 7000
1748149562845 7500.0 7500
1748149577306 8000.0 8000
1748149592167 8500.0 8500
1748149606667 9000.0 9000
1748149619884 9500.0 9500
1748149633565 10000.0 10000
