1748149359279 500.0 500
1748149373499 500.0 1000
1748149387596 500.0 1500
1748149402796 500.0 2000
1748149417442 500.0 2500
1748149431899 500.0 3000
1748149446376 500.0 3500
1748149461502 500.0 4000
1748149475995 500.0 4500
1748149490180 500.0 5000
1748149504816 500.0 5500
1748149519161 500.0 6000
1748149533933 500.0 6500
1748149548191 500.0 7000
1748149562809 500.0 7500
1748149577271 500.0 8000
1748149592125 500.0 8500
1748149606627 500.0 9000
1748149619850 500.0 9500
1748149633525 500.0 10000
