1748149359384 14398.74 500
1748149373608 11718.5 1000
1748149387692 9495.88 1500
1748149402899 10803.88 2000
1748149417560 23469.62 2500
1748149432000 10165.86 3000
1748149446484 33065.3 3500
1748149461610 4993.84 4000
1748149476110 32669.12 4500
1748149490293 31679.22 5000
1748149504936 42294.8 5500
1748149519281 46322.4 6000
1748149534033 59525.38 6500
1748149548296 41826.1 7000
1748149562910 63698.38 7500
1748149577385 77815.16 8000
1748149592252 54683.92 8500
1748149606736 85166.2 9000
1748149619945 63809.36 9500
1748149633632 66088.86 10000
