1748149359349 43.99 500
1748149373575 17.18 1000
1748149387677 -5.04 1500
1748149402868 8.04 2000
1748149417524 134.7 2500
1748149431965 1.66 3000
1748149446450 230.65 3500
1748149461577 -50.06 4000
1748149476077 226.69 4500
1748149490255 216.79 5000
1748149504896 322.95 5500
1748149519242 363.22 6000
1748149534002 495.25 6500
1748149548263 318.26 7000
1748149562875 536.98 7500
1748149577345 678.15 8000
1748149592205 446.84 8500
1748149606703 751.66 9000
1748149619915 538.09 9500
1748149633598 560.89 10000
