1748149359455 0.23866348448687352 500
1748149373680 1.431980906921241 1000
1748149387758 0.47732696897374705 1500
1748149402968 1.1933174224343674 2000
1748149417637 0.23866348448687352 2500
1748149432072 0.23866348448687352 3000
1748149446552 4.05727923627685 3500
1748149461686 1.431980906921241 4000
1748149476183 5.250596658711217 4500
1748149490359 2.6252983293556085 5000
1748149505000 13.60381861575179 5500
1748149519365 11.933174224343675 6000
1748149534108 11.694510739856803 6500
1748149548364 10.978520286396181 7000
1748149562983 15.75178997613365 7500
1748149577460 18.85441527446301 8000
1748149592329 20.52505966587112 8500
1748149606822 24.105011933174225 9000
1748149620011 31.742243436754176 9500
1748149633693 16.467780429594274 10000
