1748150868170 1.9093078758949882 500
1748150869109 0.47732696897374705 1000
1748150870051 5.4892601431980905 1500
1748150870994 5.4892601431980905 2000
1748150871986 7.875894988066825 2500
1748150872979 1.9093078758949882 3000
1748150873949 1.6706443914081146 3500
1748150874893 0.7159904534606205 4000
1748150875836 2.1479713603818613 4500
1748150876810 4.05727923627685 5000
1748150877787 6.205250596658711 5500
1748150878766 7.875894988066825 6000
1748150879731 9.307875894988067 6500
1748150880802 5.250596658711217 7000
1748150881778 0.23866348448687352 7500
1748150882825 2.863961813842482 8000
1748150883801 10.26252983293556 8500
1748150884794 9.54653937947494 9000
