1748145884089 0.06 500
1748145884477 0.075 1000
1748145884872 0.12333333333333334 1500
1748145885277 0.1825 2000
1748145885681 0.16199999999999998 2500
1748145886083 0.15166666666666664 3000
1748145886474 0.09857142857142856 3500
1748145886869 0.04499999999999999 4000
1748145887268 0.01666666666666666 4500
1748145887662 0.010999999999999992 5000
1748145888055 -0.007272727272727279 5500
1748145888455 -0.009166666666666672 6000
1748145888847 -0.02846153846153847 6500
1748145889238 -0.008571428571428579 7000
1748145889638 -0.023333333333333338 7500
1748145890065 -0.008750000000000004 8000
1748145890459 -0.0029411764705882396 8500
1748145890854 0.011111111111111106 9000
1748145891252 0.00421052631578947 9500
1748145891657 0.006499999999999997 10000
1748145892057 0.0028571428571428545 10500
1748145892452 -0.00045454545454545747 11000
1748145892854 0.0069565217391304324 11500
1748145893249 0.01166666666666666 12000
1748145893648 -0.0008000000000000051 12500
1748145894039 -0.0030769230769230817 13000
1748145894426 -0.012222222222222226 13500
1748145894815 -0.015357142857142863 14000
1748145895214 -0.011379310344827592 14500
1748145895613 -0.0006666666666666728 15000
1748145896012 0.005483870967741929 15500
1748145896413 0.0046874999999999955 16000
1748145896811 0.014242424242424239 16500
1748145897203 0.019999999999999993 17000
1748145897604 0.025999999999999995 17500
1748145898001 0.02972222222222222 18000
1748145898395 0.020270270270270264 18500
1748145898786 0.012631578947368416 19000
1748145899177 0.006410256410256404 19500
1748145899570 0.005499999999999996 20000
1748145899971 -0.004146341463414638 20500
1748145900379 -0.006904761904761908 21000
1748145900771 -0.014418604651162794 21500
1748145901162 -0.017272727272727276 22000
1748145901554 -0.01377777777777778 22500
1748145901955 -0.017391304347826087 23000
1748145902357 -0.014680851063829789 23500
1748145902749 -0.013333333333333336 24000
1748145903147 -0.017346938775510207 24500
1748145903551 -0.014800000000000002 25000
1748145903949 -0.009215686274509806 25500
1748145904354 -0.010192307692307693 26000
1748145904746 -0.011509433962264152 26500
1748145905139 -0.016666666666666666 27000
1748145905542 -0.012727272727272726 27500
1748145905936 -0.01446428571428572 28000
1748145906339 -0.019122807017543864 28500
1748145906739 -0.021206896551724145 29000
1748145907178 -0.01932203389830509 29500
1748145907565 -0.016000000000000007 30000
1748145907956 -0.019180327868852466 30500
1748145908345 -0.020967741935483876 31000
1748145908736 -0.02206349206349207 31500
1748145909133 -0.025 32000
1748145909530 -0.030000000000000002 32500
1748145909932 -0.026969696969696973 33000
1748145910339 -0.023432835820895528 33500
1748145910733 -0.02205882352941177 34000
1748145911120 -0.02463768115942029 34500
1748145911506 -0.02742857142857143 35000
1748145911902 -0.023380281690140847 35500
1748145912300 -0.02694444444444445 36000
1748145912702 -0.024109589041095898 36500
1748145913102 -0.027297297297297303 37000
1748145913498 -0.029466666666666672 37500
1748145913897 -0.030131578947368426 38000
1748145914291 -0.02805194805194806 38500
1748145914689 -0.031025641025641038 39000
1748145915129 -0.03139240506329115 39500
1748145915527 -0.035125 40000
1748145915989 -0.03641975308641976 40500
1748145916393 -0.03792682926829269 41000
1748145916795 -0.03542168674698796 41500
1748145917193 -0.0330952380952381 42000
1748145917595 -0.028705882352941185 42500
1748145917995 -0.02732558139534885 43000
1748145918389 -0.030574712643678174 43500
1748145918793 -0.029090909090909098 44000
1748145919193 -0.02966292134831461 44500
1748145919590 -0.02755555555555556 45000
1748145919980 -0.031208791208791213 45500
1748145920383 -0.029347826086956522 46000
1748145920851 -0.030322580645161294 46500
1748145921260 -0.03191489361702128 47000
1748145921721 -0.03463157894736842 47500
1748145922133 -0.034375 48000
1748145922532 -0.03175257731958763 48500
1748145922923 -0.028775510204081634 49000
1748145923322 -0.029191919191919193 49500
1748145923716 -0.029900000000000003 50000
1748145924109 -0.02851485148514852 50500
1748145924886 -0.030000000000000002 51500
1748145925276 -0.029038461538461544 52000
1748145925670 -0.02561904761904762 52500
1748145926063 -0.028207547169811324 53000
1748145926453 -0.026261682242990653 53500
1748145926855 -0.02722222222222222 54000
1748145927249 -0.027339449541284404 54500
1748145927633 -0.030454545454545456 55000
1748145928017 -0.03279279279279279 55500
1748145928403 -0.03491071428571429 56000
1748145928793 -0.03646017699115044 56500
1748145929183 -0.03859649122807018 57000
1748145929580 -0.037043478260869574 57500
1748145929973 -0.03525862068965518 58000
1748145930364 -0.03794871794871795 58500
1748145930757 -0.03686440677966102 59000
1748145931144 -0.03596638655462185 59500
1748145931530 -0.03791666666666667 60000
1748145931919 -0.03851239669421488 60500
1748145932310 -0.036311475409836064 61000
1748145932700 -0.035934959349593495 61500
1748145933094 -0.03387096774193549 62000
1748145933485 -0.0356 62500
1748145933875 -0.03373015873015873 63000
1748145934270 -0.03377952755905512 63500
1748145934655 -0.03546875000000001 64000
1748145935045 -0.03697674418604652 64500
1748145935438 -0.03930769230769231 65000
1748145935830 -0.03961832061068703 65500
1748145936226 -0.04060606060606061 66000
1748145936624 -0.038496240601503764 66500
1748145937083 -0.03708955223880597 67000
1748145937474 -0.036222222222222225 67500
1748145937865 -0.03426470588235294 68000
1748145938289 -0.03218978102189781 68500
1748145939067 -0.0320863309352518 69500
1748145939456 -0.03314285714285715 70000
1748145939849 -0.032553191489361706 70500
1748145940239 -0.034647887323943666 71000
1748145940642 -0.03503496503496504 71500
1748145941044 -0.035625000000000004 72000
1748145941448 -0.037517241379310354 72500
1748145941854 -0.03479452054794521 73000
1748145942254 -0.0326530612244898 73500
1748145942669 -0.03371621621621622 74000
1748145943077 -0.033087248322147655 74500
1748145943481 -0.031200000000000006 75000
1748145943876 -0.032715231788079474 75500
1748145944275 -0.03197368421052632 76000
1748145944669 -0.0311764705882353 76500
1748145945053 -0.02954545454545455 77000
1748145945438 -0.028258064516129038 77500
1748145945832 -0.029551282051282053 78000
1748145946225 -0.030445859872611468 78500
1748145946615 -0.029303797468354435 79000
1748145947021 -0.028238993710691825 79500
1748145947410 -0.0270625 80000
1748145947800 -0.024534161490683232 80500
1748145948190 -0.023641975308641976 81000
1748145948589 -0.024907975460122703 81500
1748145948978 -0.02420731707317073 82000
1748145949371 -0.024787878787878786 82500
1748145949760 -0.025481927710843375 83000
1748145950151 -0.027245508982035926 83500
1748145950587 -0.02875 84000
1748145950976 -0.029644970414201187 84500
1748145951367 -0.03170588235294118 85000
1748145951758 -0.032865497076023396 85500
1748145952149 -0.03372093023255814 86000
1748145952535 -0.032774566473988444 86500
1748145952923 -0.033793103448275866 87000
1748145953314 -0.03445714285714287 87500
1748145953709 -0.033693181818181824 88000
1748145954110 -0.03548022598870057 88500
1748145954504 -0.03640449438202247 89000
1748145954902 -0.03636871508379889 89500
