1748145884089 10005.62 500
1748145884477 10007.2 1000
1748145884872 10012.03 1500
1748145885277 10017.9925 2000
1748145885681 10015.960000000001 2500
1748145886083 10014.973333333333 3000
1748145886474 10009.75857142857 3500
1748145886870 10004.45625 4000
1748145887269 10001.588888888888 4500
1748145887662 10000.99 5000
1748145888056 9999.173636363636 5500
1748145888455 9999.025833333331 6000
1748145888847 9997.090769230768 6500
1748145889238 9999.109999999999 7000
1748145889638 9997.616666666665 7500
1748145890066 9999.085625 8000
1748145890459 9999.691764705884 8500
1748145890855 10001.110555555557 9000
1748145891252 10000.442105263159 9500
1748145891657 10000.645500000002 10000
1748145892057 10000.280476190479 10500
1748145892453 9999.927727272729 11000
1748145892854 10000.66043478261 11500
1748145893250 10001.152916666668 12000
1748145893649 9999.9176 12500
1748145894040 9999.693076923077 13000
1748145894426 9998.782962962963 13500
1748145894815 9998.477499999999 14000
1748145895215 9998.867931034481 14500
1748145895613 9999.926333333333 15000
1748145896012 10000.53 15500
1748145896413 10000.449375 16000
1748145896811 10001.396363636364 16500
1748145897203 10001.966764705881 17000
1748145897605 10002.554 17500
1748145898001 10002.928333333335 18000
1748145898396 10001.973513513514 18500
1748145898786 10001.217105263158 19000
1748145899177 10000.60564102564 19500
1748145899571 10000.517000000002 20000
1748145899972 9999.560000000001 20500
1748145900380 9999.28904761905 21000
1748145900771 9998.548837209304 21500
1748145901162 9998.26181818182 22000
1748145901555 9998.610444444446 22500
1748145901955 9998.25043478261 23000
1748145902357 9998.52510638298 23500
1748145902749 9998.664583333333 24000
1748145903147 9998.25775510204 24500
1748145903551 9998.5108 25000
1748145903949 9999.068431372549 25500
1748145904354 9998.980384615385 26000
1748145904747 9998.843018867923 26500
1748145905139 9998.321666666665 27000
1748145905542 9998.72127272727 27500
1748145905937 9998.546785714285 28000
1748145906340 9998.081052631578 28500
1748145906739 9997.87775862069 29000
1748145907179 9998.069830508475 29500
1748145907565 9998.394833333332 30000
1748145907956 9998.081967213115 30500
1748145908345 9997.908870967742 31000
1748145908737 9997.799047619048 31500
1748145909134 9997.504375 32000
1748145909530 9997.007692307692 32500
1748145909932 9997.305606060607 33000
1748145910339 9997.652537313434 33500
1748145910733 9997.78529411765 34000
1748145911121 9997.525942028988 34500
1748145911507 9997.245571428573 35000
1748145911902 9997.6461971831 35500
1748145912301 9997.294722222221 36000
1748145912702 9997.5801369863 36500
1748145913102 9997.267027027026 37000
1748145913498 9997.0548 37500
1748145913897 9996.989605263158 38000
1748145914292 9997.192467532466 38500
1748145914689 9996.900256410256 39000
1748145915129 9996.867594936708 39500
1748145915527 9996.490000000002 40000
1748145915990 9996.354814814817 40500
1748145916394 9996.198780487806 41000
1748145916796 9996.451566265063 41500
1748145917193 9996.689523809526 42000
1748145917596 9997.130823529413 42500
1748145917996 9997.267441860466 43000
1748145918389 9996.938965517242 43500
1748145918793 9997.09125 44000
1748145919194 9997.038876404495 44500
1748145919591 9997.246000000001 45000
1748145919981 9996.88175824176 45500
1748145920383 9997.062500000002 46000
1748145920852 9996.969354838711 46500
1748145921260 9996.813829787236 47000
1748145921722 9996.540842105265 47500
1748145922133 9996.566979166666 48000
1748145922532 9996.82855670103 48500
1748145922924 9997.128673469386 49000
1748145923322 9997.086767676767 49500
1748145923717 9997.011599999998 50000
1748145924109 9997.151782178216 50500
1748145924886 9997.003883495143 51500
1748145925276 9997.096442307693 52000
1748145925670 9997.441047619048 52500
1748145926063 9997.178584905661 53000
1748145926453 9997.37046728972 53500
1748145926855 9997.273425925927 54000
1748145927249 9997.264495412845 54500
1748145927634 9996.956363636365 55000
1748145928018 9996.725495495497 55500
1748145928403 9996.51 56000
1748145928793 9996.357168141594 56500
1748145929184 9996.146491228072 57000
1748145929580 9996.299478260871 57500
1748145929973 9996.477413793105 58000
1748145930364 9996.212307692309 58500
1748145930758 9996.32440677966 59000
1748145931144 9996.414201680673 59500
1748145931531 9996.220666666666 60000
1748145931919 9996.159504132233 60500
1748145932310 9996.382049180329 61000
1748145932700 9996.418617886178 61500
1748145933094 9996.625564516129 62000
1748145933485 9996.449440000002 62500
1748145933875 9996.632777777779 63000
1748145934270 9996.625433070867 63500
1748145934655 9996.458125000001 64000
1748145935046 9996.307751937986 64500
1748145935438 9996.073461538463 65000
1748145935830 9996.041297709924 65500
1748145936227 9995.94606060606 66000
1748145936624 9996.15947368421 66500
1748145937083 9996.303208955223 67000
1748145937474 9996.390222222224 67500
1748145937866 9996.588897058824 68000
1748145938289 9996.797226277375 68500
1748145939067 9996.806043165469 69500
1748145939457 9996.697857142859 70000
1748145939849 9996.759787234043 70500
1748145940240 9996.549788732395 71000
1748145940642 9996.512377622377 71500
1748145941045 9996.450347222222 72000
1748145941448 9996.263655172414 72500
1748145941855 9996.5351369863 73000
1748145942254 9996.747210884352 73500
1748145942670 9996.63885135135 74000
1748145943078 9996.69899328859 74500
1748145943481 9996.887733333333 75000
1748145943877 9996.73476821192 75500
1748145944275 9996.811513157896 76000
1748145944669 9996.890653594772 76500
1748145945054 9997.055194805194 77000
1748145945439 9997.186387096775 77500
1748145945833 9997.05512820513 78000
1748145946226 9996.962547770701 78500
1748145946615 9997.075632911394 79000
1748145947021 9997.180251572328 79500
1748145947410 9997.2985625 80000
1748145947800 9997.54937888199 80500
1748145948191 9997.640925925927 81000
1748145948589 9997.513619631904 81500
1748145948978 9997.583048780489 82000
1748145949371 9997.525696969698 82500
1748145949760 9997.45469879518 83000
1748145950151 9997.278682634731 83500
1748145950587 9997.129107142857 84000
1748145950976 9997.040355029587 84500
1748145951367 9996.835294117647 85000
1748145951758 9996.719122807019 85500
1748145952150 9996.631627906978 86000
1748145952535 9996.72780346821 86500
1748145952924 9996.623908045978 87000
1748145953314 9996.556457142859 87500
1748145953709 9996.632954545454 88000
1748145954110 9996.456610169493 88500
1748145954504 9996.36320224719 89000
1748145954903 9996.368826815642 89500
