1748145884090 0.7159904534606205 500
1748145884477 0.47732696897374705 1000
1748145884873 0.477326968973747 1500
1748145885278 0.41766109785202865 2000
1748145885682 0.38186157517899766 2500
1748145886084 0.3579952267303103 3000
1748145886475 0.3409478349812479 3500
1748145886871 0.32816229116945106 4000
1748145887269 0.31821797931583135 4500
1748145887663 0.31026252983293556 5000
1748145888056 0.3037535257105663 5500
1748145888456 0.2983293556085919 6000
1748145888848 0.2937396732146136 6500
1748145889239 0.2898056597340607 7000
1748145889639 0.2863961813842482 7500
1748145890067 0.2834128878281623 8000
1748145890460 0.2807805699845571 8500
1748145890855 0.27844073190135243 9000
1748145891253 0.2763471925637483 9500
1748145891658 0.27446300715990457 10000
1748145892058 0.27275826798499836 10500
1748145892454 0.2712085050987199 11000
1748145892855 0.2697935042025527 11500
1748145893251 0.2684964200477327 12000
1748145893649 0.26730310262529833 12500
1748145894040 0.2662015788507435 13000
1748145894427 0.26518164942985945 13500
1748145894816 0.26423457211046714 14000
1748145895215 0.26335281046827425 14500
1748145895614 0.26252983293556087 15000
1748145896013 0.2617599507275387 15500
1748145896414 0.26103818615751795 16000
1748145896812 0.2603601648947711 16500
1748145897204 0.2597220272357153 17000
1748145897605 0.25912035458574834 17500
1748145898002 0.2585521081941129 18000
1748145898396 0.25801457782364695 18500
1748145898787 0.2575053385253108 19000
1748145899178 0.25702221406278675 19500
1748145899571 0.2565632458233891 20000
1748145899973 0.256126666278596 20500
1748145900380 0.2557108762359359 21000
1748145900772 0.25531442526502746 21500
1748145901163 0.25493599479279666 22000
1748145901555 0.25457438345266503 22500
1748145901956 0.254228494344713 23000
1748145902358 0.25389732392220576 23500
1748145902750 0.2535799522673032 24000
1748145903148 0.25327553455749846 24500
1748145903552 0.25298329355608595 25000
1748145903950 0.25270251298610136 25500
1748145904355 0.2524325316688085 26000
1748145904748 0.2521727383257531 26500
1748145905140 0.25192256695836646 27000
1748145905543 0.251681492731612 27500
1748145905937 0.2514490282986704 28000
1748145906340 0.25122472051249845 28500
1748145906740 0.2510081474775739 29000
1748145907179 0.2507989159014603 29500
1748145907566 0.25059665871121717 30000
1748145907957 0.2504010329042607 30500
1748145908346 0.25021171760720606 31000
1748145908738 0.2500284123195817 31500
1748145909134 0.24985083532219576 32000
1748145909530 0.2496787222324216 32500
1748145909933 0.2495118246908224 33000
1748145910340 0.24934990916539032 33500
1748145910734 0.24919275586129452 34000
1748145911122 0.24904015772543336 34500
1748145911507 0.24889191953631107 35000
1748145911903 0.24874785707082606 35500
1748145912301 0.2486077963404933 36000
1748145912703 0.24847157289044372 36500
1748145913103 0.24833903115526035 37000
1748145913499 0.24821002386634855 37500
1748145913898 0.2480844115060923 38000
1748145914293 0.24796206180454403 38500
1748145914690 0.2478428492748303 39000
1748145915130 0.24772665478384354 39500
1748145915528 0.24761336515513133 40000
1748145915990 0.24750287280120223 40500
1748145916394 0.2473950753827348 41000
1748145916796 0.24728987549242323 41500
1748145917194 0.2471871803614048 42000
1748145917596 0.24708690158641033 42500
1748145917997 0.24698895487595063 43000
1748145918390 0.2468932598140072 43500
1748145918794 0.24679973963983518 44000
1748145919194 0.2467083210426109 44500
1748145919591 0.24661893396976936 45000
1748145919981 0.24653151144797933 45500
1748145920384 0.2464459894157934 46000
1748145920854 0.24636230656709535 46500
1748145921261 0.2462804042045398 47000
1748145921722 0.2462002261022486 47500
1748145922134 0.24612171837708838 48000
1748145922533 0.24604482936791092 48500
1748145922924 0.24596950952218605 49000
1748145923323 0.24589571128950613 49500
1748145923717 0.24582338902147982 50000
1748145924110 0.24575249887757283 50500
1748145924887 0.24329772690409446 51500
1748145925277 0.2432531668808519 52000
1748145925671 0.24320945561995688 52500
1748145926064 0.24316656909983345 53000
1748145926454 0.2431244841969086 53500
1748145926856 0.24308317864403792 54000
1748145927250 0.2430426309912199 54500
1748145927634 0.24300282056845313 55000
1748145928018 0.24296372745060107 55500
1748145928404 0.24292533242413916 56000
1748145928794 0.2428876169556678 56500
1748145929184 0.2428505631620819 57000
1748145929581 0.24281415378229748 57500
1748145929974 0.24277837215044037 58000
1748145930365 0.2427432021704099 58500
1748145930758 0.24270862829173587 59000
1748145931145 0.242674635486653 59500
1748145931532 0.24264120922832141 60000
1748145931920 0.24260833547012764 60500
1748145932311 0.24257600062600262 61000
1748145932701 0.24254419155170076 61500
1748145933095 0.24251289552698443 62000
1748145933486 0.24248210023866354 62500
1748145933876 0.242451793764443 63000
1748145934271 0.242421964557533 63500
1748145934656 0.24239260143198094 64000
1748145935046 0.24236369354868556 64500
1748145935439 0.24233523040205623 65000
1748145935831 0.24230720180728382 65500
1748145936227 0.2422795978881898 66000
1748145936625 0.24225240906562354 66500
1748145937084 0.2422256260463791 67000
1748145937475 0.24219923981260502 67500
1748145937867 0.2421732416116805 68000
1748145938290 0.2421476229465359 68500
1748145939068 0.24038048797239062 69500
1748145939457 0.24036822366177982 70000
1748145939850 0.2403561333130216 70500
1748145940240 0.2403442132508656 71000
1748145940643 0.2403324599028657 71500
1748145941045 0.2403208697958102 72000
1748145941449 0.24030943955230025 72500
1748145941855 0.2402981658874686 73000
1748145942255 0.24028704560583192 73500
1748145942671 0.24027607559827138 74000
1748145943078 0.24026525283913447 74500
1748145943482 0.24025457438345274 75000
1748145943877 0.24024403736427014 75500
1748145944276 0.2402336389900767 76000
1748145944670 0.24022337654234335 76500
1748145945054 0.24021324737315197 77000
1748145945440 0.2402032489029179 77500
1748145945833 0.2401933786181997 78000
1748145946226 0.24018363406959256 78500
1748145946616 0.2401740128697019 79000
1748145947022 0.24016451269119354 79500
1748145947411 0.24015513126491653 80000
1748145947801 0.24014586637809637 80500
1748145948191 0.24013671587259502 81000
1748145948590 0.24012767764323478 81500
1748145948979 0.2401187496361838 82000
1748145949372 0.24010992984740007 82500
1748145949761 0.24010121632113188 83000
1748145950152 0.24009260714847167 83500
1748145950588 0.2400841004659621 84000
1748145950977 0.24007569445425153 84500
1748145951368 0.24006738733679636 85000
1748145951759 0.24005917737860966 85500
1748145952151 0.24005106288505307 86000
1748145952536 0.24004304220067058 86500
1748145952924 0.24003511370806252 87000
1748145953315 0.24002727582679856 87500
1748145953710 0.24001952701236717 88000
1748145954111 0.24001186575516098 88500
1748145954505 0.24000429057949646 89000
1748145954903 0.2399968000426662 89500
