1748145884089 3.0 500
1748145884477 2.0 1000
1748145884873 2.0 1500
1748145885277 1.75 2000
1748145885682 1.6 2500
1748145886084 1.5 3000
1748145886475 1.4285714285714286 3500
1748145886870 1.375 4000
1748145887269 1.3333333333333333 4500
1748145887663 1.3 5000
1748145888056 1.2727272727272727 5500
1748145888455 1.25 6000
1748145888848 1.2307692307692308 6500
1748145889238 1.2142857142857142 7000
1748145889639 1.2 7500
1748145890066 1.1875 8000
1748145890460 1.1764705882352942 8500
1748145890855 1.1666666666666667 9000
1748145891253 1.1578947368421053 9500
1748145891657 1.15 10000
1748145892058 1.1428571428571428 10500
1748145892454 1.1363636363636365 11000
1748145892855 1.1304347826086956 11500
1748145893250 1.125 12000
1748145893649 1.12 12500
1748145894040 1.1153846153846154 13000
1748145894426 1.1111111111111112 13500
1748145894815 1.1071428571428572 14000
1748145895215 1.103448275862069 14500
1748145895613 1.1 15000
1748145896013 1.096774193548387 15500
1748145896413 1.09375 16000
1748145896811 1.0909090909090908 16500
1748145897204 1.088235294117647 17000
1748145897605 1.0857142857142856 17500
1748145898002 1.0833333333333333 18000
1748145898396 1.0810810810810811 18500
1748145898786 1.0789473684210527 19000
1748145899178 1.0769230769230769 19500
1748145899571 1.075 20000
1748145899972 1.0731707317073171 20500
1748145900380 1.0714285714285714 21000
1748145900772 1.069767441860465 21500
1748145901162 1.0681818181818181 22000
1748145901555 1.0666666666666667 22500
1748145901956 1.065217391304348 23000
1748145902357 1.0638297872340425 23500
1748145902749 1.0625 24000
1748145903147 1.0612244897959184 24500
1748145903552 1.06 25000
1748145903950 1.0588235294117647 25500
1748145904354 1.0576923076923077 26000
1748145904747 1.0566037735849056 26500
1748145905139 1.0555555555555556 27000
1748145905543 1.0545454545454545 27500
1748145905937 1.0535714285714286 28000
1748145906340 1.0526315789473684 28500
1748145906740 1.0517241379310345 29000
1748145907179 1.0508474576271187 29500
1748145907565 1.05 30000
1748145907956 1.0491803278688525 30500
1748145908345 1.0483870967741935 31000
1748145908737 1.0476190476190477 31500
1748145909134 1.046875 32000
1748145909530 1.0461538461538462 32500
1748145909933 1.0454545454545454 33000
1748145910339 1.044776119402985 33500
1748145910733 1.0441176470588236 34000
1748145911121 1.0434782608695652 34500
1748145911507 1.042857142857143 35000
1748145911903 1.0422535211267605 35500
1748145912301 1.0416666666666667 36000
1748145912703 1.0410958904109588 36500
1748145913103 1.0405405405405406 37000
1748145913498 1.04 37500
1748145913897 1.0394736842105263 38000
1748145914292 1.0389610389610389 38500
1748145914690 1.0384615384615385 39000
1748145915130 1.0379746835443038 39500
1748145915528 1.0375 40000
1748145915990 1.037037037037037 40500
1748145916394 1.0365853658536586 41000
1748145916796 1.036144578313253 41500
1748145917194 1.0357142857142858 42000
1748145917596 1.035294117647059 42500
1748145917996 1.0348837209302326 43000
1748145918390 1.0344827586206897 43500
1748145918793 1.0340909090909092 44000
1748145919194 1.0337078651685394 44500
1748145919591 1.0333333333333334 45000
1748145919981 1.032967032967033 45500
1748145920384 1.0326086956521738 46000
1748145920853 1.032258064516129 46500
1748145921260 1.0319148936170213 47000
1748145921722 1.0315789473684212 47500
1748145922133 1.03125 48000
1748145922533 1.0309278350515463 48500
1748145922924 1.030612244897959 49000
1748145923323 1.0303030303030303 49500
1748145923717 1.03 50000
1748145924109 1.0297029702970297 50500
1748145924886 1.0194174757281553 51500
1748145925277 1.0192307692307692 52000
1748145925670 1.019047619047619 52500
1748145926064 1.0188679245283019 53000
1748145926454 1.0186915887850467 53500
1748145926856 1.0185185185185186 54000
1748145927249 1.018348623853211 54500
1748145927634 1.018181818181818 55000
1748145928018 1.018018018018018 55500
1748145928404 1.0178571428571428 56000
1748145928794 1.0176991150442478 56500
1748145929184 1.0175438596491229 57000
1748145929581 1.017391304347826 57500
1748145929973 1.0172413793103448 58000
1748145930364 1.017094017094017 58500
1748145930758 1.0169491525423728 59000
1748145931144 1.0168067226890756 59500
1748145931531 1.0166666666666666 60000
1748145931920 1.0165289256198347 60500
1748145932310 1.0163934426229508 61000
1748145932701 1.016260162601626 61500
1748145933094 1.0161290322580645 62000
1748145933486 1.016 62500
1748145933876 1.0158730158730158 63000
1748145934270 1.015748031496063 63500
1748145934655 1.015625 64000
1748145935046 1.0155038759689923 64500
1748145935439 1.0153846153846153 65000
1748145935830 1.015267175572519 65500
1748145936227 1.0151515151515151 66000
1748145936625 1.0150375939849625 66500
1748145937084 1.0149253731343284 67000
1748145937475 1.0148148148148148 67500
1748145937866 1.0147058823529411 68000
1748145938289 1.0145985401459854 68500
1748145939067 1.0071942446043165 69500
1748145939457 1.0071428571428571 70000
1748145939850 1.0070921985815602 70500
1748145940240 1.0070422535211268 71000
1748145940643 1.006993006993007 71500
1748145941045 1.0069444444444444 72000
1748145941449 1.006896551724138 72500
1748145941855 1.0068493150684932 73000
1748145942255 1.0068027210884354 73500
1748145942670 1.0067567567567568 74000
1748145943078 1.0067114093959733 74500
1748145943481 1.0066666666666666 75000
1748145943877 1.0066225165562914 75500
1748145944276 1.006578947368421 76000
1748145944669 1.0065359477124183 76500
1748145945054 1.0064935064935066 77000
1748145945440 1.0064516129032257 77500
1748145945833 1.0064102564102564 78000
1748145946226 1.0063694267515924 78500
1748145946615 1.0063291139240507 79000
1748145947021 1.0062893081761006 79500
1748145947411 1.00625 80000
1748145947801 1.0062111801242235 80500
1748145948191 1.0061728395061729 81000
1748145948589 1.0061349693251533 81500
1748145948978 1.0060975609756098 82000
1748145949372 1.006060606060606 82500
1748145949760 1.0060240963855422 83000
1748145950151 1.0059880239520957 83500
1748145950587 1.005952380952381 84000
1748145950976 1.0059171597633136 84500
1748145951368 1.0058823529411764 85000
1748145951759 1.0058479532163742 85500
1748145952150 1.005813953488372 86000
1748145952536 1.0057803468208093 86500
1748145952924 1.0057471264367817 87000
1748145953314 1.0057142857142858 87500
1748145953709 1.0056818181818181 88000
1748145954110 1.0056497175141244 88500
1748145954504 1.0056179775280898 89000
1748145954903 1.005586592178771 89500
