1748145884087 500.0 500
1748145884475 1000.0 1000
1748145884870 1500.0 1500
1748145885275 2000.0 2000
1748145885679 2500.0 2500
1748145886081 3000.0 3000
1748145886472 3500.0 3500
1748145886868 4000.0 4000
1748145887267 4500.0 4500
1748145887660 5000.0 5000
1748145888054 5500.0 5500
1748145888453 6000.0 6000
1748145888845 6500.0 6500
1748145889236 7000.0 7000
1748145889636 7500.0 7500
1748145890064 8000.0 8000
1748145890457 8500.0 8500
1748145890852 9000.0 9000
1748145891250 9500.0 9500
1748145891655 10000.0 10000
1748145892055 10500.0 10500
1748145892451 11000.0 11000
1748145892852 11500.0 11500
1748145893247 12000.0 12000
1748145893647 12500.0 12500
1748145894038 13000.0 13000
1748145894424 13500.0 13500
1748145894813 14000.0 14000
1748145895213 14500.0 14500
1748145895611 15000.0 15000
1748145896010 15500.0 15500
1748145896411 16000.0 16000
1748145896809 16500.0 16500
1748145897201 17000.0 17000
1748145897602 17500.0 17500
1748145897999 18000.0 18000
1748145898394 18500.0 18500
1748145898784 19000.0 19000
1748145899175 19500.0 19500
1748145899569 20000.0 20000
1748145899969 20500.0 20500
1748145900378 21000.0 21000
1748145900769 21500.0 21500
1748145901160 22000.0 22000
1748145901553 22500.0 22500
1748145901953 23000.0 23000
1748145902355 23500.0 23500
1748145902747 24000.0 24000
1748145903145 24500.0 24500
1748145903549 25000.0 25000
1748145903947 25500.0 25500
1748145904352 26000.0 26000
1748145904745 26500.0 26500
1748145905137 27000.0 27000
1748145905540 27500.0 27500
1748145905934 28000.0 28000
1748145906338 28500.0 28500
1748145906737 29000.0 29000
1748145907177 29500.0 29500
1748145907563 30000.0 30000
1748145907954 30500.0 30500
1748145908343 31000.0 31000
1748145908735 31500.0 31500
1748145909132 32000.0 32000
1748145909528 32500.0 32500
1748145909929 33000.0 33000
1748145910337 33500.0 33500
1748145910731 34000.0 34000
1748145911118 34500.0 34500
1748145911505 35000.0 35000
1748145911900 35500.0 35500
1748145912299 36000.0 36000
1748145912700 36500.0 36500
1748145913100 37000.0 37000
1748145913496 37500.0 37500
1748145913894 38000.0 38000
1748145914290 38500.0 38500
1748145914687 39000.0 39000
1748145915127 39500.0 39500
1748145915525 40000.0 40000
1748145915987 40500.0 40500
1748145916391 41000.0 41000
1748145916793 41500.0 41500
1748145917191 42000.0 42000
1748145917593 42500.0 42500
1748145917993 43000.0 43000
1748145918387 43500.0 43500
1748145918791 44000.0 44000
1748145919191 44500.0 44500
1748145919588 45000.0 45000
1748145919979 45500.0 45500
1748145920380 46000.0 46000
1748145920846 46500.0 46500
1748145921258 47000.0 47000
1748145921719 47500.0 47500
1748145922131 48000.0 48000
1748145922530 48500.0 48500
1748145922921 49000.0 49000
1748145923320 49500.0 49500
1748145923715 50000.0 50000
1748145924107 50500.0 50500
1748145924493 51000.0 51000
1748145924884 51500.0 51500
1748145925274 52000.0 52000
1748145925668 52500.0 52500
1748145926061 53000.0 53000
1748145926451 53500.0 53500
1748145926853 54000.0 54000
1748145927247 54500.0 54500
1748145927632 55000.0 55000
1748145928016 55500.0 55500
1748145928401 56000.0 56000
1748145928791 56500.0 56500
1748145929182 57000.0 57000
1748145929578 57500.0 57500
1748145929971 58000.0 58000
1748145930362 58500.0 58500
1748145930756 59000.0 59000
1748145931142 59500.0 59500
1748145931529 60000.0 60000
1748145931917 60500.0 60500
1748145932308 61000.0 61000
1748145932698 61500.0 61500
1748145933092 62000.0 62000
1748145933483 62500.0 62500
1748145933873 63000.0 63000
1748145934268 63500.0 63500
1748145934653 64000.0 64000
1748145935043 64500.0 64500
1748145935436 65000.0 65000
1748145935828 65500.0 65500
1748145936225 66000.0 66000
1748145936622 66500.0 66500
1748145937081 67000.0 67000
1748145937472 67500.0 67500
1748145937864 68000.0 68000
1748145938287 68500.0 68500
1748145938678 69000.0 69000
1748145939065 69500.0 69500
1748145939454 70000.0 70000
1748145939847 70500.0 70500
1748145940238 71000.0 71000
1748145940640 71500.0 71500
1748145941043 72000.0 72000
1748145941446 72500.0 72500
1748145941852 73000.0 73000
1748145942251 73500.0 73500
1748145942667 74000.0 74000
1748145943076 74500.0 74500
1748145943479 75000.0 75000
1748145943874 75500.0 75500
1748145944273 76000.0 76000
1748145944666 76500.0 76500
1748145945052 77000.0 77000
1748145945436 77500.0 77500
1748145945830 78000.0 78000
1748145946224 78500.0 78500
1748145946613 79000.0 79000
1748145947018 79500.0 79500
1748145947408 80000.0 80000
1748145947798 80500.0 80500
1748145948189 81000.0 81000
1748145948587 81500.0 81500
1748145948976 82000.0 82000
1748145949369 82500.0 82500
1748145949758 83000.0 83000
1748145950149 83500.0 83500
1748145950585 84000.0 84000
1748145950974 84500.0 84500
1748145951365 85000.0 85000
1748145951756 85500.0 85500
1748145952147 86000.0 86000
1748145952533 86500.0 86500
1748145952921 87000.0 87000
1748145953312 87500.0 87500
1748145953707 88000.0 88000
1748145954108 88500.0 88500
1748145954502 89000.0 89000
1748145954901 89500.0 89500
