1748145884085 1.0 500
1748145884474 2.0 1000
1748145884869 3.0 1500
1748145885274 4.0 2000
1748145885678 5.0 2500
1748145886080 6.0 3000
1748145886471 7.0 3500
1748145886867 8.0 4000
1748145887266 9.0 4500
1748145887659 10.0 5000
1748145888053 11.0 5500
1748145888452 12.0 6000
1748145888844 13.0 6500
1748145889235 14.0 7000
1748145889635 15.0 7500
1748145890063 16.0 8000
1748145890456 17.0 8500
1748145890851 18.0 9000
1748145891249 19.0 9500
1748145891654 20.0 10000
1748145892054 21.0 10500
1748145892450 22.0 11000
1748145892851 23.0 11500
1748145893246 24.0 12000
1748145893646 25.0 12500
1748145894037 26.0 13000
1748145894423 27.0 13500
1748145894812 28.0 14000
1748145895212 29.0 14500
1748145895610 30.0 15000
1748145896008 31.0 15500
1748145896410 32.0 16000
1748145896808 33.0 16500
1748145897200 34.0 17000
1748145897600 35.0 17500
1748145897998 36.0 18000
1748145898393 37.0 18500
1748145898783 38.0 19000
1748145899174 39.0 19500
1748145899568 40.0 20000
1748145899968 41.0 20500
1748145900377 42.0 21000
1748145900768 43.0 21500
1748145901159 44.0 22000
1748145901552 45.0 22500
1748145901952 46.0 23000
1748145902354 47.0 23500
1748145902746 48.0 24000
1748145903144 49.0 24500
1748145903548 50.0 25000
1748145903946 51.0 25500
1748145904351 52.0 26000
1748145904744 53.0 26500
1748145905136 54.0 27000
1748145905539 55.0 27500
1748145905934 56.0 28000
1748145906336 57.0 28500
1748145906736 58.0 29000
1748145907176 59.0 29500
1748145907562 60.0 30000
1748145907953 61.0 30500
1748145908342 62.0 31000
1748145908734 63.0 31500
1748145909131 64.0 32000
1748145909527 65.0 32500
1748145909928 66.0 33000
1748145910336 67.0 33500
1748145910730 68.0 34000
1748145911117 69.0 34500
1748145911504 70.0 35000
1748145911899 71.0 35500
1748145912298 72.0 36000
1748145912699 73.0 36500
1748145913099 74.0 37000
1748145913495 75.0 37500
1748145913893 76.0 38000
1748145914289 77.0 38500
1748145914686 78.0 39000
1748145915126 79.0 39500
1748145915524 80.0 40000
1748145915986 81.0 40500
1748145916391 82.0 41000
1748145916792 83.0 41500
1748145917190 84.0 42000
1748145917592 85.0 42500
1748145917992 86.0 43000
1748145918386 87.0 43500
1748145918790 88.0 44000
1748145919190 89.0 44500
1748145919587 90.0 45000
1748145919978 91.0 45500
1748145920379 92.0 46000
1748145920842 93.0 46500
1748145921257 94.0 47000
1748145921718 95.0 47500
1748145922130 96.0 48000
1748145922529 97.0 48500
1748145922920 98.0 49000
1748145923319 99.0 49500
1748145923714 100.0 50000
1748145924106 101.0 50500
1748145924492 102.0 51000
1748145924883 103.0 51500
1748145925273 104.0 52000
1748145925667 105.0 52500
1748145926060 106.0 53000
1748145926450 107.0 53500
1748145926852 108.0 54000
1748145927246 109.0 54500
1748145927631 110.0 55000
1748145928015 111.0 55500
1748145928400 112.0 56000
1748145928790 113.0 56500
1748145929181 114.0 57000
1748145929577 115.0 57500
1748145929970 116.0 58000
1748145930361 117.0 58500
1748145930755 118.0 59000
1748145931141 119.0 59500
1748145931528 120.0 60000
1748145931916 121.0 60500
1748145932307 122.0 61000
1748145932697 123.0 61500
1748145933091 124.0 62000
1748145933482 125.0 62500
1748145933872 126.0 63000
1748145934267 127.0 63500
1748145934652 128.0 64000
1748145935042 129.0 64500
1748145935435 130.0 65000
1748145935827 131.0 65500
1748145936224 132.0 66000
1748145936620 133.0 66500
1748145937079 134.0 67000
1748145937471 135.0 67500
1748145937863 136.0 68000
1748145938286 137.0 68500
1748145938677 138.0 69000
1748145939064 139.0 69500
1748145939453 140.0 70000
1748145939846 141.0 70500
1748145940237 142.0 71000
1748145940639 143.0 71500
1748145941042 144.0 72000
1748145941445 145.0 72500
1748145941850 146.0 73000
1748145942250 147.0 73500
1748145942666 148.0 74000
1748145943074 149.0 74500
1748145943478 150.0 75000
1748145943873 151.0 75500
1748145944272 152.0 76000
1748145944665 153.0 76500
1748145945051 154.0 77000
1748145945435 155.0 77500
1748145945829 156.0 78000
1748145946223 157.0 78500
1748145946612 158.0 79000
1748145947017 159.0 79500
1748145947407 160.0 80000
1748145947797 161.0 80500
1748145948188 162.0 81000
1748145948586 163.0 81500
1748145948975 164.0 82000
1748145949368 165.0 82500
1748145949757 166.0 83000
1748145950148 167.0 83500
1748145950584 168.0 84000
1748145950973 169.0 84500
1748145951364 170.0 85000
1748145951755 171.0 85500
1748145952146 172.0 86000
1748145952532 173.0 86500
1748145952920 174.0 87000
1748145953311 175.0 87500
1748145953706 176.0 88000
1748145954107 177.0 88500
1748145954501 178.0 89000
1748145954900 179.0 89500
