1748145884086 500.0 500
1748145884474 500.0 1000
1748145884870 500.0 1500
1748145885275 500.0 2000
1748145885679 500.0 2500
1748145886081 500.0 3000
1748145886472 500.0 3500
1748145886867 500.0 4000
1748145887266 500.0 4500
1748145887660 500.0 5000
1748145888053 500.0 5500
1748145888452 500.0 6000
1748145888845 500.0 6500
1748145889235 500.0 7000
1748145889636 500.0 7500
1748145890063 500.0 8000
1748145890457 500.0 8500
1748145890852 500.0 9000
1748145891250 500.0 9500
1748145891655 500.0 10000
1748145892054 500.0 10500
1748145892450 500.0 11000
1748145892851 500.0 11500
1748145893247 500.0 12000
1748145893646 500.0 12500
1748145894037 500.0 13000
1748145894424 500.0 13500
1748145894812 500.0 14000
1748145895212 500.0 14500
1748145895610 500.0 15000
1748145896010 500.0 15500
1748145896410 500.0 16000
1748145896808 500.0 16500
1748145897201 500.0 17000
1748145897601 500.0 17500
1748145897999 500.0 18000
1748145898393 500.0 18500
1748145898783 500.0 19000
1748145899175 500.0 19500
1748145899568 500.0 20000
1748145899969 500.0 20500
1748145900377 500.0 21000
1748145900769 500.0 21500
1748145901160 500.0 22000
1748145901552 500.0 22500
1748145901952 500.0 23000
1748145902355 500.0 23500
1748145902747 500.0 24000
1748145903145 500.0 24500
1748145903549 500.0 25000
1748145903947 500.0 25500
1748145904351 500.0 26000
1748145904744 500.0 26500
1748145905136 500.0 27000
1748145905540 500.0 27500
1748145905934 500.0 28000
1748145906337 500.0 28500
1748145906736 500.0 29000
1748145907176 500.0 29500
1748145907563 500.0 30000
1748145907953 500.0 30500
1748145908343 500.0 31000
1748145908734 500.0 31500
1748145909131 500.0 32000
1748145909527 500.0 32500
1748145909929 500.0 33000
1748145910336 500.0 33500
1748145910730 500.0 34000
1748145911118 500.0 34500
1748145911504 500.0 35000
1748145911900 500.0 35500
1748145912298 500.0 36000
1748145912700 500.0 36500
1748145913099 500.0 37000
1748145913496 500.0 37500
1748145913894 500.0 38000
1748145914289 500.0 38500
1748145914687 500.0 39000
1748145915127 500.0 39500
1748145915525 500.0 40000
1748145915987 500.0 40500
1748145916391 500.0 41000
1748145916792 500.0 41500
1748145917191 500.0 42000
1748145917593 500.0 42500
1748145917993 500.0 43000
1748145918387 500.0 43500
1748145918790 500.0 44000
1748145919191 500.0 44500
1748145919588 500.0 45000
1748145919978 500.0 45500
1748145920379 500.0 46000
1748145920843 500.0 46500
1748145921257 500.0 47000
1748145921718 500.0 47500
1748145922131 500.0 48000
1748145922530 500.0 48500
1748145922921 500.0 49000
1748145923320 500.0 49500
1748145923714 500.0 50000
1748145924106 500.0 50500
1748145924883 500.0 51500
1748145925274 500.0 52000
1748145925667 500.0 52500
1748145926061 500.0 53000
1748145926451 500.0 53500
1748145926853 500.0 54000
1748145927246 500.0 54500
1748145927631 500.0 55000
1748145928015 500.0 55500
1748145928401 500.0 56000
1748145928791 500.0 56500
1748145929181 500.0 57000
1748145929577 500.0 57500
1748145929971 500.0 58000
1748145930361 500.0 58500
1748145930755 500.0 59000
1748145931141 500.0 59500
1748145931528 500.0 60000
1748145931917 500.0 60500
1748145932308 500.0 61000
1748145932698 500.0 61500
1748145933091 500.0 62000
1748145933483 500.0 62500
1748145933873 500.0 63000
1748145934268 500.0 63500
1748145934653 500.0 64000
1748145935043 500.0 64500
1748145935436 500.0 65000
1748145935828 500.0 65500
1748145936224 500.0 66000
1748145936621 500.0 66500
1748145937081 500.0 67000
1748145937472 500.0 67500
1748145937863 500.0 68000
1748145938287 500.0 68500
1748145939065 500.0 69500
1748145939454 500.0 70000
1748145939847 500.0 70500
1748145940237 500.0 71000
1748145940639 500.0 71500
1748145941042 500.0 72000
1748145941445 500.0 72500
1748145941851 500.0 73000
1748145942251 500.0 73500
1748145942667 500.0 74000
1748145943075 500.0 74500
1748145943479 500.0 75000
1748145943874 500.0 75500
1748145944273 500.0 76000
1748145944666 500.0 76500
1748145945051 500.0 77000
1748145945436 500.0 77500
1748145945830 500.0 78000
1748145946223 500.0 78500
1748145946613 500.0 79000
1748145947018 500.0 79500
1748145947408 500.0 80000
1748145947798 500.0 80500
1748145948188 500.0 81000
1748145948586 500.0 81500
1748145948975 500.0 82000
1748145949369 500.0 82500
1748145949758 500.0 83000
1748145950149 500.0 83500
1748145950585 500.0 84000
1748145950974 500.0 84500
1748145951365 500.0 85000
1748145951756 500.0 85500
1748145952147 500.0 86000
1748145952533 500.0 86500
1748145952921 500.0 87000
1748145953311 500.0 87500
1748145953706 500.0 88000
1748145954108 500.0 88500
1748145954502 500.0 89000
1748145954900 500.0 89500
