1748145884088 0.7159904534606205 500
1748145884476 0.23866348448687352 1000
1748145884872 0.47732696897374705 1500
1748145885276 0.23866348448687352 2000
1748145885681 0.23866348448687352 2500
1748145886082 0.23866348448687352 3000
1748145886474 0.23866348448687352 3500
1748145886869 0.23866348448687352 4000
1748145887268 0.23866348448687352 4500
1748145887662 0.23866348448687352 5000
1748145888055 0.23866348448687352 5500
1748145888454 0.23866348448687352 6000
1748145888847 0.23866348448687352 6500
1748145889237 0.23866348448687352 7000
1748145889638 0.23866348448687352 7500
1748145890065 0.23866348448687352 8000
1748145890459 0.23866348448687352 8500
1748145890854 0.23866348448687352 9000
1748145891252 0.23866348448687352 9500
1748145891656 0.23866348448687352 10000
1748145892056 0.23866348448687352 10500
1748145892452 0.23866348448687352 11000
1748145892853 0.23866348448687352 11500
1748145893249 0.23866348448687352 12000
1748145893648 0.23866348448687352 12500
1748145894039 0.23866348448687352 13000
1748145894425 0.23866348448687352 13500
1748145894814 0.23866348448687352 14000
1748145895214 0.23866348448687352 14500
1748145895612 0.23866348448687352 15000
1748145896012 0.23866348448687352 15500
1748145896412 0.23866348448687352 16000
1748145896810 0.23866348448687352 16500
1748145897203 0.23866348448687352 17000
1748145897604 0.23866348448687352 17500
1748145898001 0.23866348448687352 18000
1748145898395 0.23866348448687352 18500
1748145898785 0.23866348448687352 19000
1748145899177 0.23866348448687352 19500
1748145899570 0.23866348448687352 20000
1748145899970 0.23866348448687352 20500
1748145900379 0.23866348448687352 21000
1748145900771 0.23866348448687352 21500
1748145901161 0.23866348448687352 22000
1748145901554 0.23866348448687352 22500
1748145901955 0.23866348448687352 23000
1748145902356 0.23866348448687352 23500
1748145902748 0.23866348448687352 24000
1748145903146 0.23866348448687352 24500
1748145903551 0.23866348448687352 25000
1748145903949 0.23866348448687352 25500
1748145904353 0.23866348448687352 26000
1748145904746 0.23866348448687352 26500
1748145905138 0.23866348448687352 27000
1748145905542 0.23866348448687352 27500
1748145905936 0.23866348448687352 28000
1748145906339 0.23866348448687352 28500
1748145906738 0.23866348448687352 29000
1748145907178 0.23866348448687352 29500
1748145907564 0.23866348448687352 30000
1748145907955 0.23866348448687352 30500
1748145908344 0.23866348448687352 31000
1748145908736 0.23866348448687352 31500
1748145909133 0.23866348448687352 32000
1748145909529 0.23866348448687352 32500
1748145909931 0.23866348448687352 33000
1748145910338 0.23866348448687352 33500
1748145910732 0.23866348448687352 34000
1748145911120 0.23866348448687352 34500
1748145911506 0.23866348448687352 35000
1748145911901 0.23866348448687352 35500
1748145912300 0.23866348448687352 36000
1748145912702 0.23866348448687352 36500
1748145913102 0.23866348448687352 37000
1748145913497 0.23866348448687352 37500
1748145913896 0.23866348448687352 38000
1748145914291 0.23866348448687352 38500
1748145914689 0.23866348448687352 39000
1748145915129 0.23866348448687352 39500
1748145915527 0.23866348448687352 40000
1748145915989 0.23866348448687352 40500
1748145916393 0.23866348448687352 41000
1748145916795 0.23866348448687352 41500
1748145917193 0.23866348448687352 42000
1748145917595 0.23866348448687352 42500
1748145917995 0.23866348448687352 43000
1748145918389 0.23866348448687352 43500
1748145918792 0.23866348448687352 44000
1748145919193 0.23866348448687352 44500
1748145919589 0.23866348448687352 45000
1748145919980 0.23866348448687352 45500
1748145920382 0.23866348448687352 46000
1748145920850 0.23866348448687352 46500
1748145921259 0.23866348448687352 47000
1748145921721 0.23866348448687352 47500
1748145922132 0.23866348448687352 48000
1748145922532 0.23866348448687352 48500
1748145922923 0.23866348448687352 49000
1748145923322 0.23866348448687352 49500
1748145923716 0.23866348448687352 50000
1748145924108 0.23866348448687352 50500
1748145924494 0.0 51000
1748145924885 0.23866348448687352 51500
1748145925275 0.23866348448687352 52000
1748145925669 0.23866348448687352 52500
1748145926063 0.23866348448687352 53000
1748145926453 0.23866348448687352 53500
1748145926855 0.23866348448687352 54000
1748145927248 0.23866348448687352 54500
1748145927633 0.23866348448687352 55000
1748145928017 0.23866348448687352 55500
1748145928403 0.23866348448687352 56000
1748145928793 0.23866348448687352 56500
1748145929183 0.23866348448687352 57000
1748145929580 0.23866348448687352 57500
1748145929972 0.23866348448687352 58000
1748145930363 0.23866348448687352 58500
1748145930757 0.23866348448687352 59000
1748145931143 0.23866348448687352 59500
1748145931530 0.23866348448687352 60000
1748145931919 0.23866348448687352 60500
1748145932309 0.23866348448687352 61000
1748145932699 0.23866348448687352 61500
1748145933093 0.23866348448687352 62000
1748145933485 0.23866348448687352 62500
1748145933875 0.23866348448687352 63000
1748145934269 0.23866348448687352 63500
1748145934654 0.23866348448687352 64000
1748145935045 0.23866348448687352 64500
1748145935438 0.23866348448687352 65000
1748145935829 0.23866348448687352 65500
1748145936226 0.23866348448687352 66000
1748145936624 0.23866348448687352 66500
1748145937083 0.23866348448687352 67000
1748145937474 0.23866348448687352 67500
1748145937865 0.23866348448687352 68000
1748145938288 0.23866348448687352 68500
1748145938679 0.0 69000
1748145939066 0.23866348448687352 69500
1748145939456 0.23866348448687352 70000
1748145939849 0.23866348448687352 70500
1748145940239 0.23866348448687352 71000
1748145940641 0.23866348448687352 71500
1748145941044 0.23866348448687352 72000
1748145941447 0.23866348448687352 72500
1748145941854 0.23866348448687352 73000
1748145942253 0.23866348448687352 73500
1748145942669 0.23866348448687352 74000
1748145943077 0.23866348448687352 74500
1748145943480 0.23866348448687352 75000
1748145943875 0.23866348448687352 75500
1748145944275 0.23866348448687352 76000
1748145944668 0.23866348448687352 76500
1748145945053 0.23866348448687352 77000
1748145945438 0.23866348448687352 77500
1748145945832 0.23866348448687352 78000
1748145946225 0.23866348448687352 78500
1748145946614 0.23866348448687352 79000
1748145947020 0.23866348448687352 79500
1748145947409 0.23866348448687352 80000
1748145947800 0.23866348448687352 80500
1748145948190 0.23866348448687352 81000
1748145948588 0.23866348448687352 81500
1748145948977 0.23866348448687352 82000
1748145949371 0.23866348448687352 82500
1748145949759 0.23866348448687352 83000
1748145950150 0.23866348448687352 83500
1748145950586 0.23866348448687352 84000
1748145950975 0.23866348448687352 84500
1748145951366 0.23866348448687352 85000
1748145951758 0.23866348448687352 85500
1748145952149 0.23866348448687352 86000
1748145952535 0.23866348448687352 86500
1748145952923 0.23866348448687352 87000
1748145953313 0.23866348448687352 87500
1748145953708 0.23866348448687352 88000
1748145954109 0.23866348448687352 88500
1748145954503 0.23866348448687352 89000
1748145954902 0.23866348448687352 89500
