1748145884088 3.0 500
1748145884476 1.0 1000
1748145884871 2.0 1500
1748145885276 1.0 2000
1748145885680 1.0 2500
1748145886082 1.0 3000
1748145886473 1.0 3500
1748145886869 1.0 4000
1748145887268 1.0 4500
1748145887661 1.0 5000
1748145888055 1.0 5500
1748145888454 1.0 6000
1748145888846 1.0 6500
1748145889237 1.0 7000
1748145889637 1.0 7500
1748145890065 1.0 8000
1748145890458 1.0 8500
1748145890853 1.0 9000
1748145891251 1.0 9500
1748145891656 1.0 10000
1748145892056 1.0 10500
1748145892452 1.0 11000
1748145892853 1.0 11500
1748145893249 1.0 12000
1748145893648 1.0 12500
1748145894039 1.0 13000
1748145894425 1.0 13500
1748145894814 1.0 14000
1748145895214 1.0 14500
1748145895612 1.0 15000
1748145896011 1.0 15500
1748145896412 1.0 16000
1748145896810 1.0 16500
1748145897202 1.0 17000
1748145897603 1.0 17500
1748145898000 1.0 18000
1748145898395 1.0 18500
1748145898785 1.0 19000
1748145899176 1.0 19500
1748145899570 1.0 20000
1748145899970 1.0 20500
1748145900379 1.0 21000
1748145900770 1.0 21500
1748145901161 1.0 22000
1748145901554 1.0 22500
1748145901954 1.0 23000
1748145902356 1.0 23500
1748145902748 1.0 24000
1748145903146 1.0 24500
1748145903550 1.0 25000
1748145903948 1.0 25500
1748145904353 1.0 26000
1748145904746 1.0 26500
1748145905138 1.0 27000
1748145905541 1.0 27500
1748145905936 1.0 28000
1748145906339 1.0 28500
1748145906738 1.0 29000
1748145907178 1.0 29500
1748145907564 1.0 30000
1748145907955 1.0 30500
1748145908344 1.0 31000
1748145908736 1.0 31500
1748145909133 1.0 32000
1748145909529 1.0 32500
1748145909931 1.0 33000
1748145910338 1.0 33500
1748145910732 1.0 34000
1748145911119 1.0 34500
1748145911506 1.0 35000
1748145911901 1.0 35500
1748145912300 1.0 36000
1748145912701 1.0 36500
1748145913101 1.0 37000
1748145913497 1.0 37500
1748145913896 1.0 38000
1748145914291 1.0 38500
1748145914688 1.0 39000
1748145915128 1.0 39500
1748145915526 1.0 40000
1748145915989 1.0 40500
1748145916392 1.0 41000
1748145916794 1.0 41500
1748145917192 1.0 42000
1748145917594 1.0 42500
1748145917995 1.0 43000
1748145918388 1.0 43500
1748145918792 1.0 44000
1748145919192 1.0 44500
1748145919589 1.0 45000
1748145919980 1.0 45500
1748145920381 1.0 46000
1748145920849 1.0 46500
1748145921259 1.0 47000
1748145921721 1.0 47500
1748145922132 1.0 48000
1748145922531 1.0 48500
1748145922922 1.0 49000
1748145923321 1.0 49500
1748145923716 1.0 50000
1748145924108 1.0 50500
1748145924494 0.0 51000
1748145924885 1.0 51500
1748145925275 1.0 52000
1748145925669 1.0 52500
1748145926062 1.0 53000
1748145926452 1.0 53500
1748145926854 1.0 54000
1748145927248 1.0 54500
1748145927633 1.0 55000
1748145928017 1.0 55500
1748145928402 1.0 56000
1748145928792 1.0 56500
1748145929183 1.0 57000
1748145929579 1.0 57500
1748145929972 1.0 58000
1748145930363 1.0 58500
1748145930757 1.0 59000
1748145931143 1.0 59500
1748145931530 1.0 60000
1748145931918 1.0 60500
1748145932309 1.0 61000
1748145932699 1.0 61500
1748145933093 1.0 62000
1748145933484 1.0 62500
1748145933874 1.0 63000
1748145934269 1.0 63500
1748145934654 1.0 64000
1748145935045 1.0 64500
1748145935437 1.0 65000
1748145935829 1.0 65500
1748145936226 1.0 66000
1748145936623 1.0 66500
1748145937082 1.0 67000
1748145937473 1.0 67500
1748145937865 1.0 68000
1748145938288 1.0 68500
1748145938679 0.0 69000
1748145939066 1.0 69500
1748145939456 1.0 70000
1748145939848 1.0 70500
1748145940239 1.0 71000
1748145940641 1.0 71500
1748145941044 1.0 72000
1748145941447 1.0 72500
1748145941853 1.0 73000
1748145942253 1.0 73500
1748145942669 1.0 74000
1748145943077 1.0 74500
1748145943480 1.0 75000
1748145943875 1.0 75500
1748145944274 1.0 76000
1748145944667 1.0 76500
1748145945053 1.0 77000
1748145945437 1.0 77500
1748145945832 1.0 78000
1748145946225 1.0 78500
1748145946614 1.0 79000
1748145947020 1.0 79500
1748145947409 1.0 80000
1748145947799 1.0 80500
1748145948190 1.0 81000
1748145948588 1.0 81500
1748145948977 1.0 82000
1748145949370 1.0 82500
1748145949759 1.0 83000
1748145950150 1.0 83500
1748145950586 1.0 84000
1748145950975 1.0 84500
1748145951366 1.0 85000
1748145951757 1.0 85500
1748145952148 1.0 86000
1748145952534 1.0 86500
1748145952923 1.0 87000
1748145953313 1.0 87500
1748145953708 1.0 88000
1748145954109 1.0 88500
1748145954503 1.0 89000
1748145954902 1.0 89500
