1748145884087 10005.62 500
1748145884475 10008.78 1000
1748145884871 10021.69 1500
1748145885276 10035.88 2000
1748145885680 10007.83 2500
1748145886082 10010.04 3000
1748145886473 9978.47 3500
1748145886868 9967.34 4000
1748145887267 9978.65 4500
1748145887661 9995.6 5000
1748145888054 9981.01 5500
1748145888453 9997.4 6000
1748145888846 9973.87 6500
1748145889237 10025.36 7000
1748145889637 9976.71 7500
1748145890064 10021.12 8000
1748145890458 10009.39 8500
1748145890853 10025.23 9000
1748145891251 9988.41 9500
1748145891656 10004.51 10000
1748145892055 9992.98 10500
1748145892451 9992.52 11000
1748145892852 10016.78 11500
1748145893248 10012.48 12000
1748145893647 9970.27 12500
1748145894038 9994.08 13000
1748145894425 9975.12 13500
1748145894813 9990.23 14000
1748145895213 10009.8 14500
1748145895611 10030.62 15000
1748145896011 10018.64 15500
1748145896411 9997.95 16000
1748145896810 10031.7 16500
1748145897202 10020.79 17000
1748145897603 10022.52 17500
1748145898000 10016.03 18000
1748145898394 9967.6 18500
1748145898784 9973.23 19000
1748145899176 9977.37 19500
1748145899569 9997.06 20000
1748145899970 9961.28 20500
1748145900378 9988.18 21000
1748145900770 9967.46 21500
1748145901161 9985.92 22000
1748145901553 10013.95 22500
1748145901954 9982.05 23000
1748145902356 10011.16 23500
1748145902748 10005.22 24000
1748145903146 9978.73 24500
1748145903550 10010.91 25000
1748145903948 10026.95 25500
1748145904353 9994.49 26000
1748145904745 9991.7 26500
1748145905138 9970.69 27000
1748145905541 10020.3 27500
1748145905935 9988.95 28000
1748145906338 9972.0 28500
1748145906737 9986.29 29000
1748145907177 10009.21 29500
1748145907564 10017.57 30000
1748145907955 9979.31 30500
1748145908344 9987.35 31000
1748145908735 9990.99 31500
1748145909132 9978.94 32000
1748145909528 9965.22 32500
1748145909930 10016.67 33000
1748145910337 10020.55 33500
1748145910731 10006.68 34000
1748145911119 9979.89 34500
1748145911505 9977.9 35000
1748145911901 10025.69 35500
1748145912299 9972.34 36000
1748145912701 10018.13 36500
1748145913101 9974.41 37000
1748145913497 9981.35 37500
1748145913896 9992.1 38000
1748145914290 10012.61 38500
1748145914688 9974.4 39000
1748145915128 9994.32 39500
1748145915526 9966.66 40000
1748145915988 9985.54 40500
1748145916392 9983.56 41000
1748145916794 10017.18 41500
1748145917192 10016.44 42000
1748145917594 10034.2 42500
1748145917994 10008.88 43000
1748145918388 9968.69 43500
1748145918792 10010.34 44000
1748145919192 9992.43 44500
1748145919589 10015.68 45000
1748145919979 9964.1 45500
1748145920381 10013.51 46000
1748145920848 9988.4 46500
1748145921259 9982.35 47000
1748145921720 9970.88 47500
1748145922132 9999.05 48000
1748145922531 10021.94 48500
1748145922922 10026.24 49000
1748145923321 9992.98 49500
1748145923715 9989.57 50000
1748145924107 10011.17 50500
1748145924494 10000.0 51000
1748145924884 9979.07 51500
1748145925275 10006.63 52000
1748145925668 10033.28 52500
1748145926062 9969.62 53000
1748145926452 10017.71 53500
1748145926854 9986.89 54000
1748145927248 9996.3 54500
1748145927632 9963.37 55000
1748145928016 9971.33 55500
1748145928402 9972.59 56000
1748145928792 9979.24 56500
1748145929182 9972.34 57000
1748145929579 10013.74 57500
1748145929972 10016.94 58000
1748145930363 9965.46 58500
1748145930756 10009.44 59000
1748145931143 10007.01 59500
1748145931529 9973.19 60000
1748145931918 9988.82 60500
1748145932309 10023.31 61000
1748145932699 10000.88 61500
1748145933093 10022.08 62000
1748145933484 9974.61 62500
1748145933874 10019.55 63000
1748145934269 9995.7 63500
1748145934654 9975.21 64000
1748145935044 9977.06 64500
1748145935437 9965.85 65000
1748145935829 9991.86 65500
1748145936225 9983.47 66000
1748145936623 10024.33 66500
1748145937082 10015.42 67000
1748145937473 10008.05 67500
1748145937864 10023.41 68000
1748145938288 10025.13 68500
1748145938679 10000.0 69000
1748145939066 9994.82 69500
1748145939455 9981.66 70000
1748145939848 10005.43 70500
1748145940238 9966.94 71000
1748145940640 9991.2 71500
1748145941043 9987.58 72000
1748145941446 9969.38 72500
1748145941853 10035.9 73000
1748145942252 10027.71 73500
1748145942668 9980.71 74000
1748145943076 10005.6 74500
1748145943480 10025.01 75000
1748145943875 9973.79 75500
1748145944274 10008.4 76000
1748145944667 10008.92 76500
1748145945052 10022.23 77000
1748145945437 10017.39 77500
1748145945831 9976.71 78000
1748145946224 9982.52 78500
1748145946614 10014.83 79000
1748145947019 10013.71 79500
1748145947409 10016.11 80000
1748145947799 10037.68 80500
1748145948189 10012.38 81000
1748145948588 9976.89 81500
1748145948977 10008.9 82000
1748145949370 9988.12 82500
1748145949759 9985.74 83000
1748145950150 9968.06 83500
1748145950586 9972.15 84000
1748145950975 9982.13 84500
1748145951366 9962.18 85000
1748145951757 9976.97 85500
1748145952148 9981.67 86000
1748145952534 10013.27 86500
1748145952922 9978.65 87000
1748145953313 9984.82 87500
1748145953707 10010.02 88000
1748145954109 9965.42 88500
1748145954503 9979.83 89000
1748145954901 9997.37 89500
