1748145884087 0.06 500
1748145884475 0.09 1000
1748145884871 0.22 1500
1748145885275 0.36 2000
1748145885680 0.08 2500
1748145886081 0.1 3000
1748145886473 -0.22 3500
1748145886868 -0.33 4000
1748145887267 -0.21 4500
1748145887661 -0.04 5000
1748145888054 -0.19 5500
1748145888453 -0.03 6000
1748145888846 -0.26 6500
1748145889236 0.25 7000
1748145889637 -0.23 7500
1748145890064 0.21 8000
1748145890458 0.09 8500
1748145890853 0.25 9000
1748145891250 -0.12 9500
1748145891655 0.05 10000
1748145892055 -0.07 10500
1748145892451 -0.07 11000
1748145892852 0.17 11500
1748145893248 0.12 12000
1748145893647 -0.3 12500
1748145894038 -0.06 13000
1748145894424 -0.25 13500
1748145894813 -0.1 14000
1748145895213 0.1 14500
1748145895611 0.31 15000
1748145896010 0.19 15500
1748145896411 -0.02 16000
1748145896809 0.32 16500
1748145897202 0.21 17000
1748145897602 0.23 17500
1748145898000 0.16 18000
1748145898394 -0.32 18500
1748145898784 -0.27 19000
1748145899176 -0.23 19500
1748145899569 -0.03 20000
1748145899969 -0.39 20500
1748145900378 -0.12 21000
1748145900770 -0.33 21500
1748145901160 -0.14 22000
1748145901553 0.14 22500
1748145901953 -0.18 23000
1748145902355 0.11 23500
1748145902747 0.05 24000
1748145903145 -0.21 24500
1748145903550 0.11 25000
1748145903948 0.27 25500
1748145904352 -0.06 26000
1748145904745 -0.08 26500
1748145905137 -0.29 27000
1748145905541 0.2 27500
1748145905935 -0.11 28000
1748145906338 -0.28 28500
1748145906737 -0.14 29000
1748145907177 0.09 29500
1748145907563 0.18 30000
1748145907954 -0.21 30500
1748145908343 -0.13 31000
1748145908735 -0.09 31500
1748145909132 -0.21 32000
1748145909528 -0.35 32500
1748145909930 0.17 33000
1748145910337 0.21 33500
1748145910731 0.07 34000
1748145911119 -0.2 34500
1748145911505 -0.22 35000
1748145911900 0.26 35500
1748145912299 -0.28 36000
1748145912701 0.18 36500
1748145913100 -0.26 37000
1748145913496 -0.19 37500
1748145913895 -0.08 38000
1748145914290 0.13 38500
1748145914688 -0.26 39000
1748145915128 -0.06 39500
1748145915526 -0.33 40000
1748145915988 -0.14 40500
1748145916392 -0.16 41000
1748145916793 0.17 41500
1748145917191 0.16 42000
1748145917594 0.34 42500
1748145917994 0.09 43000
1748145918388 -0.31 43500
1748145918791 0.1 44000
1748145919192 -0.08 44500
1748145919588 0.16 45000
1748145919979 -0.36 45500
1748145920380 0.14 46000
1748145920847 -0.12 46500
1748145921258 -0.18 47000
1748145921720 -0.29 47500
1748145922131 -0.01 48000
1748145922530 0.22 48500
1748145922922 0.26 49000
1748145923321 -0.07 49500
1748145923715 -0.1 50000
1748145924107 0.11 50500
1748145924493 0.0 51000
1748145924884 -0.21 51500
1748145925274 0.07 52000
1748145925668 0.33 52500
1748145926062 -0.3 53000
1748145926452 0.18 53500
1748145926854 -0.13 54000
1748145927247 -0.04 54500
1748145927632 -0.37 55000
1748145928016 -0.29 55500
1748145928402 -0.27 56000
1748145928792 -0.21 56500
1748145929182 -0.28 57000
1748145929578 0.14 57500
1748145929971 0.17 58000
1748145930362 -0.35 58500
1748145930756 0.09 59000
1748145931142 0.07 59500
1748145931529 -0.27 60000
1748145931918 -0.11 60500
1748145932308 0.23 61000
1748145932698 0.01 61500
1748145933092 0.22 62000
1748145933484 -0.25 62500
1748145933874 0.2 63000
1748145934268 -0.04 63500
1748145934653 -0.25 64000
1748145935044 -0.23 64500
1748145935437 -0.34 65000
1748145935828 -0.08 65500
1748145936225 -0.17 66000
1748145936622 0.24 66500
1748145937081 0.15 67000
1748145937473 0.08 67500
1748145937864 0.23 68000
1748145938287 0.25 68500
1748145938678 0.0 69000
1748145939065 -0.05 69500
1748145939455 -0.18 70000
1748145939848 0.05 70500
1748145940238 -0.33 71000
1748145940640 -0.09 71500
1748145941043 -0.12 72000
1748145941446 -0.31 72500
1748145941852 0.36 73000
1748145942252 0.28 73500
1748145942668 -0.19 74000
1748145943076 0.06 74500
1748145943479 0.25 75000
1748145943874 -0.26 75500
1748145944274 0.08 76000
1748145944667 0.09 76500
1748145945052 0.22 77000
1748145945437 0.17 77500
1748145945831 -0.23 78000
1748145946224 -0.17 78500
1748145946613 0.15 79000
1748145947019 0.14 79500
1748145947408 0.16 80000
1748145947799 0.38 80500
1748145948189 0.12 81000
1748145948587 -0.23 81500
1748145948976 0.09 82000
1748145949370 -0.12 82500
1748145949758 -0.14 83000
1748145950149 -0.32 83500
1748145950585 -0.28 84000
1748145950974 -0.18 84500
1748145951365 -0.38 85000
1748145951757 -0.23 85500
1748145952148 -0.18 86000
1748145952533 0.13 86500
1748145952922 -0.21 87000
1748145953312 -0.15 87500
1748145953707 0.1 88000
1748145954108 -0.35 88500
1748145954502 -0.2 89000
1748145954901 -0.03 89500
