1748145884090 0.09140767824497258 500
1748145884478 0.18281535648994515 1000
1748145884873 0.2742230347349177 1500
1748145885278 0.3656307129798903 2000
1748145885682 0.4570383912248629 2500
1748145886084 0.5484460694698354 3000
1748145886475 0.6398537477148081 3500
1748145886871 0.7312614259597806 4000
1748145887270 0.8226691042047531 4500
1748145887663 0.9140767824497258 5000
1748145888057 1.0054844606946984 5500
1748145888456 1.0968921389396709 6000
1748145888848 1.1882998171846435 6500
1748145889239 1.2797074954296161 7000
1748145889640 1.3711151736745886 7500
1748145890067 1.4625228519195612 8000
1748145890461 1.5539305301645339 8500
1748145890856 1.6453382084095063 9000
1748145891254 1.736745886654479 9500
1748145891658 1.8281535648994516 10000
1748145892059 1.9195612431444242 10500
1748145892455 2.010968921389397 11000
1748145892855 2.1023765996343693 11500
1748145893251 2.1937842778793417 12000
1748145893650 2.2851919561243146 12500
1748145894041 2.376599634369287 13000
1748145894427 2.46800731261426 13500
1748145894816 2.5594149908592323 14000
1748145895216 2.6508226691042047 14500
1748145895614 2.742230347349177 15000
1748145896013 2.83363802559415 15500
1748145896414 2.9250457038391224 16000
1748145896812 3.0164533820840953 16500
1748145897204 3.1078610603290677 17000
1748145897606 3.19926873857404 17500
1748145898002 3.2906764168190126 18000
1748145898397 3.3820840950639854 18500
1748145898787 3.473491773308958 19000
1748145899178 3.5648994515539303 19500
1748145899572 3.656307129798903 20000
1748145899973 3.7477148080438756 20500
1748145900381 3.8391224862888484 21000
1748145900772 3.930530164533821 21500
1748145901163 4.021937842778794 22000
1748145901556 4.113345521023766 22500
1748145901956 4.204753199268739 23000
1748145902358 4.296160877513711 23500
1748145902750 4.387568555758683 24000
1748145903148 4.478976234003657 24500
1748145903552 4.570383912248629 25000
1748145903950 4.661791590493602 25500
1748145904355 4.753199268738574 26000
1748145904748 4.844606946983546 26500
1748145905140 4.93601462522852 27000
1748145905543 5.027422303473491 27500
1748145905938 5.118829981718465 28000
1748145906341 5.210237659963437 28500
1748145906741 5.301645338208409 29000
1748145907180 5.393053016453382 29500
1748145907566 5.484460694698354 30000
1748145907957 5.575868372943328 30500
1748145908346 5.6672760511883 31000
1748145908738 5.7586837294332724 31500
1748145909135 5.850091407678245 32000
1748145909531 5.941499085923217 32500
1748145909934 6.032906764168191 33000
1748145910340 6.124314442413162 33500
1748145910734 6.2157221206581355 34000
1748145911122 6.307129798903108 34500
1748145911508 6.39853747714808 35000
1748145911904 6.489945155393053 35500
1748145912302 6.581352833638025 36000
1748145912704 6.6727605118829985 36500
1748145913104 6.764168190127971 37000
1748145913499 6.855575868372943 37500
1748145913898 6.946983546617916 38000
1748145914293 7.038391224862889 38500
1748145914690 7.129798903107861 39000
1748145915130 7.221206581352833 39500
1748145915528 7.312614259597806 40000
1748145915991 7.40402193784278 40500
1748145916395 7.495429616087751 41000
1748145916797 7.586837294332724 41500
1748145917194 7.678244972577697 42000
1748145917597 7.769652650822668 42500
1748145917997 7.861060329067642 43000
1748145918390 7.952468007312614 43500
1748145918794 8.043875685557587 44000
1748145919194 8.135283363802559 44500
1748145919592 8.226691042047532 45000
1748145919982 8.318098720292506 45500
1748145920384 8.409506398537477 46000
1748145920854 8.500914076782449 46500
1748145921261 8.592321755027422 47000
1748145921723 8.683729433272395 47500
1748145922134 8.775137111517367 48000
1748145922533 8.86654478976234 48500
1748145922924 8.957952468007313 49000
1748145923323 9.049360146252285 49500
1748145923718 9.140767824497258 50000
1748145924110 9.23217550274223 50500
1748145924887 9.414990859232175 51500
1748145925277 9.506398537477148 52000
1748145925671 9.597806215722121 52500
1748145926064 9.689213893967093 53000
1748145926454 9.780621572212066 53500
1748145926856 9.87202925045704 54000
1748145927250 9.963436928702011 54500
1748145927635 10.054844606946983 55000
1748145928019 10.146252285191956 55500
1748145928404 10.23765996343693 56000
1748145928794 10.3290676416819 56500
1748145929185 10.420475319926874 57000
1748145929581 10.511882998171847 57500
1748145929974 10.603290676416819 58000
1748145930365 10.694698354661792 58500
1748145930759 10.786106032906764 59000
1748145931145 10.877513711151737 59500
1748145931532 10.968921389396709 60000
1748145931920 11.060329067641682 60500
1748145932311 11.151736745886655 61000
1748145932701 11.243144424131627 61500
1748145933095 11.3345521023766 62000
1748145933486 11.425959780621572 62500
1748145933876 11.517367458866545 63000
1748145934271 11.608775137111516 63500
1748145934656 11.70018281535649 64000
1748145935047 11.791590493601463 64500
1748145935439 11.882998171846435 65000
1748145935831 11.974405850091408 65500
1748145936228 12.065813528336381 66000
1748145936626 12.157221206581353 66500
1748145937084 12.248628884826324 67000
1748145937475 12.340036563071298 67500
1748145937867 12.431444241316271 68000
1748145938290 12.522851919561242 68500
1748145939068 12.705667276051189 69500
1748145939458 12.79707495429616 70000
1748145939851 12.888482632541134 70500
1748145940241 12.979890310786105 71000
1748145940643 13.071297989031077 71500
1748145941046 13.16270566727605 72000
1748145941449 13.254113345521024 72500
1748145941856 13.345521023765997 73000
1748145942255 13.43692870201097 73500
1748145942671 13.528336380255942 74000
1748145943079 13.619744058500913 74500
1748145943482 13.711151736745887 75000
1748145943878 13.802559414990858 75500
1748145944276 13.893967093235831 76000
1748145944670 13.985374771480805 76500
1748145945055 14.076782449725778 77000
1748145945441 14.168190127970751 77500
1748145945834 14.259597806215721 78000
1748145946227 14.351005484460694 78500
1748145946616 14.442413162705666 79000
1748145947022 14.53382084095064 79500
1748145947411 14.625228519195613 80000
1748145947801 14.716636197440586 80500
1748145948192 14.80804387568556 81000
1748145948590 14.899451553930529 81500
1748145948979 14.990859232175502 82000
1748145949372 15.082266910420476 82500
1748145949761 15.173674588665447 83000
1748145950152 15.26508226691042 83500
1748145950588 15.356489945155394 84000
1748145950977 15.447897623400367 84500
1748145951368 15.539305301645337 85000
1748145951759 15.63071297989031 85500
1748145952151 15.722120658135283 86000
1748145952536 15.813528336380255 86500
1748145952925 15.904936014625228 87000
1748145953315 15.996343692870202 87500
1748145953710 16.087751371115175 88000
1748145954111 16.179159049360145 88500
1748145954505 16.270566727605118 89000
1748145954904 16.36197440585009 89500
