1748149395618 8056.3 500
1748149420863 7520.12 1000
1748149445901 7757.920000000001 1500
1748149471666 9474.300000000001 2000
1748149497009 12273.364000000001 2500
1748149522062 11830.786666666667 3000
1748149547239 11843.637142857144 3500
1748149572482 10658.5625 4000
1748149598483 9615.74888888889 4500
1748149622139 8742.428 5000
1748149644569 8770.4 5500
1748149665142 8481.016666666666 6000
1748149685791 8542.30923076923 6500
1748149705283 8312.537142857142 7000
1748149723153 8993.916 7500
1748149739690 8812.841250000001 8000
1748149752813 9260.401176470588 8500
1748149766748 9472.725555555555 9000
1748149780450 10011.737894736842 9500
1748149790842 10026.905999999999 10000
