1748149395695 0.23866348448687352 500
1748149420939 0.23866348448687352 1000
1748149445978 0.2386634844868735 1500
1748149471732 0.23866348448687352 2000
1748149497086 0.23866348448687352 2500
1748149522129 0.23866348448687355 3000
1748149547305 0.23866348448687355 3500
1748149572557 0.23866348448687352 4000
1748149598552 0.34473614425881727 4500
1748149622205 0.5727923627684964 5000
1748149644626 0.5424170101974398 5500
1748149665214 0.5171042163882259 6000
1748149685858 0.4956856985496604 6500
1748149705337 0.47732696897374705 7000
1748149723204 0.4614160700079555 7500
1748149739716 0.44749403341288785 8000
1748149752846 0.4352098834760635 8500
1748149766782 0.42429063908777515 9000
1748149780468 0.41452078884562243 9500
1748149790861 0.405727923627685 10000
