1748149395653 1.0 500
1748149420900 1.0 1000
1748149445940 1.0 1500
1748149471701 1.0 2000
1748149497049 1.0 2500
1748149522095 1.0 3000
1748149547272 1.0 3500
1748149572523 1.0 4000
1748149598517 1.4444444444444444 4500
1748149622174 2.4 5000
1748149644599 2.272727272727273 5500
1748149665174 2.1666666666666665 6000
1748149685820 2.076923076923077 6500
1748149705311 2.0 7000
1748149723180 1.9333333333333333 7500
1748149739703 1.875 8000
1748149752832 1.8235294117647058 8500
1748149766765 1.7777777777777777 9000
1748149780459 1.736842105263158 9500
1748149790853 1.7 10000
