1748149395577 -19.44 500
1748149420830 -24.8 1000
1748149445870 -22.42 1500
1748149471633 -5.257500000000002 2000
1748149496972 22.733999999999998 2500
1748149522024 18.308333333333334 3000
1748149547200 18.437142857142856 3500
1748149572447 6.58625 4000
1748149598451 -3.842222222222222 4500
1748149622102 -12.575 5000
1748149644539 -12.295454545454545 5500
1748149665108 -15.189166666666667 6000
1748149685757 -14.576153846153847 6500
1748149705255 -16.87357142857143 7000
1748149723129 -10.060000000000002 7500
1748149739675 -11.870625000000002 8000
1748149752797 -7.395294117647062 8500
1748149766732 -5.272222222222224 9000
1748149780442 0.1178947368421035 9500
1748149790834 0.26949999999999835 10000
