1748149395370 500.0 500
1748149420633 1000.0 1000
1748149445700 1500.0 1500
1748149471456 2000.0 2000
1748149496785 2500.0 2500
1748149521839 3000.0 3000
1748149547014 3500.0 3500
1748149572241 4000.0 4000
1748149598285 4500.0 4500
1748149621940 5000.0 5000
1748149644389 5500.0 5500
1748149664935 6000.0 6000
1748149685607 6500.0 6500
1748149705100 7000.0 7000
1748149723002 7500.0 7500
1748149739616 8000.0 8000
1748149752719 8500.0 8500
1748149766650 9000.0 9000
1748149780398 9500.0 9500
1748149790787 10000.0 10000
