1748149395454 8056.3 500
1748149420719 6983.94 1000
1748149445765 8233.52 1500
1748149471529 14623.44 2000
1748149496859 23469.62 2500
1748149521915 9617.9 3000
1748149547090 11920.74 3500
1748149572340 2363.04 4000
1748149598356 1273.24 4500
1748149622002 882.54 5000
1748149644447 9050.12 5500
1748149665006 5297.8 6000
1748149685667 9277.82 6500
1748149705167 5325.5 7000
1748149723055 18533.22 7500
1748149739640 6096.72 8000
1748149752747 16421.36 8500
1748149766688 13082.24 9000
1748149780414 19713.96 9500
1748149790808 10315.1 10000
