1748149395534 0.23866348448687352 500
1748149420792 0.23866348448687352 1000
1748149445833 0.23866348448687352 1500
1748149471598 0.23866348448687352 2000
1748149496940 0.23866348448687352 2500
1748149521991 0.23866348448687352 3000
1748149547163 0.23866348448687352 3500
1748149572403 0.23866348448687352 4000
1748149598420 1.1933174224343674 4500
1748149622069 2.6252983293556085 5000
1748149644506 0.23866348448687352 5500
1748149665075 0.23866348448687352 6000
1748149685727 0.23866348448687352 6500
1748149705226 0.23866348448687352 7000
1748149723104 0.23866348448687352 7500
1748149739663 0.23866348448687352 8000
1748149752780 0.23866348448687352 8500
1748149766717 0.23866348448687352 9000
1748149780435 0.23866348448687352 9500
1748149790825 0.23866348448687352 10000
