1748149395329 500.0 500
1748149420594 500.0 1000
1748149445662 500.0 1500
1748149471417 500.0 2000
1748149496750 500.0 2500
1748149521799 500.0 3000
1748149546975 500.0 3500
1748149572239 500.0 4000
1748149598250 500.0 4500
1748149621906 500.0 5000
1748149644359 500.0 5500
1748149664900 500.0 6000
1748149685573 500.0 6500
1748149705069 500.0 7000
1748149722976 500.0 7500
1748149739598 500.0 8000
1748149752706 500.0 8500
1748149766636 500.0 9000
1748149780389 500.0 9500
1748149790778 500.0 10000
