1748149395408 -19.44 500
1748149420677 -30.16 1000
1748149445732 -17.66 1500
1748149471490 46.23 2000
1748149496822 134.7 2500
1748149521878 -3.82 3000
1748149547049 19.21 3500
1748149572301 -76.37 4000
1748149598320 -87.27 4500
1748149621967 -91.17 5000
1748149644417 -9.5 5500
1748149664967 -47.02 6000
1748149685638 -7.22 6500
1748149705127 -46.74 7000
1748149723030 85.33 7500
1748149739628 -39.03 8000
1748149752736 64.21 8500
1748149766664 30.82 9000
1748149780408 97.14 9500
1748149790796 3.15 10000
