1748149028723 11217.96 500
1748149058479 9100.949999999999 1000
1748149087454 7150.499999999999 1500
1748149116501 7269.564999999999 2000
1748149145656 10509.575999999997 2500
1748149174851 9656.363333333333 3000
1748149204467 8923.691428571428 3500
1748149233880 7834.67 4000
1748149262945 7237.484444444444 4500
1748149292222 6984.74 5000
1748149321332 6461.512727272727 5500
1748149350557 6261.005 6000
1748149379211 6185.209230769231 6500
1748149408372 5803.5028571428575 7000
1748149437002 5428.966666666668 7500
1748149466042 5159.96375 8000
1748149494310 4936.702352941176 8500
1748149523090 4719.941111111111 9000
1748149551637 4895.11052631579 9500
1748149580896 4737.577 10000
