1748149028761 44.0 500
1748149058535 22.5 1000
1748149087496 20.666666666666668 1500
1748149116535 18.25 2000
1748149145690 14.8 2500
1748149174877 13.166666666666666 3000
1748149204502 12.571428571428571 3500
1748149233913 12.875 4000
1748149262981 13.777777777777779 4500
1748149292258 14.9 5000
1748149321375 14.909090909090908 5500
1748149350600 15.25 6000
1748149379231 15.692307692307692 6500
1748149408408 16.0 7000
1748149437035 16.266666666666666 7500
1748149466080 16.6875 8000
1748149494355 16.823529411764707 8500
1748149523132 17.0 9000
1748149551675 16.894736842105264 9500
1748149580931 17.0 10000
