1748149028686 12.18 500
1748149058458 -8.99 1000
1748149087416 -28.493333333333336 1500
1748149116466 -27.302500000000002 2000
1748149145623 5.097999999999996 2500
1748149174815 -3.4350000000000036 3000
1748149204426 -10.761428571428572 3500
1748149233845 -21.65125 4000
1748149262910 -27.623333333333335 4500
1748149292189 -30.151 5000
1748149321293 -35.38363636363636 5500
1748149350521 -37.38916666666666 6000
1748149379176 -38.14692307692307 6500
1748149408334 -41.964285714285715 7000
1748149436964 -45.71 7500
1748149465999 -48.4 8000
1748149494271 -50.63235294117647 8500
1748149523048 -52.8 9000
1748149551596 -51.048421052631575 9500
1748149580866 -52.624 10000
