1748149028802 10.501193317422434 500
1748149058580 5.369928400954653 1000
1748149087531 4.932378679395385 1500
1748149116570 4.355608591885441 2000
1748149145725 3.532219570405728 2500
1748149174912 3.1424025457438347 3000
1748149204535 3.000340947834981 3500
1748149233956 3.0727923627684963 4000
1748149263014 3.288252452930257 4500
1748149292293 3.556085918854415 5000
1748149321416 3.5582555868952053 5500
1748149350643 3.639618138424821 6000
1748149379261 3.745180833486323 6500
1748149408449 3.8186157517899764 7000
1748149437063 3.882259347653142 7500
1748149466116 3.9826968973747015 8000
1748149494395 4.015162150779166 8500
1748149523172 4.05727923627685 9000
1748149551717 4.0321567642256 9500
1748149580963 4.05727923627685 10000
