1748149028513 500.0 500
1748149058258 1000.0 1000
1748149087248 1500.0 1500
1748149116280 2000.0 2000
1748149145443 2500.0 2500
1748149174640 3000.0 3000
1748149204227 3500.0 3500
1748149233661 4000.0 4000
1748149262747 4500.0 4500
1748149292014 5000.0 5000
1748149321102 5500.0 5500
1748149350337 6000.0 6000
1748149378997 6500.0 6500
1748149408139 7000.0 7000
1748149436795 7500.0 7500
1748149465805 8000.0 8000
1748149494074 8500.0 8500
1748149522852 9000.0 9000
1748149551412 9500.0 9500
1748149580683 10000.0 10000
