1748149028581 11217.96 500
1748149058335 6983.94 1000
1748149087316 3249.6 1500
1748149116354 7626.76 2000
1748149145515 23469.62 2500
1748149174707 5390.3 3000
1748149204306 4527.66 3500
1748149233734 211.52 4000
1748149262811 2460.0 4500
1748149292082 4710.04 5000
1748149321181 1229.24 5500
1748149350413 4055.42 6000
1748149379061 5275.66 6500
1748149408218 841.32 7000
1748149436863 185.46 7500
1748149465889 1124.92 8000
1748149494157 1364.52 8500
1748149522933 1035.0 9000
1748149551485 8048.16 9500
1748149580762 1744.44 10000
