1748149028548 12.18 500
1748149058293 -30.16 1000
1748149087281 -67.5 1500
1748149116318 -23.73 2000
1748149145480 134.7 2500
1748149174675 -46.1 3000
1748149204268 -54.72 3500
1748149233699 -97.88 4000
1748149262777 -75.4 4500
1748149292050 -52.9 5000
1748149321140 -87.71 5500
1748149350376 -59.45 6000
1748149379027 -47.24 6500
1748149408178 -91.59 7000
1748149436830 -98.15 7500
1748149465844 -88.75 8000
1748149494114 -86.35 8500
1748149522890 -89.65 9000
1748149551449 -19.52 9500
1748149580723 -82.56 10000
