1748149028654 10.501193317422434 500
1748149058421 0.23866348448687352 1000
1748149087384 4.05727923627685 1500
1748149116435 2.6252983293556085 2000
1748149145590 0.23866348448687352 2500
1748149174786 1.1933174224343674 3000
1748149204389 2.1479713603818613 3500
1748149233805 3.579952267303103 4000
1748149262878 5.011933174224343 4500
1748149292154 5.966587112171838 5000
1748149321255 3.579952267303103 5500
1748149350484 4.534606205250596 6000
1748149379137 5.011933174224343 6500
1748149408299 4.77326968973747 7000
1748149436928 4.77326968973747 7500
1748149465963 5.4892601431980905 8000
1748149494234 4.534606205250596 8500
1748149523010 4.77326968973747 9000
1748149551561 3.579952267303103 9500
1748149580833 4.534606205250596 10000
