1748149028484 500.0 500
1748149058225 500.0 1000
1748149087222 500.0 1500
1748149116247 500.0 2000
1748149145405 500.0 2500
1748149174605 500.0 3000
1748149204189 500.0 3500
1748149233627 500.0 4000
1748149262714 500.0 4500
1748149291981 500.0 5000
1748149321058 500.0 5500
1748149350292 500.0 6000
1748149378964 500.0 6500
1748149408099 500.0 7000
1748149436757 500.0 7500
1748149465763 500.0 8000
1748149494035 500.0 8500
1748149522809 500.0 9000
1748149551378 500.0 9500
1748149580644 500.0 10000
