1748149317479 2.1479713603818613 500
1748149341633 2.7446300715990453 1000
1748149365594 2.2275258552108195 1500
1748149389273 2.20763723150358 2000
1748149413470 2.0047732696897373 2500
1748149437145 1.909307875894988 3000
1748149461283 1.9434026593931129 3500
1748149484725 2.5954653937947496 4000
1748149508470 2.651816494298595 4500
1748149532237 2.7684964200477333 5000
1748149555633 2.9290518550661755 5500
1748149579878 2.7446300715990457 6000
1748149603624 2.5885808702037822 6500
1748149625237 2.42072962836686 7000
1748149646151 2.3866348448687353 7500
1748149665390 2.2523866348448687 8000
1748149684535 2.1620103888810895 8500
1748149702691 2.0551577830814107 9000
1748149719938 2.0851651802537368 9500
1748149735706 1.9928400954653935 10000
