1748149317441 9.0 500
1748149341594 11.5 1000
1748149365562 9.333333333333334 1500
1748149389231 9.25 2000
1748149413431 8.4 2500
1748149437114 8.0 3000
1748149461240 8.142857142857142 3500
1748149484689 10.875 4000
1748149508438 11.11111111111111 4500
1748149532200 11.6 5000
1748149555595 12.272727272727273 5500
1748149579835 11.5 6000
1748149603594 10.846153846153847 6500
1748149625206 10.142857142857142 7000
1748149646120 10.0 7500
1748149665355 9.4375 8000
1748149684497 9.058823529411764 8500
1748149702667 8.61111111111111 9000
1748149719919 8.736842105263158 9500
1748149735679 8.35 10000
