1748149317404 4204.62 500
1748149341562 3062.69 1000
1748149365526 5590.419999999999 1500
1748149389191 6022.08 2000
1748149413387 7692.128 2500
1748149437078 7418.043333333334 3000
1748149461200 7745.925714285715 3500
1748149484641 6790.1849999999995 4000
1748149508402 6309.053333333333 4500
1748149532160 5817.735999999999 5000
1748149555554 5297.941818181817 5500
1748149579795 5111.866666666666 6000
1748149603550 5337.3938461538455 6500
1748149625171 5498.607142857143 7000
1748149646086 5803.0160000000005 7500
1748149665328 5821.3724999999995 8000
1748149684465 6193.701176470588 8500
1748149702639 6500.572222222221 9000
1748149719899 6543.025263157894 9500
1748149735654 6618.909 10000
