1748149317368 -57.95 500
1748149341524 -69.37 1000
1748149365490 -44.093333333333334 1500
1748149389145 -39.7775 2000
1748149413352 -23.078000000000003 2500
1748149437045 -25.81833333333334 3000
1748149461151 -22.540000000000003 3500
1748149484608 -32.097500000000004 4000
1748149508370 -36.908888888888896 4500
1748149532115 -41.82200000000001 5000
1748149555512 -47.02 5500
1748149579754 -48.880833333333335 6000
1748149603512 -46.62538461538462 6500
1748149625138 -45.013571428571424 7000
1748149646058 -41.96933333333333 7500
1748149665289 -41.78562500000001 8000
1748149684435 -38.06235294117648 8500
1748149702611 -34.993888888888904 9000
1748149719875 -34.569473684210536 9500
1748149735626 -33.810500000000005 10000
