1748149317178 500.0 500
1748149341332 1000.0 1000
1748149365307 1500.0 1500
1748149388942 2000.0 2000
1748149413166 2500.0 2500
1748149436852 3000.0 3000
1748149460948 3500.0 3500
1748149484416 4000.0 4000
1748149508199 4500.0 4500
1748149531922 5000.0 5000
1748149555317 5500.0 5500
1748149579550 6000.0 6000
1748149603319 6500.0 6500
1748149624956 7000.0 7000
1748149645893 7500.0 7500
1748149665130 8000.0 8000
1748149684286 8500.0 8500
1748149702467 9000.0 9000
1748149719764 9500.0 9500
1748149735496 10000.0 10000
