1748149317218 -57.95 500
1748149341372 -80.79 1000
1748149365349 6.46 1500
1748149388979 -26.83 2000
1748149413206 43.72 2500
1748149436889 -39.52 3000
1748149460984 -2.87 3500
1748149484455 -99.0 4000
1748149508230 -75.4 4500
1748149531957 -86.04 5000
1748149555358 -99.0 5500
1748149579589 -69.35 6000
1748149603353 -19.56 6500
1748149624990 -24.06 7000
1748149645925 0.65 7500
1748149665161 -39.03 8000
1748149684315 21.51 8500
1748149702497 17.17 9000
1748149719789 -26.93 9500
1748149735522 -19.39 10000
