1748149317257 4204.62 500
1748149341413 1920.76 1000
1748149365385 10645.88 1500
1748149389026 7317.06 2000
1748149413241 14372.32 2500
1748149436928 6047.62 3000
1748149461028 9713.22 3500
1748149484492 100.0 4000
1748149508262 2460.0 4500
1748149531997 1395.88 5000
1748149555395 100.0 5500
1748149579634 3065.04 6000
1748149603388 8043.72 6500
1748149625025 7594.38 7000
1748149645958 10064.74 7500
1748149665195 6096.72 8000
1748149684341 12150.96 8500
1748149702529 11717.38 9000
1748149719812 7307.18 9500
1748149735553 8060.7 10000
