1748149317146 500.0 500
1748149341298 500.0 1000
1748149365271 500.0 1500
1748149388906 500.0 2000
1748149413133 500.0 2500
1748149436818 500.0 3000
1748149460913 500.0 3500
1748149484377 500.0 4000
1748149508166 500.0 4500
1748149531878 500.0 5000
1748149555278 500.0 5500
1748149579511 500.0 6000
1748149603274 500.0 6500
1748149624918 500.0 7000
1748149645866 500.0 7500
1748149665096 500.0 8000
1748149684258 500.0 8500
1748149702437 500.0 9000
1748149719742 500.0 9500
1748149735469 500.0 10000
