1748149317329 2.1479713603818613 500
1748149341482 3.341288782816229 1000
1748149365453 1.1933174224343674 1500
1748149389102 2.1479713603818613 2000
1748149413312 1.1933174224343674 2500
1748149437000 1.431980906921241 3000
1748149461109 2.1479713603818613 3500
1748149484572 7.159904534606206 4000
1748149508333 3.1026252983293556 4500
1748149532072 3.8186157517899764 5000
1748149555474 4.534606205250596 5500
1748149579717 0.7159904534606205 6000
1748149603470 0.7159904534606205 6500
1748149625102 0.23866348448687352 7000
1748149646024 1.9093078758949882 7500
1748149665254 0.23866348448687352 8000
1748149684404 0.7159904534606205 8500
1748149702585 0.23866348448687352 9000
1748149719856 2.6252983293556085 9500
1748149735597 0.23866348448687352 10000
