1748149030356 4.534606205250596 500
1748149061004 2.863961813842482 1000
1748149091343 3.4208432776451865 1500
1748149121527 3.5799522673031023 2000
1748149152122 3.102625298329355 2500
1748149182901 3.2219570405727924 3000
1748149213229 3.000340947834981 3500
1748149243981 3.013126491646778 4000
1748149274599 3.023070803500398 4500
1748149305117 3.221957040572793 5000
1748149335481 3.2545020611846396 5500
1748149365737 3.5998408910103428 6000
1748149396198 4.038920506700936 6500
1748149426072 4.193658370269349 7000
1748149456144 4.391408114558472 7500
1748149486124 4.639021479713604 8000
1748149516000 4.857503860732837 8500
1748149546073 5.118005833996287 9000
1748149576077 5.225474186659968 9500
1748149606364 5.214797136038186 10000
