1748149030316 19.0 500
1748149060962 12.0 1000
1748149091308 14.333333333333334 1500
1748149121488 15.0 2000
1748149152085 13.0 2500
1748149182861 13.5 3000
1748149213195 12.571428571428571 3500
1748149243937 12.625 4000
1748149274556 12.666666666666666 4500
1748149305079 13.5 5000
1748149335451 13.636363636363637 5500
1748149365700 15.083333333333334 6000
1748149396164 16.923076923076923 6500
1748149426035 17.571428571428573 7000
1748149456102 18.4 7500
1748149486086 19.4375 8000
1748149515956 20.352941176470587 8500
1748149546033 21.444444444444443 9000
1748149576039 21.894736842105264 9500
1748149606331 21.85 10000
