1748149030280 3574.8 500
1748149060928 6568.73 1000
1748149091276 5353.313333333333 1500
1748149121454 5237.605 2000
1748149152053 7968.6720000000005 2500
1748149182820 6678.823333333334 3000
1748149213162 6770.565714285715 3500
1748149243896 6004.51 4000
1748149274519 5610.675555555556 4500
1748149305045 5540.472 5000
1748149335415 5452.054545454545 5500
1748149365659 5335.668333333333 6000
1748149396128 5331.052307692307 6500
1748149425998 5042.435714285713 7000
1748149456066 4718.637333333333 7500
1748149486045 4494.03 8000
1748149515920 4267.947058823529 8500
1748149545996 4088.3388888888885 9000
1748149575998 3878.4263157894734 9500
1748149606293 3771.727 10000
