1748149030245 -64.25 500
1748149060893 -34.31 1000
1748149091240 -46.46666666666667 1500
1748149121418 -47.625 2000
1748149152023 -20.314 2500
1748149182778 -33.211666666666666 3000
1748149213127 -32.294285714285714 3500
1748149243861 -39.955 4000
1748149274481 -43.89333333333333 4500
1748149305009 -44.59499999999999 5000
1748149335385 -45.4790909090909 5500
1748149365622 -46.643333333333324 6000
1748149396094 -46.68923076923076 6500
1748149425957 -49.575714285714284 7000
1748149456024 -52.81399999999999 7500
1748149486003 -55.06 8000
1748149515888 -57.32058823529412 8500
1748149545960 -59.116666666666674 9000
1748149575952 -61.21578947368422 9500
1748149606257 -62.283 10000
