1748149030067 500.0 500
1748149060724 1000.0 1000
1748149091062 1500.0 1500
1748149121228 2000.0 2000
1748149151859 2500.0 2500
1748149182588 3000.0 3000
1748149212944 3500.0 3500
1748149243662 4000.0 4000
1748149274305 4500.0 4500
1748149304830 5000.0 5000
1748149335218 5500.0 5500
1748149365438 6000.0 6000
1748149395915 6500.0 6500
1748149425773 7000.0 7000
1748149455839 7500.0 7500
1748149485821 8000.0 8000
1748149515699 8500.0 8500
1748149545765 9000.0 9000
1748149575778 9500.0 9500
1748149606059 10000.0 10000
