1748149030207 4.534606205250596 500
1748149060856 1.1933174224343674 1000
1748149091210 4.534606205250596 1500
1748149121375 4.05727923627685 2000
1748149151990 1.1933174224343674 2500
1748149182741 3.8186157517899764 3000
1748149213091 1.6706443914081146 3500
1748149243822 3.1026252983293556 4000
1748149274442 3.1026252983293556 4500
1748149304976 5.011933174224343 5000
1748149335354 3.579952267303103 5500
1748149365586 7.398568019093078 6000
1748149396054 9.307875894988067 6500
1748149425918 6.205250596658711 7000
1748149455984 7.159904534606206 7500
1748149485966 8.353221957040573 8000
1748149515847 8.353221957040573 8500
1748149545920 9.54653937947494 9000
1748149575909 7.159904534606206 9500
1748149606222 5.011933174224343 10000
