1748149030032 500.0 500
1748149060690 500.0 1000
1748149091021 500.0 1500
1748149121195 500.0 2000
1748149151826 500.0 2500
1748149182557 500.0 3000
1748149212913 500.0 3500
1748149243622 500.0 4000
1748149274270 500.0 4500
1748149304792 500.0 5000
1748149335187 500.0 5500
1748149365401 500.0 6000
1748149395881 500.0 6500
1748149425737 500.0 7000
1748149455806 500.0 7500
1748149485779 500.0 8000
1748149515661 500.0 8500
1748149545729 500.0 9000
1748149575703 500.0 9500
1748149606022 500.0 10000
