1748149030140 3574.8 500
1748149060793 9562.66 1000
1748149091143 2922.48 1500
1748149121297 4890.48 2000
1748149151923 18892.94 2500
1748149182666 229.58 3000
1748149213013 7321.02 3500
1748149243744 642.12 4000
1748149274371 2460.0 4500
1748149304902 4908.64 5000
1748149335286 4567.88 5500
1748149365509 4055.42 6000
1748149395982 5275.66 6500
1748149425844 1290.42 7000
1748149455911 185.46 7500
1748149485892 1124.92 8000
1748149515780 650.62 8500
1748149545840 1035.0 9000
1748149575827 100.0 9500
1748149606137 1744.44 10000
