1748149030101 -64.25 500
1748149060757 -4.37 1000
1748149091106 -70.78 1500
1748149121257 -51.1 2000
1748149151890 88.93 2500
1748149182630 -97.7 3000
1748149212978 -26.79 3500
1748149243700 -93.58 4000
1748149274341 -75.4 4500
1748149304869 -50.91 5000
1748149335254 -54.32 5500
1748149365472 -59.45 6000
1748149395950 -47.24 6500
1748149425807 -87.1 7000
1748149455877 -98.15 7500
1748149485856 -88.75 8000
1748149515735 -93.49 8500
1748149545798 -89.65 9000
1748149575795 -99.0 9500
1748149606099 -82.56 10000
