1748149022670 -81.98 500
1748149045948 -60.34 1000
1748149069078 -73.22000000000001 1500
1748149091946 -72.97 2000
1748149114229 -74.138 2500
1748149137317 -78.065 3000
1748149160556 -79.59285714285714 3500
1748149183696 -81.4725 4000
1748149206725 -82.12666666666667 4500
1748149229933 -83.466 5000
1748149252970 -83.7990909090909 5500
1748149276160 -84.355 6000
1748149299169 -84.80923076923077 6500
1748149322250 -83.78571428571429 7000
1748149345226 -84.13333333333334 7500
1748149368126 -85.0625 8000
1748149391087 -85.2964705882353 8500
1748149414166 -85.49499999999999 9000
1748149436664 -85.74684210526316 9500
1748149459848 -86.0055 10000
