1748149022701 1801.5 500
1748149045984 3965.67 1000
1748149069113 2677.646666666667 1500
1748149091980 2702.7250000000004 2000
1748149114276 2586.04 2500
1748149137353 2193.2966666666666 3000
1748149160599 2040.537142857143 3500
1748149183731 1852.585 4000
1748149206760 1787.1888888888889 4500
1748149229969 1653.306 5000
1748149253009 1619.9872727272727 5500
1748149276200 1564.4216666666669 6000
1748149299201 1518.9984615384615 6500
1748149322287 1621.3714285714286 7000
1748149345265 1586.612 7500
1748149368185 1493.69875 8000
1748149391129 1470.3176470588237 8500
1748149414207 1450.4466666666667 9000
1748149436695 1425.2863157894737 9500
1748149459887 1399.4070000000002 10000
