1748149022732 16.0 500
1748149046018 8.5 1000
1748149069156 25.333333333333332 1500
1748149092014 30.75 2000
1748149114315 38.4 2500
1748149137387 37.333333333333336 3000
1748149160634 50.42857142857143 3500
1748149183771 55.375 4000
1748149206797 60.111111111111114 4500
1748149230010 60.1 5000
1748149253045 64.45454545454545 5500
1748149276244 62.75 6000
1748149299238 59.69230769230769 6500
1748149322325 57.285714285714285 7000
1748149345305 58.0 7500
1748149368219 56.5625 8000
1748149391166 55.8235294117647 8500
1748149414244 54.833333333333336 9000
1748149436732 56.526315789473685 9500
1748149459923 57.9 10000
