1748149022766 3.8186157517899764 500
1748149046057 2.028639618138425 1000
1748149069198 6.046141607000796 1500
1748149092042 7.3389021479713605 2000
1748149114355 9.164677804295943 2500
1748149137424 8.910103420843278 3000
1748149160669 12.03545857483805 3500
1748149183815 13.21599045346062 4000
1748149206833 14.346327234155398 4500
1748149230047 14.343675417661098 5000
1748149253081 15.382946409199393 5500
1748149276283 14.976133651551313 6000
1748149299280 14.246374150908757 6500
1748149322363 13.67200818274804 7000
1748149345339 13.842482100238664 7500
1748149368254 13.499403341288783 8000
1748149391208 13.323038045767234 8500
1748149414282 13.086714399363565 9000
1748149436766 13.490767491521165 9500
1748149459960 13.818615751789974 10000
