1748149022508 500.0 500
1748149045772 1000.0 1000
1748149068903 1500.0 1500
1748149091780 2000.0 2000
1748149114053 2500.0 2500
1748149137114 3000.0 3000
1748149160367 3500.0 3500
1748149183486 4000.0 4000
1748149206536 4500.0 4500
1748149229727 5000.0 5000
1748149252780 5500.0 5500
1748149275969 6000.0 6000
1748149298987 6500.0 6500
1748149322039 7000.0 7000
1748149345031 7500.0 7500
1748149367934 8000.0 8000
1748149390893 8500.0 8500
1748149413978 9000.0 9000
1748149436450 9500.0 9500
1748149459631 10000.0 10000
