1748149022641 3.8186157517899764 500
1748149045913 0.23866348448687352 1000
1748149069046 14.081145584725538 1500
1748149091915 11.217183770883054 2000
1748149114193 16.467780429594274 2500
1748149137275 7.637231503579953 3000
1748149160515 30.787589498806682 3500
1748149183649 21.479713603818613 4000
1748149206687 23.389021479713605 4500
1748149229892 14.319809069212411 5000
1748149252929 25.775656324582343 5500
1748149276120 10.501193317422434 6000
1748149299133 5.4892601431980905 6500
1748149322213 6.205250596658711 7000
1748149345184 16.2291169451074 7500
1748149368087 8.353221957040573 8000
1748149391046 10.501193317422434 8500
1748149414127 9.069212410501192 9000
1748149436621 20.763723150357997 9500
1748149459805 20.047732696897373 10000
