1748149022539 -81.98 500
1748149045810 -38.7 1000
1748149068935 -98.98 1500
1748149091813 -72.22 2000
1748149114094 -78.81 2500
1748149137153 -97.7 3000
1748149160404 -88.76 3500
1748149183521 -94.63 4000
1748149206566 -87.36 4500
1748149229772 -95.52 5000
1748149252818 -87.13 5500
1748149276003 -90.47 6000
1748149299022 -90.26 6500
1748149322086 -70.48 7000
1748149345067 -89.0 7500
1748149367970 -99.0 8000
1748149390928 -89.04 8500
1748149414019 -88.87 9000
1748149436487 -90.28 9500
1748149459674 -90.92 10000
