1748149022570 1801.5 500
1748149045847 6129.84 1000
1748149068967 101.6 1500
1748149091851 2777.96 2000
1748149114130 2119.3 2500
1748149137193 229.58 3000
1748149160443 1123.98 3500
1748149183558 536.92 4000
1748149206607 1264.02 4500
1748149229817 448.36 5000
1748149252854 1286.8 5500
1748149276044 953.2 6000
1748149299055 973.92 6500
1748149322129 2952.22 7000
1748149345106 1099.98 7500
1748149368008 100.0 8000
1748149390965 1096.22 8500
1748149414053 1112.64 9000
1748149436533 972.4 9500
1748149459717 907.7 10000
