1748149022477 500.0 500
1748149045740 500.0 1000
1748149068868 500.0 1500
1748149091747 500.0 2000
1748149114014 500.0 2500
1748149137081 500.0 3000
1748149160332 500.0 3500
1748149183452 500.0 4000
1748149206501 500.0 4500
1748149229687 500.0 5000
1748149252736 500.0 5500
1748149275937 500.0 6000
1748149298954 500.0 6500
1748149322002 500.0 7000
1748149344994 500.0 7500
1748149367895 500.0 8000
1748149390856 500.0 8500
1748149413946 500.0 9000
1748149436413 500.0 9500
1748149459592 500.0 10000
